0,1,2,3,4,5,6,7,8,9,10,11,12,13,14,15,16,17,18,19,20,21,22,23,24,25,26,27,28,29,30,31,32,33,34,35,36,37,38,39,40,41,42,43,44,45,46,47,48,49,50,51,52,53,54,55,56,57,58,59,60,61,62,63,64,65,66,67,68,69,70,71,72,73,74,75,76,77,78,79,80,81,82,83,84,85,86,87,88,89,90,91,92,93,94,95,96,97,98,99,100,101,102,103,104,105,106,107,108,109,110,111,112,113,114,115,116,117,118,119,120,121,122,123,124,125,126,127,128,129,130,131,132,133,134,135,136,137,138,139,140,141,142,143,144,145,146,147,148,149,150,151,152,153,154,155,156,157,158,159,160,161,162,163,164,165,166,167,168,169,170,171,172,173,174,175,176,177,178,179,180,181,182,183,184,185,186,187,188,189,190,191,192,193,194,195,196,197,198,199,200,201,202,203,204,205,206,207,208,209,210,211,212,213,214,215,216,217,218,219,220,221,222,223,224,225,226,227,228,229,230,231,232,233,234,235,236,237,238,239,240,241,242,243,244,245,246,247,248,249,250,251,252,253,254,255,256,257,258,259,260,261,262,263,264,265,266,267,268,269,270,271,272,273,274,275,276,277,278,279,280,281,282,283,284,285,286,287,288,289,290,291,292,293,294,295,296,297,298,299,300,301,302,303,304,305,306,307,308,309,310,311,312,313,314,315,316,317,318,319,320,321,322,323,324,325,326,327,328,329,330,331,332,333,334,335,336,337,338,339,340,341,342,343,344,345,346,347,348,349,350,351,352,353,354,355,356,357,358,359,360,361,362,363,364,365,366,367,368,369,370,371,372,373,374,375,376,377,378,379,380,381,382,383,384,385,386,387,388,389,390,391,392,393,394,395,396,397,398,399,400,401,402,403,404,405,406,407,408,409,410,411,412,413,414,415,416,417,418,419,420,421,422,423,424,425,426,427,428,429,430,431,432,433,434,435,436,437,438,439,440,441,442,443,444,445,446,447,448,449,450,451,452,453,454,455,456,457,458,459,460,461,462,463,464,465,466,467,468,469,470,471,472,473,474,475,476,477,478,479,480,481,482,483,484,485,486,487,488,489,490,491,492,493,494,495,496,497,498,499,500,501,502,503,504,505,506,507,508,509,510,511,512,513,514,515,516,517,518,519,520,521,522,523,524,525,526,527,528,529,530,531,532,533,534,535,536,537,538,539,540,541,542,543,544,545,546,547,548,549,550,551,552,553,554,555,556,557,558,559,560,561,562,563,564,565,566,567,568,569,570,571,572,573,574,575,576,577,578,579,580,581,582,583,584,585,586,587,588,589,590,591,592,593,594,595,596,597,598,599,600,601,602,603,604,605,606,607,608,609,610,611,612,613,614,615,616,617,618,619,620,621,622,623,624,625,626,627,628,629,630,631,632,633,634,635,636,637,638,639,640,641,642,643,644,645,646,647,648,649,650,651,652,653,654,655,656,657,658,659,660,661,662,663,664,665,666,667,668,669,670,671,672,673,674,675,676,677,678,679,680,681,682,683,684,685,686,687,688,689,690,691,692,693,694,695,696,697,698,699,700,701,702,703,704,705,706,707,708,709,710,711,712,713,714,715,716,717,718,719,720,721,722,723,724,725,726,727,728,729,730,731,732,733,734,735,736,737,738,739,740,741,742,743,744,745,746,747,748,749,750,751,752,753,754,755,756,757,758,759,760,761,762,763,764,765,766,767,768,769,770,771,772,773,774,775,776,777,778,779,780,781,782,783,784,785,786,787,788,789,790,791,792,793,794,795,796,797,798,799,800,801,802,803,804,805,806,807,808,809,810,811,812,813,814,815,816,817,818,819,820,821,822,823,824,825,826,827,828,829,830,831,832,833,834,835,836,837,838,839,840,841,842,843,844,845,846,847,848,849,850,851,852,853,854,855,856,857,858,859,860,861,862,863,864,865,866,867,868,869,870,871,872,873,874,875,876,877,878,879,880,881,882,883,884,885,886,887,888,889,890,891,892,893,894,895,896,897,898,899,900,901,902,903,904,905,906,907,908,909,910,911,912,913,914,915,916,917,918,919,920,921,922,923,924,925,926,927,928,929,930,931,932,933,934,935,936,937,938,939,940,941,942,943,944,945,946,947,948,949,950,951,952,953,954,955,956,957,958,959,960,961,962,963,964,965,966,967,968,969,970,971,972,973,974,975,976,977,978,979,980,981,982,983,984,985,986,987,988,989,990,991,992,993,994,995,996,997,998,999,1000,1001,1002,1003,1004,1005,1006,1007,1008,1009,1010,1011,1012,1013,1014,1015,1016,1017,1018,1019,1020,1021,1022,1023,1024,1025,1026,1027,1028,1029,1030,1031,1032,1033,1034,1035,1036,1037,1038,1039,1040,1041,1042,1043,1044,1045,1046,1047,1048,1049,1050,1051,1052,1053,1054,1055,1056,1057,1058,1059,1060,1061,1062,1063,1064,1065,1066,1067,1068,1069,1070,1071,1072,1073,1074,1075,1076,1077,1078,1079,1080,1081,1082,1083,1084,1085,1086,1087,1088,1089,1090,1091,1092,1093,1094,1095,1096,1097,1098,1099,1100,1101,1102,1103,1104,1105,1106,1107,1108,1109,1110,1111,1112,1113,1114,1115,1116,1117,1118,1119,1120,1121,1122,1123,1124,1125,1126,1127,1128,1129,1130,1131,1132,1133,1134,1135,1136,1137,1138,1139,1140,1141,1142,1143,1144,1145,1146,1147,1148,1149,1150,1151,1152,1153,1154,1155,1156,1157,1158,1159,1160,1161,1162,1163,1164,1165,1166,1167,1168,1169,1170,1171,1172,1173,1174,1175,1176,1177,1178,1179,1180,1181,1182,1183,1184,1185,1186,1187,1188,1189,1190,1191,1192,1193,1194,1195,1196,1197,1198,1199,1200,1201,1202,1203,1204,1205,1206,1207,1208,1209,1210,1211,1212,1213,1214,1215,1216,1217,1218,1219,1220,1221,1222,1223,1224,1225,1226,1227,1228,1229,1230,1231,1232,1233,1234,1235,1236,1237,1238,1239,1240,1241,1242,1243,1244,1245,1246,1247,1248,1249,1250,1251,1252,1253,1254,1255,1256,1257,1258,1259,1260,1261,1262,1263,1264,1265,1266,1267,1268,1269,1270,1271,1272,1273,1274,1275,1276,1277,1278,1279,1280,1281,1282,1283,1284,1285,1286,1287,1288,1289,1290,1291,1292,1293,1294,1295,1296,1297,1298,1299,1300,1301,1302,1303,1304,1305,1306,1307,1308,1309,1310,1311,1312,1313,1314,1315,1316,1317,1318,1319,1320,1321,1322,1323,1324,1325,1326,1327,1328,1329,1330,1331,1332,1333,1334,1335,1336,1337,1338,1339,1340,1341,1342,1343,1344,1345,1346,1347,1348,1349,1350,1351,1352,1353,1354,1355,1356,1357,1358,1359,1360,1361,1362,1363,1364,1365,1366,1367,1368,1369,1370,1371,1372,1373,1374,1375,1376,1377,1378,1379,1380,1381,1382,1383,1384,1385,1386,1387,1388,1389,1390,1391,1392,1393,1394,1395,1396,1397,1398,1399,1400,1401,1402,1403,1404,1405,1406,1407,1408,1409,1410,1411,1412,1413,1414,1415,1416,1417,1418,1419,1420,1421,1422,1423,1424,1425,1426,1427,1428,1429,1430,1431,1432,1433,1434,1435,1436,1437,1438,1439,1440,1441,1442,1443,1444,1445,1446,1447,1448,1449,1450,1451,1452,1453,1454,1455,1456,1457,1458,1459,1460,1461,1462,1463,1464,1465,1466,1467,1468,1469,1470,1471,1472,1473,1474,1475,1476,1477,1478,1479,1480,1481,1482,1483,1484,1485,1486,1487,1488,1489,1490,1491,1492,1493,1494,1495,1496,1497,1498,1499,1500,1501,1502,1503,1504,1505,1506,1507,1508,1509,1510,1511,1512,1513,1514,1515,1516,1517,1518,1519,1520,1521,1522,1523,1524,1525,1526,1527,1528,1529,1530,1531,1532,1533,1534,1535,1536,1537,1538,1539,1540,1541,1542,1543,1544,1545,1546,1547,1548,1549,1550,1551,1552,1553,1554,1555,1556,1557,1558,1559,1560,1561,1562,1563,1564,1565,1566,1567,1568,1569,1570,1571,1572,1573,1574,1575,1576,1577,1578,1579,1580,1581,1582,1583,1584,1585,1586,1587,1588,1589,1590,1591,1592,1593,1594,1595,1596,1597,1598,1599,1600,1601,1602,1603,1604,1605,1606,1607,1608,1609,1610,1611,1612,1613,1614,1615,1616,1617,1618,1619,1620,1621,1622,1623,1624,1625,1626,1627,1628,1629,1630,1631,1632,1633,1634,1635,1636,1637,1638,1639,1640,1641,1642,1643,1644,1645,1646,1647,1648,1649,1650,1651,1652,1653,1654,1655,1656,1657,1658,1659,1660,1661,1662,1663,1664,1665,1666,1667,1668,1669,1670,1671,1672,1673,1674,1675,1676,1677,1678,1679,1680,1681,1682,1683,1684,1685,1686,1687,1688,1689,1690,1691,1692,1693,1694,1695,1696,1697,1698,1699,1700,1701,1702,1703,1704,1705,1706,1707,1708,1709,1710,1711,1712,1713,1714,1715,1716,1717,1718,1719,1720,1721,1722,1723,1724,1725,1726,1727,1728,1729,1730,1731,1732,1733,1734,1735,1736,1737,1738,1739,1740,1741,1742,1743,1744,1745,1746,1747,1748,1749,1750,1751,1752,1753,1754,1755,1756,1757,1758,1759,1760,1761,1762,1763,1764,1765,1766,1767,1768,1769,1770,1771,1772,1773,1774,1775,1776,1777,1778,1779,1780,1781,1782,1783,1784,1785,1786,1787,1788,1789,1790,1791,1792,1793,1794,1795,1796,1797,1798,1799,1800,1801,1802,1803,1804,1805,1806,1807,1808,1809,1810,1811,1812,1813,1814,1815,1816,1817,1818,1819,1820,1821,1822,1823,1824,1825,1826,1827,1828,1829,1830,1831,1832,1833,1834,1835,1836,1837,1838,1839,1840,1841,1842,1843,1844,1845,1846,1847,1848,1849,1850,1851,1852,1853,1854,1855,1856,1857,1858,1859,1860,1861,1862,1863,1864,1865,1866,1867,1868,1869,1870,1871,1872,1873,1874,1875,1876,1877,1878,1879,1880,1881,1882,1883,1884,1885,1886,1887,1888,1889,1890,1891,1892,1893,1894,1895,1896,1897,1898,1899,1900,1901,1902,1903,1904,1905,1906,1907,1908,1909,1910,1911,1912,1913,1914,1915,1916,1917,1918,1919,1920,1921,1922,1923,1924,1925,1926,1927,1928,1929,1930,1931,1932,1933,1934,1935,1936,1937,1938,1939,1940,1941,1942,1943,1944,1945,1946,1947,1948,1949,1950,1951,1952,1953,1954,1955,1956,1957,1958,1959,1960,1961,1962,1963,1964,1965,1966,1967,1968,1969,1970,1971,1972,1973,1974,1975,1976,1977,1978,1979,1980,1981,1982,1983,1984,1985,1986,1987,1988,1989,1990,1991,1992,1993,1994,1995,1996,1997,1998,1999,2000,2001,2002,2003,2004,2005,2006,2007,2008,2009,2010,2011,2012,2013,2014,2015,2016,2017,2018,2019,2020,2021,2022,2023,2024,2025,2026,2027,2028,2029,2030,2031,2032,2033,2034,2035,2036,2037,2038,2039,2040,2041,2042,2043,2044,2045,2046,2047,2048,2049,2050,2051,2052,2053,2054,2055,2056,2057,2058,2059,2060,2061,2062,2063,2064,2065,2066,2067,2068,2069,2070,2071,2072,2073,2074,2075,2076,2077,2078,2079,2080,2081,2082,2083,2084,2085,2086,2087,2088,2089,2090,2091,2092,2093,2094,2095,2096,2097,2098,2099,2100,2101,2102,2103,2104,2105,2106,2107,2108,2109,2110,2111,2112,2113,2114,2115,2116,2117,2118,2119,2120,2121,2122,2123,2124,2125,2126,2127,2128,2129,2130,2131,2132,2133,2134,2135,2136,2137,2138,2139,2140,2141,2142,2143,2144,2145,2146,2147,2148,2149,2150,2151,2152,2153,2154,2155,2156,2157,2158,2159,2160,2161,2162,2163,2164,2165,2166,2167,2168,2169,2170,2171,2172,2173,2174,2175,2176,2177,2178,2179,2180,2181,2182,2183,2184,2185,2186,2187,2188,2189,2190,2191,2192,2193,2194,2195,2196,2197,2198,2199,2200,2201,2202,2203,2204,2205,2206,2207,2208,2209,2210,2211,2212,2213,2214,2215,2216,2217,2218,2219,2220,2221,2222,2223,2224,2225,2226,2227,2228,2229,2230,2231,2232,2233,2234,2235,2236,2237,2238,2239,2240,2241,2242,2243,2244,2245,2246,2247,2248,2249,2250,2251,2252,2253,2254,2255,2256,2257,2258,2259,2260,2261,2262,2263,2264,2265,2266,2267,2268,2269,2270,2271,2272,2273,2274,2275,2276,2277,2278,2279,2280,2281,2282,2283,2284,2285,2286,2287,2288,2289,2290,2291,2292,2293,2294,2295,2296,2297,2298,2299,2300,2301,2302,2303,2304,2305,2306,2307,2308,2309,2310,2311,2312,2313,2314,2315,2316,2317,2318,2319,2320,2321,2322,2323,2324,2325,2326,2327,2328,2329,2330,2331,2332,2333,2334,2335,2336,2337,2338,2339,2340,2341,2342,2343,2344,2345,2346,2347,2348,2349,2350,2351,2352,2353,2354,2355,2356,2357,2358,2359,2360,2361,2362,2363,2364,2365,2366,2367,2368,2369,2370,2371,2372,2373,2374,2375,2376,2377,2378,2379,2380,2381,2382,2383,2384,2385,2386,2387,2388,2389,2390,2391,2392,2393,2394,2395,2396,2397,2398,2399,2400,2401,2402,2403,2404,2405,2406,2407,2408,2409,2410,2411,2412,2413,2414,2415,2416,2417,2418,2419,2420,2421,2422,2423,2424,2425,2426,2427,2428,2429,2430,2431,2432,2433,2434,2435,2436,2437,2438,2439,2440,2441,2442,2443,2444,2445,2446,2447,2448,2449,2450,2451,2452,2453,2454,2455,2456,2457,2458,2459,2460,2461,2462,2463,2464,2465,2466,2467,2468,2469,2470,2471,2472,2473,2474,2475,2476,2477,2478,2479,2480,2481,2482,2483,2484,2485,2486,2487,2488,2489,2490,2491,2492,2493,2494,2495,2496,2497,2498,2499,2500,2501,2502,2503,2504,2505,2506,2507,2508,2509,2510,2511,2512,2513,2514,2515,2516,2517,2518,2519,2520,2521,2522,2523,2524,2525,2526,2527,2528,2529,2530,2531,2532,2533,2534,2535,2536,2537,2538,2539,2540,2541,2542,2543,2544,2545,2546,2547,2548,2549,2550,2551,2552,2553,2554,2555,2556,2557,2558,2559,2560,2561,2562,2563,2564,2565,2566,2567,2568,2569,2570,2571,2572,2573,2574,2575,2576,2577,2578,2579,2580,2581,2582,2583,2584,2585,2586,2587,2588,2589,2590,2591,2592,2593,2594,2595,2596,2597,2598,2599,2600,2601,2602,2603,2604,2605,2606,2607,2608,2609,2610,2611,2612,2613,2614,2615,2616,2617,2618,2619,2620,2621,2622,2623,2624,2625,2626,2627,2628,2629,2630,2631,2632,2633,2634,2635,2636,2637,2638,2639,2640,2641,2642,2643,2644,2645,2646,2647,2648,2649,2650,2651,2652,2653,2654,2655,2656,2657,2658,2659,2660,2661,2662,2663,2664,2665,2666,2667,2668,2669,2670,2671,2672,2673,2674,2675,2676,2677,2678,2679,2680,2681,2682,2683,2684,2685,2686,2687,2688,2689,2690,2691,2692,2693,2694,2695,2696,2697,2698,2699,2700,2701,2702,2703,2704,2705,2706,2707,2708,2709,2710,2711,2712,2713,2714,2715,2716,2717,2718,2719,2720,2721,2722,2723,2724,2725,2726,2727,2728,2729,2730,2731,2732,2733,2734,2735,2736,2737,2738,2739,2740,2741,2742,2743,2744,2745,2746,2747,2748,2749,2750,2751,2752,2753,2754,2755,2756,2757,2758,2759,2760,2761,2762,2763,2764,2765,2766,2767,2768,2769,2770,2771,2772,2773,2774,2775,2776,2777,2778,2779,2780,2781,2782,2783,2784,2785,2786,2787,2788,2789,2790,2791,2792,2793,2794,2795,2796,2797,2798,2799,2800,2801,2802,2803,2804,2805,2806,2807,2808,2809,2810,2811,2812,2813,2814,2815,2816,2817,2818,2819,2820,2821,2822,2823,2824,2825,2826,2827,2828,2829,2830,2831,2832,2833,2834,2835,2836,2837,2838,2839,2840,2841,2842,2843,2844,2845,2846,2847,2848,2849,2850,2851,2852,2853,2854,2855,2856,2857,2858,2859,2860,2861,2862,2863,2864,2865,2866,2867,2868,2869,2870,2871,2872,2873,2874,2875,2876,2877,2878,2879,2880,2881,2882,2883,2884,2885,2886,2887,2888,2889,2890,2891,2892,2893,2894,2895,2896,2897,2898,2899,2900,2901,2902,2903,2904,2905,2906,2907,2908,2909,2910,2911,2912,2913,2914,2915,2916,2917,2918,2919,2920,2921,2922,2923,2924,2925,2926,2927,2928,2929,2930,2931,2932,2933,2934,2935,2936,2937,2938,2939,2940,2941,2942,2943,2944,2945,2946,2947,2948,2949,2950,2951,2952,2953,2954,2955,2956,2957,2958,2959,2960,2961,2962,2963,2964,2965,2966,2967,2968,2969,2970,2971,2972,2973,2974,2975,2976,2977,2978,2979,2980,2981,2982,2983,2984,2985,2986,2987,2988,2989,2990,2991,2992,2993,2994,2995,2996,2997,2998,2999,3000,3001,3002,3003,3004,3005,3006,3007,3008,3009,3010,3011,3012,3013,3014,3015,3016,3017,3018,3019,3020,3021,3022,3023,3024,3025,3026,3027,3028,3029,3030,3031,3032,3033,3034,3035,3036,3037,3038,3039,3040,3041,3042,3043,3044,3045,3046,3047,3048,3049,3050,3051,3052,3053,3054,3055,3056,3057,3058,3059,3060,3061,3062,3063,3064,3065,3066,3067,3068,3069,3070,3071,3072,3073,3074,3075,3076,3077,3078,3079,3080,3081,3082,3083,3084,3085,3086,3087,3088,3089,3090,3091,3092,3093,3094,3095,3096,3097,3098,3099,3100,3101,3102,3103,3104,3105,3106,3107,3108,3109,3110,3111,3112,3113,3114,3115,3116,3117,3118,3119,3120,3121,3122,3123,3124,3125,3126,3127,3128,3129,3130,3131,3132,3133,3134,3135,3136,3137,3138,3139,3140,3141,3142,3143,3144,3145,3146,3147,3148,3149,3150,3151,3152,3153,3154,3155,3156,3157,3158,3159,3160,3161,3162,3163,3164,3165,3166,3167,3168,3169,3170,3171,3172,3173,3174,3175,3176,3177,3178,3179,3180,3181,3182,3183,3184,3185,3186,3187,3188,3189,3190,3191,3192,3193,3194,3195,3196,3197,3198,3199,3200,3201,3202,3203,3204,3205,3206,3207,3208,3209,3210,3211,3212,3213,3214,3215,3216,3217,3218,3219,3220,3221,3222,3223,3224,3225,3226,3227,3228,3229,3230,3231,3232,3233,3234,3235,3236,3237,3238,3239,3240,3241,3242,3243,3244,3245,3246,3247,3248,3249,3250,3251,3252,3253,3254,3255,3256,3257,3258,3259,3260,3261,3262,3263,3264,3265,3266,3267,3268,3269,3270,3271,3272,3273,3274,3275,3276,3277,3278,3279,3280,3281,3282,3283,3284,3285,3286,3287,3288,3289,3290,3291,3292,3293,3294,3295,3296,3297,3298,3299,3300,3301,3302,3303,3304,3305,3306,3307,3308,3309,3310,3311,3312,3313,3314,3315,3316,3317,3318,3319,3320,3321,3322,3323,3324,3325,3326,3327,3328,3329,3330,3331,3332,3333,3334,3335,3336,3337,3338,3339,3340,3341,3342,3343,3344,3345,3346,3347,3348,3349,3350,3351,3352,3353,3354,3355,3356,3357,3358,3359,3360,3361,3362,3363,3364,3365,3366,3367,3368,3369,3370,3371,3372,3373,3374,3375,3376,3377,3378,3379,3380,3381,3382,3383,3384,3385,3386,3387,3388,3389,3390,3391,3392,3393,3394,3395,3396,3397,3398,3399,3400,3401,3402,3403,3404,3405,3406,3407,3408,3409,3410,3411,3412,3413,3414,3415,3416,3417,3418,3419,3420,3421,3422,3423,3424,3425,3426,3427,3428,3429,3430,3431,3432,3433,3434,3435,3436,3437,3438,3439,3440,3441,3442,3443,3444,3445,3446,3447,3448,3449,3450,3451,3452,3453,3454,3455,3456,3457,3458,3459,3460,3461,3462,3463,3464,3465,3466,3467,3468,3469,3470,3471,3472,3473,3474,3475,3476,3477,3478,3479,3480,3481,3482,3483,3484,3485,3486,3487,3488,3489,3490,3491,3492,3493,3494,3495,3496,3497,3498,3499,3500,3501,3502,3503,3504,3505,3506,3507,3508,3509,3510,3511,3512,3513,3514,3515,3516,3517,3518,3519,3520,3521,3522,3523,3524,3525,3526,3527,3528,3529,3530,3531,3532,3533,3534,3535,3536,3537,3538,3539,3540,3541,3542,3543,3544,3545,3546,3547,3548,3549,3550,3551,3552,3553,3554,3555,3556,3557,3558,3559,3560,3561,3562,3563,3564,3565,3566,3567,3568,3569,3570,3571,3572,3573,3574,3575,3576,3577,3578,3579,3580,3581,3582,3583,3584,3585,3586,3587,3588,3589,3590,3591,3592,3593,3594,3595,3596,3597,3598,3599,3600,3601,3602,3603,3604,3605,3606,3607,3608,3609,3610,3611,3612,3613,3614,3615,3616,3617,3618,3619,3620,3621,3622,3623,3624,3625,3626,3627,3628,3629,3630,3631,3632,3633,3634,3635,3636,3637,3638,3639,3640,3641,3642,3643,3644,3645,3646,3647,3648,3649,3650,3651,3652,3653,3654,3655,3656,3657,3658,3659,3660,3661,3662,3663,3664,3665,3666,3667,3668,3669,3670,3671,3672,3673,3674,3675,3676,3677,3678,3679,3680,3681,3682,3683,3684,3685,3686,3687,3688,3689,3690,3691,3692,3693,3694,3695,3696,3697,3698,3699,3700,3701,3702,3703,3704,3705,3706,3707,3708,3709,3710,3711,3712,3713,3714,3715,3716,3717,3718,3719,3720,3721,3722,3723,3724,3725,3726,3727,3728,3729,3730,3731,3732,3733,3734,3735,3736,3737,3738,3739,3740,3741,3742,3743,3744,3745,3746,3747,3748,3749,3750,3751,3752,3753,3754,3755,3756,3757,3758,3759,3760,3761,3762,3763,3764,3765,3766,3767,3768,3769,3770,3771,3772,3773,3774,3775,3776,3777,3778,3779,3780,3781,3782,3783,3784,3785,3786,3787,3788,3789,3790,3791,3792,3793,3794,3795,3796,3797,3798,3799,3800,3801,3802,3803,3804,3805,3806,3807,3808,3809,3810,3811,3812,3813,3814,3815,3816,3817,3818,3819,3820,3821,3822,3823,3824,3825,3826,3827,3828,3829,3830,3831,3832,3833,3834,3835,3836,3837,3838,3839,3840,3841,3842,3843,3844,3845,3846,3847,3848,3849,3850,3851,3852,3853,3854,3855,3856,3857,3858,3859,3860,3861,3862,3863,3864,3865,3866,3867,3868,3869,3870,3871,3872,3873,3874,3875,3876,3877,3878,3879,3880,3881,3882,3883,3884,3885,3886,3887,3888,3889,3890,3891,3892,3893,3894,3895,3896,3897,3898,3899,3900,3901,3902,3903,3904,3905,3906,3907,3908,3909,3910,3911,3912,3913,3914,3915,3916,3917,3918,3919,3920,3921,3922,3923,3924,3925,3926,3927,3928,3929,3930,3931,3932,3933,3934,3935,3936,3937,3938,3939,3940,3941,3942,3943,3944,3945,3946,3947,3948,3949,3950,3951,3952,3953,3954,3955,3956,3957,3958,3959,3960,3961,3962,3963,3964,3965,3966,3967,3968,3969,3970,3971,3972,3973,3974,3975,3976,3977,3978,3979,3980,3981,3982,3983,3984,3985,3986,3987,3988,3989,3990,3991,3992,3993,3994,3995,3996,3997,3998,3999,4000,4001,4002,4003,4004,4005,4006,4007,4008,4009,4010,4011,4012,4013,4014,4015,4016,4017,4018,4019,4020,4021,4022,4023,4024,4025,4026,4027,4028,4029,4030,4031,4032,4033,4034,4035,4036,4037,4038,4039,4040,4041,4042,4043,4044,4045,4046,4047,4048,4049,4050,4051,4052,4053,4054,4055,4056,4057,4058,4059,4060,4061,4062,4063,4064,4065,4066,4067,4068,4069,4070,4071,4072,4073,4074,4075,4076,4077,4078,4079,4080,4081,4082,4083,4084,4085,4086,4087,4088,4089,4090,4091,4092,4093,4094,4095,4096,4097,4098,4099,4100,4101,4102,4103,4104,4105,4106,4107,4108,4109,4110,4111,4112,4113,4114,4115,4116,4117,4118,4119,4120,4121,4122,4123,4124,4125,4126,4127,4128,4129,4130,4131,4132,4133,4134,4135,4136,4137,4138,4139,4140,4141,4142,4143,4144,4145,4146,4147,4148,4149,4150,4151,4152,4153,4154,4155,4156,4157,4158,4159,4160,4161,4162,4163,4164,4165,4166,4167,4168,4169,4170,4171,4172,4173,4174,4175,4176,4177,4178,4179,4180,4181,4182,4183,4184,4185,4186,4187,4188,4189,4190,4191,4192,4193,4194,4195,4196,4197,4198,4199,4200,4201,4202,4203,4204,4205,4206,4207,4208,4209,4210,4211,4212,4213,4214,4215,4216,4217,4218,4219,4220,4221,4222,4223,4224,4225,4226,4227,4228,4229,4230,4231,4232,4233,4234,4235,4236,4237,4238,4239,4240,4241,4242,4243,4244,4245,4246,4247,4248,4249,4250,4251,4252,4253,4254,4255,4256,4257,4258,4259,4260,4261,4262,4263,4264,4265,4266,4267,4268,4269,4270,4271,4272,4273,4274,4275,4276,4277,4278,4279,4280,4281,4282,4283,4284,4285,4286,4287,4288,4289,4290,4291,4292,4293,4294,4295,4296,4297,4298,4299,4300,4301,4302,4303,4304,4305,4306,4307,4308,4309,4310,4311,4312,4313,4314,4315,4316,4317,4318,4319,4320,4321,4322,4323,4324,4325,4326,4327,4328,4329,4330,4331,4332,4333,4334,4335,4336,4337,4338,4339,4340,4341,4342,4343,4344,4345,4346,4347,4348,4349,4350,4351,4352,4353,4354,4355,4356,4357,4358,4359,4360,4361,4362,4363,4364,4365,4366,4367,4368,4369,4370,4371,4372,4373,4374,4375,4376,4377,4378,4379,4380,4381,4382,4383,4384,4385,4386,4387,4388,4389,4390,4391,4392,4393,4394,4395,4396,4397,4398,4399,4400,4401,4402,4403,4404,4405,4406,4407,4408,4409,4410,4411,4412,4413,4414,4415,4416,4417,4418,4419,4420,4421,4422,4423,4424,4425,4426,4427,4428,4429,4430,4431,4432,4433,4434,4435,4436,4437,4438,4439,4440,4441,4442,4443,4444,4445,4446,4447,4448,4449,4450,4451,4452,4453,4454,4455,4456,4457,4458,4459,4460,4461,4462,4463,4464,4465,4466,4467,4468,4469,4470,4471,4472,4473,4474,4475,4476,4477,4478,4479,4480,4481,4482,4483,4484,4485,4486,4487,4488,4489,4490,4491,4492,4493,4494,4495,4496,4497,4498,4499,4500,4501,4502,4503,4504,4505,4506,4507,4508,4509,4510,4511,4512,4513,4514,4515,4516,4517,4518,4519,4520,4521,4522,4523,4524,4525,4526,4527,4528,4529,4530,4531,4532,4533,4534,4535,4536,4537,4538,4539,4540,4541,4542,4543,4544,4545,4546,4547,4548,4549,4550,4551,4552,4553,4554,4555,4556,4557,4558,4559,4560,4561,4562,4563,4564,4565,4566,4567,4568,4569,4570,4571,4572,4573,4574,4575,4576,4577,4578,4579,4580,4581,4582,4583,4584,4585,4586,4587,4588,4589,4590,4591,4592,4593,4594,4595,4596,4597,4598,4599,4600,4601,4602,4603,4604,4605,4606,4607,4608,4609,4610,4611,4612,4613,4614,4615,4616,4617,4618,4619,4620,4621,4622,4623,4624,4625,4626,4627,4628,4629,4630,4631,4632,4633,4634,4635,4636,4637,4638,4639,4640,4641,4642,4643,4644,4645,4646,4647,4648,4649,4650,4651,4652,4653,4654,4655,4656,4657,4658,4659,4660,4661,4662,4663,4664,4665,4666,4667,4668,4669,4670,4671,4672,4673,4674,4675,4676,4677,4678,4679,4680,4681,4682,4683,4684,4685,4686,4687,4688,4689,4690,4691,4692,4693,4694,4695,4696,4697,4698,4699,4700,4701,4702,4703,4704,4705,4706,4707,4708,4709,4710,4711,4712,4713,4714,4715,4716,4717,4718,4719,4720,4721,4722,4723,4724,4725,4726,4727,4728,4729,4730,4731,4732,4733,4734,4735,4736,4737,4738,4739,4740,4741,4742,4743,4744,4745,4746,4747,4748,4749,4750,4751,4752,4753,4754,4755,4756,4757,4758,4759,4760,4761,4762,4763,4764,4765,4766,4767,4768,4769,4770,4771,4772,4773,4774,4775,4776,4777,4778,4779,4780,4781,4782,4783,4784,4785,4786,4787,4788,4789,4790,4791,4792,4793,4794,4795,4796,4797,4798,4799,4800,4801,4802,4803,4804,4805,4806,4807,4808,4809,4810,4811,4812,4813,4814,4815,4816,4817,4818,4819,4820,4821,4822,4823,4824,4825,4826,4827,4828,4829,4830,4831,4832,4833,4834,4835,4836,4837,4838,4839,4840,4841,4842,4843,4844,4845,4846,4847,4848,4849,4850,4851,4852,4853,4854,4855,4856,4857,4858,4859,4860,4861,4862,4863,4864,4865,4866,4867,4868,4869,4870,4871,4872,4873,4874,4875,4876,4877,4878,4879,4880,4881,4882,4883,4884,4885,4886,4887,4888,4889,4890,4891,4892,4893,4894,4895,4896,4897,4898,4899,4900,4901,4902,4903,4904,4905,4906,4907,4908,4909,4910,4911,4912,4913,4914,4915,4916,4917,4918,4919,4920,4921,4922,4923,4924,4925,4926,4927,4928,4929,4930,4931,4932,4933,4934,4935,4936,4937,4938,4939,4940,4941,4942,4943,4944,4945,4946,4947,4948,4949,4950,4951,4952,4953,4954,4955,4956,4957,4958,4959,4960,4961,4962,4963,4964,4965,4966,4967,4968,4969,4970,4971,4972,4973,4974,4975,4976,4977,4978,4979,4980,4981,4982,4983,4984,4985,4986,4987,4988,4989,4990,4991,4992,4993,4994,4995,4996,4997,4998,4999,5000,5001,5002,5003,5004,5005,5006,5007,5008,5009,5010,5011,5012,5013,5014,5015,5016,5017,5018,5019,5020,5021,5022,5023,5024,5025,5026,5027,5028,5029,5030,5031,5032,5033,5034,5035,5036,5037,5038,5039,5040,5041,5042,5043,5044,5045,5046,5047,5048,5049,5050,5051,5052,5053,5054,5055,5056,5057,5058,5059,5060,5061,5062,5063,5064,5065,5066,5067,5068,5069,5070,5071,5072,5073,5074,5075,5076,5077,5078,5079,5080,5081,5082,5083,5084,5085,5086,5087,5088,5089,5090,5091,5092,5093,5094,5095,5096,5097,5098,5099,5100,5101,5102,5103,5104,5105,5106,5107,5108,5109,5110,5111,5112,5113,5114,5115,5116,5117,5118,5119,5120,5121,5122,5123,5124,5125,5126,5127,5128,5129,5130,5131,5132,5133,5134,5135,5136,5137,5138,5139,5140,5141,5142,5143,5144,5145,5146,5147,5148,5149,5150,5151,5152,5153,5154,5155,5156,5157,5158,5159,5160,5161,5162,5163,5164,5165,5166,5167,5168,5169,5170,5171,5172,5173,5174,5175,5176,5177,5178,5179,5180,5181,5182,5183,5184,5185,5186,5187,5188,5189,5190,5191,5192,5193,5194,5195,5196,5197,5198,5199,5200,5201,5202,5203,5204,5205,5206,5207,5208,5209,5210,5211,5212,5213,5214,5215,5216,5217,5218,5219,5220,5221,5222,5223,5224,5225,5226,5227,5228,5229,5230,5231,5232,5233,5234,5235,5236,5237,5238,5239,5240,5241,5242,5243,5244,5245,5246,5247,5248,5249,5250,5251,5252,5253,5254,5255,5256,5257,5258,5259,5260,5261,5262,5263,5264,5265,5266,5267,5268,5269,5270,5271,5272,5273,5274,5275,5276,5277,5278,5279,5280,5281,5282,5283,5284,5285,5286,5287,5288,5289,5290,5291,5292,5293,5294,5295,5296,5297,5298,5299,5300,5301,5302,5303,5304,5305,5306,5307,5308,5309,5310,5311,5312,5313,5314,5315,5316,5317,5318,5319,5320,5321,5322,5323,5324,5325,5326,5327,5328,5329,5330,5331,5332,5333,5334,5335,5336,5337,5338,5339,5340,5341,5342,5343,5344,5345,5346,5347,5348,5349,5350,5351,5352,5353,5354,5355,5356,5357,5358,5359,5360,5361,5362,5363,5364,5365,5366,5367,5368,5369,5370,5371,5372,5373,5374,5375,5376,5377,5378,5379,5380,5381,5382,5383,5384,5385,5386,5387,5388,5389,5390,5391,5392,5393,5394,5395,5396,5397,5398,5399,5400,5401,5402,5403,5404,5405,5406,5407,5408,5409,5410,5411,5412,5413,5414,5415,5416,5417,5418,5419,5420,5421,5422,5423,5424,5425,5426,5427,5428,5429,5430,5431,5432,5433,5434,5435,5436,5437,5438,5439,5440,5441,5442,5443,5444,5445,5446,5447,5448,5449,5450,5451,5452,5453,5454,5455,5456,5457,5458,5459,5460,5461,5462,5463,5464,5465,5466,5467,5468,5469,5470,5471,5472,5473,5474,5475,5476,5477,5478,5479,5480,5481,5482,5483,5484,5485,5486,5487,5488,5489,5490,5491,5492,5493,5494,5495,5496,5497,5498,5499,5500,5501,5502,5503,5504,5505,5506,5507,5508,5509,5510,5511,5512,5513,5514,5515,5516,5517,5518,5519,5520,5521,5522,5523,5524,5525,5526,5527,5528,5529,5530,5531,5532,5533,5534,5535,5536,5537,5538,5539,5540,5541,5542,5543,5544,5545,5546,5547,5548,5549,5550,5551,5552,5553,5554,5555,5556,5557,5558,5559,5560,5561,5562,5563,5564,5565,5566,5567,5568,5569,5570,5571,5572,5573,5574,5575,5576,5577,5578,5579,5580,5581,5582,5583,5584,5585,5586,5587,5588,5589,5590,5591,5592,5593,5594,5595,5596,5597,5598,5599,5600,5601,5602,5603,5604,5605,5606,5607,5608,5609,5610,5611,5612,5613,5614,5615,5616,5617,5618,5619,5620,5621,5622,5623,5624,5625,5626,5627,5628,5629,5630,5631,5632,5633,5634,5635,5636,5637,5638,5639,5640,5641,5642,5643,5644,5645,5646,5647,5648,5649,5650,5651,5652,5653,5654,5655,5656,5657,5658,5659,5660,5661,5662,5663,5664,5665,5666,5667,5668,5669,5670,5671,5672,5673,5674,5675,5676,5677,5678,5679,5680,5681,5682,5683,5684,5685,5686,5687,5688,5689,5690,5691,5692,5693,5694,5695,5696,5697,5698,5699,5700,5701,5702,5703,5704,5705,5706,5707,5708,5709,5710,5711,5712,5713,5714,5715,5716,5717,5718,5719,5720,5721,5722,5723,5724,5725,5726,5727,5728,5729,5730,5731,5732,5733,5734,5735,5736,5737,5738,5739,5740,5741,5742,5743,5744,5745,5746,5747,5748,5749,5750,5751,5752,5753,5754,5755,5756,5757,5758,5759,5760,5761,5762,5763,5764,5765,5766,5767,5768,5769,5770,5771,5772,5773,5774,5775,5776,5777,5778,5779,5780,5781,5782,5783,5784,5785,5786,5787,5788,5789,5790,5791,5792,5793,5794,5795,5796,5797,5798,5799,5800,5801,5802,5803,5804,5805,5806,5807,5808,5809,5810,5811,5812,5813,5814,5815,5816,5817,5818,5819,5820,5821,5822,5823,5824,5825,5826,5827,5828,5829,5830,5831,5832,5833,5834,5835,5836,5837,5838,5839,5840,5841,5842,5843,5844,5845,5846,5847,5848,5849,5850,5851,5852,5853,5854,5855,5856,5857,5858,5859,5860,5861,5862,5863,5864,5865,5866,5867,5868,5869,5870,5871,5872,5873,5874,5875,5876,5877,5878,5879,5880,5881,5882,5883,5884,5885,5886,5887,5888,5889,5890,5891,5892,5893,5894,5895,5896,5897,5898,5899,5900,5901,5902,5903,5904,5905,5906,5907,5908,5909,5910,5911,5912,5913,5914,5915,5916,5917,5918,5919,5920,5921,5922,5923,5924,5925,5926,5927,5928,5929,5930,5931,5932,5933,5934,5935,5936,5937,5938,5939,5940,5941,5942,5943,5944,5945,5946,5947,5948,5949,5950,5951,5952,5953,5954,5955,5956,5957,5958,5959,5960,5961,5962,5963,5964,5965,5966,5967,5968,5969,5970,5971,5972,5973,5974,5975,5976,5977,5978,5979,5980,5981,5982,5983,5984,5985,5986,5987,5988,5989,5990,5991,5992,5993,5994,5995,5996,5997,5998,5999,6000,6001,6002,6003,6004,6005,6006,6007,6008,6009,6010,6011,6012,6013,6014,6015,6016,6017,6018,6019,6020,6021,6022,6023,6024,6025,6026,6027,6028,6029,6030,6031,6032,6033,6034,6035,6036,6037,6038,6039,6040,6041,6042,6043,6044,6045,6046,6047,6048,6049,6050,6051,6052,6053,6054,6055,6056,6057,6058,6059,6060,6061,6062,6063,6064,6065,6066,6067,6068,6069,6070,6071,6072,6073,6074,6075,6076,6077,6078,6079,6080,6081,6082,6083,6084,6085,6086,6087,6088,6089,6090,6091,6092,6093,6094,6095,6096,6097,6098,6099,6100,6101,6102,6103,6104,6105,6106,6107,6108,6109,6110,6111,6112,6113,6114,6115,6116,6117,6118,6119,6120,6121,6122,6123,6124,6125,6126,6127,6128,6129,6130,6131,6132,6133,6134,6135,6136,6137,6138,6139,6140,6141,6142,6143,6144,6145,6146,6147,6148,6149,6150,6151,6152,6153,6154,6155,6156,6157,6158,6159,6160,6161,6162,6163,6164,6165,6166,6167,6168,6169,6170,6171,6172,6173,6174,6175,6176,6177,6178,6179,6180,6181,6182,6183,6184,6185,6186,6187,6188,6189,6190,6191,6192,6193,6194,6195,6196,6197,6198,6199,6200,6201,6202,6203,6204,6205,6206,6207,6208,6209,6210,6211,6212,6213,6214,6215,6216,6217,6218,6219,6220,6221,6222,6223,6224,6225,6226,6227,6228,6229,6230,6231,6232,6233,6234,6235,6236,6237,6238,6239,6240,6241,6242,6243,6244,6245,6246,6247,6248,6249,6250,6251,6252,6253,6254,6255,6256,6257,6258,6259,6260,6261,6262,6263,6264,6265,6266,6267,6268,6269,6270,6271,6272,6273,6274,6275,6276,6277,6278,6279,6280,6281,6282,6283,6284,6285,6286,6287,6288,6289,6290,6291,6292,6293,6294,6295,6296,6297,6298,6299,6300,6301,6302,6303,6304,6305,6306,6307,6308,6309,6310,6311,6312,6313,6314,6315,6316,6317,6318,6319,6320,6321,6322,6323,6324,6325,6326,6327,6328,6329,6330,6331,6332,6333,6334,6335,6336,6337,6338,6339,6340,6341,6342,6343,6344,6345,6346,6347,6348,6349,6350,6351,6352,6353,6354,6355,6356,6357,6358,6359,6360,6361,6362,6363,6364,6365,6366,6367,6368,6369,6370,6371,6372,6373,6374,6375,6376,6377,6378,6379,6380,6381,6382,6383,6384,6385,6386,6387,6388,6389,6390,6391,6392,6393,6394,6395,6396,6397,6398,6399,6400,6401,6402,6403,6404,6405,6406,6407,6408,6409,6410,6411,6412,6413,6414,6415,6416,6417,6418,6419,6420,6421,6422,6423,6424,6425,6426,6427,6428,6429,6430,6431,6432,6433,6434,6435,6436,6437,6438,6439,6440,6441,6442,6443,6444,6445,6446,6447,6448,6449,6450,6451,6452,6453,6454,6455,6456,6457,6458,6459,6460,6461,6462,6463,6464,6465,6466,6467,6468,6469,6470,6471,6472,6473,6474,6475,6476,6477,6478,6479,6480,6481,6482,6483,6484,6485,6486,6487,6488,6489,6490,6491,6492,6493,6494,6495,6496,6497,6498,6499,6500,6501,6502,6503,6504,6505,6506,6507,6508,6509,6510,6511,6512,6513,6514,6515,6516,6517,6518,6519,6520,6521,6522,6523,6524,6525,6526,6527,6528,6529,6530,6531,6532,6533,6534,6535,6536,6537,6538,6539,6540,6541,6542,6543,6544,6545,6546,6547,6548,6549,6550,6551,6552,6553,6554,6555,6556,6557,6558,6559,6560,6561,6562,6563,6564,6565,6566,6567,6568,6569,6570,6571,6572,6573,6574,6575,6576,6577,6578,6579,6580,6581,6582,6583,6584,6585,6586,6587,6588,6589,6590,6591,6592,6593,6594,6595,6596,6597,6598,6599,6600,6601,6602,6603,6604,6605,6606,6607,6608,6609,6610,6611,6612,6613,6614,6615,6616,6617,6618,6619,6620,6621,6622,6623,6624,6625,6626,6627,6628,6629,6630,6631,6632,6633,6634,6635,6636,6637,6638,6639,6640,6641,6642,6643,6644,6645,6646,6647,6648,6649,6650,6651,6652,6653,6654,6655,6656,6657,6658,6659,6660,6661,6662,6663,6664,6665,6666,6667,6668,6669,6670,6671,6672,6673,6674,6675,6676,6677,6678,6679,6680,6681,6682,6683,6684,6685,6686,6687,6688,6689,6690,6691,6692,6693,6694,6695,6696,6697,6698,6699,6700,6701,6702,6703,6704,6705,6706,6707,6708,6709,6710,6711,6712,6713,6714,6715,6716,6717,6718,6719,6720,6721,6722,6723,6724,6725,6726,6727,6728,6729,6730,6731,6732,6733,6734,6735,6736,6737,6738,6739,6740,6741,6742,6743,6744,6745,6746,6747,6748,6749,6750,6751,6752,6753,6754,6755,6756,6757,6758,6759,6760,6761,6762,6763,6764,6765,6766,6767,6768,6769,6770,6771,6772,6773,6774,6775,6776,6777,6778,6779,6780,6781,6782,6783,6784,6785,6786,6787,6788,6789,6790,6791,6792,6793,6794,6795,6796,6797,6798,6799,6800,6801,6802,6803,6804,6805,6806,6807,6808,6809,6810,6811,6812,6813,6814,6815,6816,6817,6818,6819,6820,6821,6822,6823,6824,6825,6826,6827,6828,6829,6830,6831,6832,6833,6834,6835,6836,6837,6838,6839,6840,6841,6842,6843,6844,6845,6846,6847,6848,6849,6850,6851,6852,6853,6854,6855,6856,6857,6858,6859,6860,6861,6862,6863,6864,6865,6866,6867,6868,6869,6870,6871,6872,6873,6874,6875,6876,6877,6878,6879,6880,6881,6882,6883,6884,6885,6886,6887,6888,6889,6890,6891,6892,6893,6894,6895,6896,6897,6898,6899,6900,6901,6902,6903,6904,6905,6906,6907,6908,6909,6910,6911,6912,6913,6914,6915,6916,6917,6918,6919,6920,6921,6922,6923,6924,6925,6926,6927,6928,6929,6930,6931,6932,6933,6934,6935,6936,6937,6938,6939,6940,6941,6942,6943,6944,6945,6946,6947,6948,6949,6950,6951,6952,6953,6954,6955,6956,6957,6958,6959,6960,6961,6962,6963,6964,6965,6966,6967,6968,6969,6970,6971,6972,6973,6974,6975,6976,6977,6978,6979,6980,6981,6982,6983,6984,6985,6986,6987,6988,6989,6990,6991,6992,6993,6994,6995,6996,6997,6998,6999,7000,7001,7002,7003,7004,7005,7006,7007,7008,7009,7010,7011,7012,7013,7014,7015,7016,7017,7018,7019,7020,7021,7022,7023,7024,7025,7026,7027,7028,7029,7030,7031,7032,7033,7034,7035,7036,7037,7038,7039,7040,7041,7042,7043,7044,7045,7046,7047,7048,7049,7050,7051,7052,7053,7054,7055,7056,7057,7058,7059,7060,7061,7062,7063,7064,7065,7066,7067,7068,7069,7070,7071,7072,7073,7074,7075,7076,7077,7078,7079,7080,7081,7082,7083,7084,7085,7086,7087,7088,7089,7090,7091,7092,7093,7094,7095,7096,7097,7098,7099,7100,7101,7102,7103,7104,7105,7106,7107,7108,7109,7110,7111,7112,7113,7114,7115,7116,7117,7118,7119,7120,7121,7122,7123,7124,7125,7126,7127,7128,7129,7130,7131,7132,7133,7134,7135,7136,7137,7138,7139,7140,7141,7142,7143,7144,7145,7146,7147,7148,7149,7150,7151,7152,7153,7154,7155,7156,7157,7158,7159,7160,7161,7162,7163,7164,7165,7166,7167,7168,7169,7170,7171,7172,7173,7174,7175,7176,7177,7178,7179,7180,7181,7182,7183,7184,7185,7186,7187,7188,7189,7190,7191,7192,7193,7194,7195,7196,7197,7198,7199,7200,7201,7202,7203,7204,7205,7206,7207,7208,7209,7210,7211,7212,7213,7214,7215,7216,7217,7218,7219,7220,7221,7222,7223,7224,7225,7226,7227,7228,7229,7230,7231,7232,7233,7234,7235,7236,7237,7238,7239,7240,7241,7242,7243,7244,7245,7246,7247,7248,7249,7250,7251,7252,7253,7254,7255,7256,7257,7258,7259,7260,7261,7262,7263,7264,7265,7266,7267,7268,7269,7270,7271,7272,7273,7274,7275,7276,7277,7278,7279,7280,7281,7282,7283,7284,7285,7286,7287,7288,7289,7290,7291,7292,7293,7294,7295,7296,7297,7298,7299,7300,7301,7302,7303,7304,7305,7306,7307,7308,7309,7310,7311,7312,7313,7314,7315,7316,7317,7318,7319,7320,7321,7322,7323,7324,7325,7326,7327,7328,7329,7330,7331,7332,7333,7334,7335,7336,7337,7338,7339,7340,7341,7342,7343,7344,7345,7346,7347,7348,7349,7350,7351,7352,7353,7354,7355,7356,7357,7358,7359,7360,7361,7362,7363,7364,7365,7366,7367,7368,7369,7370,7371,7372,7373,7374,7375,7376,7377,7378,7379,7380,7381,7382,7383,7384,7385,7386,7387,7388,7389,7390,7391,7392,7393,7394,7395,7396,7397,7398,7399,7400,7401,7402,7403,7404,7405,7406,7407,7408,7409,7410,7411,7412,7413,7414,7415,7416,7417,7418,7419,7420,7421,7422,7423,7424,7425,7426,7427,7428,7429,7430,7431,7432,7433,7434,7435,7436,7437,7438,7439,7440,7441,7442,7443,7444,7445,7446,7447,7448,7449,7450,7451,7452,7453,7454,7455,7456,7457,7458,7459,7460,7461,7462,7463,7464,7465,7466,7467,7468,7469,7470,7471,7472,7473,7474,7475,7476,7477,7478,7479,7480,7481,7482,7483,7484,7485,7486,7487,7488,7489,7490,7491,7492,7493,7494,7495,7496,7497,7498,7499,7500,7501,7502,7503,7504,7505,7506,7507,7508,7509,7510,7511,7512,7513,7514,7515,7516,7517,7518,7519,7520,7521,7522,7523,7524,7525,7526,7527,7528,7529,7530,7531,7532,7533,7534,7535,7536,7537,7538,7539,7540,7541,7542,7543,7544,7545,7546,7547,7548,7549,7550,7551,7552,7553,7554,7555,7556,7557,7558,7559,7560,7561,7562,7563,7564,7565,7566,7567,7568,7569,7570,7571,7572,7573,7574,7575,7576,7577,7578,7579,7580,7581,7582,7583,7584,7585,7586,7587,7588,7589,7590,7591,7592,7593,7594,7595,7596,7597,7598,7599,7600,7601,7602,7603,7604,7605,7606,7607,7608,7609,7610,7611,7612,7613,7614,7615,7616,7617,7618,7619,7620,7621,7622,7623,7624,7625,7626,7627,7628,7629,7630,7631,7632,7633,7634,7635,7636,7637,7638,7639,7640,7641,7642,7643,7644,7645,7646,7647,7648,7649,7650,7651,7652,7653,7654,7655,7656,7657,7658,7659,7660,7661,7662,7663,7664,7665,7666,7667,7668,7669,7670,7671,7672,7673,7674,7675,7676,7677,7678,7679,7680,7681,7682,7683,7684,7685,7686,7687,7688,7689,7690,7691,7692,7693,7694,7695,7696,7697,7698,7699,7700,7701,7702,7703,7704,7705,7706,7707,7708,7709,7710,7711,7712,7713,7714,7715,7716,7717,7718,7719,7720,7721,7722,7723,7724,7725,7726,7727,7728,7729,7730,7731,7732,7733,7734,7735,7736,7737,7738,7739,7740,7741,7742,7743,7744,7745,7746,7747,7748,7749,7750,7751,7752,7753,7754,7755,7756,7757,7758,7759,7760,7761,7762,7763,7764,7765,7766,7767,7768,7769,7770,7771,7772,7773,7774,7775,7776,7777,7778,7779,7780,7781,7782,7783,7784,7785,7786,7787,7788,7789,7790,7791,7792,7793,7794,7795,7796,7797,7798,7799,7800,7801,7802,7803,7804,7805,7806,7807,7808,7809,7810,7811,7812,7813,7814,7815,7816,7817,7818,7819,7820,7821,7822,7823,7824,7825,7826,7827,7828,7829,7830,7831,7832,7833,7834,7835,7836,7837,7838,7839,7840,7841,7842,7843,7844,7845,7846,7847,7848,7849,7850,7851,7852,7853,7854,7855,7856,7857,7858,7859,7860,7861,7862,7863,7864,7865,7866,7867,7868,7869,7870,7871,7872,7873,7874,7875,7876,7877,7878,7879,7880,7881,7882,7883,7884,7885,7886,7887,7888,7889,7890,7891,7892,7893,7894,7895,7896,7897,7898,7899,7900,7901,7902,7903,7904,7905,7906,7907,7908,7909,7910,7911,7912,7913,7914,7915,7916,7917,7918,7919,7920,7921,7922,7923,7924,7925,7926,7927,7928,7929,7930,7931,7932,7933,7934,7935,7936,7937,7938,7939,7940,7941,7942,7943,7944,7945,7946,7947,7948,7949,7950,7951,7952,7953,7954,7955,7956,7957,7958,7959,7960,7961,7962,7963,7964,7965,7966,7967,7968,7969,7970,7971,7972,7973,7974,7975,7976,7977,7978,7979,7980,7981,7982,7983,7984,7985,7986,7987,7988,7989,7990,7991,7992,7993,7994,7995,7996,7997,7998,7999,8000,8001,8002,8003,8004,8005,8006,8007,8008,8009,8010,8011,8012,8013,8014,8015,8016,8017,8018,8019,8020,8021,8022,8023,8024,8025,8026,8027,8028,8029,8030,8031,8032,8033,8034,8035,8036,8037,8038,8039,8040,8041,8042,8043,8044,8045,8046,8047,8048,8049,8050,8051,8052,8053,8054,8055,8056,8057,8058,8059,8060,8061,8062,8063,8064,8065,8066,8067,8068,8069,8070,8071,8072,8073,8074,8075,8076,8077,8078,8079,8080,8081,8082,8083,8084,8085,8086,8087,8088,8089,8090,8091,8092,8093,8094,8095,8096,8097,8098,8099,8100,8101,8102,8103,8104,8105,8106,8107,8108,8109,8110,8111,8112,8113,8114,8115,8116,8117,8118,8119,8120,8121,8122,8123,8124,8125,8126,8127,8128,8129,8130,8131,8132,8133,8134,8135,8136,8137,8138,8139,8140,8141,8142,8143,8144,8145,8146,8147,8148,8149,8150,8151,8152,8153,8154,8155,8156,8157,8158,8159,8160,8161,8162,8163,8164,8165,8166,8167,8168,8169,8170,8171,8172,8173,8174,8175,8176,8177,8178,8179,8180,8181,8182,8183,8184,8185,8186,8187,8188,8189,8190,8191,8192,8193,8194,8195,8196,8197,8198,8199,8200,8201,8202,8203,8204,8205,8206,8207,8208,8209,8210,8211,8212,8213,8214,8215,8216,8217,8218,8219,8220,8221,8222,8223,8224,8225,8226,8227,8228,8229,8230,8231,8232,8233,8234,8235,8236,8237,8238,8239,8240,8241,8242,8243,8244,8245,8246,8247,8248,8249,8250,8251,8252,8253,8254,8255,8256,8257,8258,8259,8260,8261,8262,8263,8264,8265,8266,8267,8268,8269,8270,8271,8272,8273,8274,8275,8276,8277,8278,8279,8280,8281,8282,8283,8284,8285,8286,8287,8288,8289,8290,8291,8292,8293,8294,8295,8296,8297,8298,8299,8300,8301,8302,8303,8304,8305,8306,8307,8308,8309,8310,8311,8312,8313,8314,8315,8316,8317,8318,8319,8320,8321,8322,8323,8324,8325,8326,8327,8328,8329,8330,8331,8332,8333,8334,8335,8336,8337,8338,8339,8340,8341,8342,8343,8344,8345,8346,8347,8348,8349,8350,8351,8352,8353,8354,8355,8356,8357,8358,8359,8360,8361,8362,8363,8364,8365,8366,8367,8368,8369,8370,8371,8372,8373,8374,8375,8376,8377,8378,8379,8380,8381,8382,8383,8384,8385,8386,8387,8388,8389,8390,8391,8392,8393,8394,8395,8396,8397,8398,8399,8400,8401,8402,8403,8404,8405,8406,8407,8408,8409,8410,8411,8412,8413,8414,8415,8416,8417,8418,8419,8420,8421,8422,8423,8424,8425,8426,8427,8428,8429,8430,8431,8432,8433,8434,8435,8436,8437,8438,8439,8440,8441,8442,8443,8444,8445,8446,8447,8448,8449,8450,8451,8452,8453,8454,8455,8456,8457,8458,8459,8460,8461,8462,8463,8464,8465,8466,8467,8468,8469,8470,8471,8472,8473,8474,8475,8476,8477,8478,8479,8480,8481,8482,8483,8484,8485,8486,8487,8488,8489,8490,8491,8492,8493,8494,8495,8496,8497,8498,8499,8500,8501,8502,8503,8504,8505,8506,8507,8508,8509,8510,8511,8512,8513,8514,8515,8516,8517,8518,8519,8520,8521,8522,8523,8524,8525,8526,8527,8528,8529,8530,8531,8532,8533,8534,8535,8536,8537,8538,8539,8540,8541,8542,8543,8544,8545,8546,8547,8548,8549,8550,8551,8552,8553,8554,8555,8556,8557,8558,8559,8560,8561,8562,8563,8564,8565,8566,8567,8568,8569,8570,8571,8572,8573,8574,8575,8576,8577,8578,8579,8580,8581,8582,8583,8584,8585,8586,8587,8588,8589,8590,8591,8592,8593,8594,8595,8596,8597,8598,8599,8600,8601,8602,8603,8604,8605,8606,8607,8608,8609,8610,8611,8612,8613,8614,8615,8616,8617,8618,8619,8620,8621,8622,8623,8624,8625,8626,8627,8628,8629,8630,8631,8632,8633,8634,8635,8636,8637,8638,8639,8640,8641,8642,8643,8644,8645,8646,8647,8648,8649,8650,8651,8652,8653,8654,8655,8656,8657,8658,8659,8660,8661,8662,8663,8664,8665,8666,8667,8668,8669,8670,8671,8672,8673,8674,8675,8676,8677,8678,8679,8680,8681,8682,8683,8684,8685,8686,8687,8688,8689,8690,8691,8692,8693,8694,8695,8696,8697,8698,8699,8700,8701,8702,8703,8704,8705,8706,8707,8708,8709,8710,8711,8712,8713,8714,8715,8716,8717,8718,8719,8720,8721,8722,8723,8724,8725,8726,8727,8728,8729,8730,8731,8732,8733,8734,8735,8736,8737,8738,8739,8740,8741,8742,8743,8744,8745,8746,8747,8748,8749,8750,8751,8752,8753,8754,8755,8756,8757,8758,8759,8760,8761,8762,8763,8764,8765,8766,8767,8768,8769,8770,8771,8772,8773,8774,8775,8776,8777,8778,8779,8780,8781,8782,8783,8784,8785,8786,8787,8788,8789,8790,8791,8792,8793,8794,8795,8796,8797,8798,8799,8800,8801,8802,8803,8804,8805,8806,8807,8808,8809,8810,8811,8812,8813,8814,8815,8816,8817,8818,8819,8820,8821,8822,8823,8824,8825,8826,8827,8828,8829,8830,8831,8832,8833,8834,8835,8836,8837,8838,8839,8840,8841,8842,8843,8844,8845,8846,8847,8848,8849,8850,8851,8852,8853,8854,8855,8856,8857,8858,8859,8860,8861,8862,8863,8864,8865,8866,8867,8868,8869,8870,8871,8872,8873,8874,8875,8876,8877,8878,8879,8880,8881,8882,8883,8884,8885,8886,8887,8888,8889,8890,8891,8892,8893,8894,8895,8896,8897,8898,8899,8900,8901,8902,8903,8904,8905,8906,8907,8908,8909,8910,8911,8912,8913,8914,8915,8916,8917,8918,8919,8920,8921,8922,8923,8924,8925,8926,8927,8928,8929,8930,8931,8932,8933,8934,8935,8936,8937,8938,8939,8940,8941,8942,8943,8944,8945,8946,8947,8948,8949,8950,8951,8952,8953,8954,8955,8956,8957,8958,8959,8960,8961,8962,8963,8964,8965,8966,8967,8968,8969,8970,8971,8972,8973,8974,8975,8976,8977,8978,8979,8980,8981,8982,8983,8984,8985,8986,8987,8988,8989,8990,8991,8992,8993,8994,8995,8996,8997,8998,8999,9000,9001,9002,9003,9004,9005,9006,9007,9008,9009,9010,9011,9012,9013,9014,9015,9016,9017,9018,9019,9020,9021,9022,9023,9024,9025,9026,9027,9028,9029,9030,9031,9032,9033,9034,9035,9036,9037,9038,9039,9040,9041,9042,9043,9044,9045,9046,9047,9048,9049,9050,9051,9052,9053,9054,9055,9056,9057,9058,9059,9060,9061,9062,9063,9064,9065,9066,9067,9068,9069,9070,9071,9072,9073,9074,9075,9076,9077,9078,9079,9080,9081,9082,9083,9084,9085,9086,9087,9088,9089,9090,9091,9092,9093,9094,9095,9096,9097,9098,9099,9100,9101,9102,9103,9104,9105,9106,9107,9108,9109,9110,9111,9112,9113,9114,9115,9116,9117,9118,9119,9120,9121,9122,9123,9124,9125,9126,9127,9128,9129,9130,9131,9132,9133,9134,9135,9136,9137,9138,9139,9140,9141,9142,9143,9144,9145,9146,9147,9148,9149,9150,9151,9152,9153,9154,9155,9156,9157,9158,9159,9160,9161,9162,9163,9164,9165,9166,9167,9168,9169,9170,9171,9172,9173,9174,9175,9176,9177,9178,9179,9180,9181,9182,9183,9184,9185,9186,9187,9188,9189,9190,9191,9192,9193,9194,9195,9196,9197,9198,9199,9200,9201,9202,9203,9204,9205,9206,9207,9208,9209,9210,9211,9212,9213,9214,9215,9216,9217,9218,9219,9220,9221,9222,9223,9224,9225,9226,9227,9228,9229,9230,9231,9232,9233,9234,9235,9236,9237,9238,9239,9240,9241,9242,9243,9244,9245,9246,9247,9248,9249,9250,9251,9252,9253,9254,9255,9256,9257,9258,9259,9260,9261,9262,9263,9264,9265,9266,9267,9268,9269,9270,9271,9272,9273,9274,9275,9276,9277,9278,9279,9280,9281,9282,9283,9284,9285,9286,9287,9288,9289,9290,9291,9292,9293,9294,9295,9296,9297,9298,9299,9300,9301,9302,9303,9304,9305,9306,9307,9308,9309,9310,9311,9312,9313,9314,9315,9316,9317,9318,9319,9320,9321,9322,9323,9324,9325,9326,9327,9328,9329,9330,9331,9332,9333,9334,9335,9336,9337,9338,9339,9340,9341,9342,9343,9344,9345,9346,9347,9348,9349,9350,9351,9352,9353,9354,9355,9356,9357,9358,9359,9360,9361,9362,9363,9364,9365,9366,9367,9368,9369,9370,9371,9372,9373,9374,9375,9376,9377,9378,9379,9380,9381,9382,9383,9384,9385,9386,9387,9388,9389,9390,9391,9392,9393,9394,9395,9396,9397,9398,9399,9400,9401,9402,9403,9404,9405,9406,9407,9408,9409,9410,9411,9412,9413,9414,9415,9416,9417,9418,9419,9420,9421,9422,9423,9424,9425,9426,9427,9428,9429,9430,9431,9432,9433,9434,9435,9436,9437,9438,9439,9440,9441,9442,9443,9444,9445,9446,9447,9448,9449,9450,9451,9452,9453,9454,9455,9456,9457,9458,9459,9460,9461,9462,9463,9464,9465,9466,9467,9468,9469,9470,9471,9472,9473,9474,9475,9476,9477,9478,9479,9480,9481,9482,9483,9484,9485,9486,9487,9488,9489,9490,9491,9492,9493,9494,9495,9496,9497,9498,9499,9500,9501,9502,9503,9504,9505,9506,9507,9508,9509,9510,9511,9512,9513,9514,9515,9516,9517,9518,9519,9520,9521,9522,9523,9524,9525,9526,9527,9528,9529,9530,9531,9532,9533,9534,9535,9536,9537,9538,9539,9540,9541,9542,9543,9544,9545,9546,9547,9548,9549,9550,9551,9552,9553,9554,9555,9556,9557,9558,9559,9560,9561,9562,9563,9564,9565,9566,9567,9568,9569,9570,9571,9572,9573,9574,9575,9576,9577,9578,9579,9580,9581,9582,9583,9584,9585,9586,9587,9588,9589,9590,9591,9592,9593,9594,9595,9596,9597,9598,9599,9600,9601,9602,9603,9604,9605,9606,9607,9608,9609,9610,9611,9612,9613,9614,9615,9616,9617,9618,9619,9620,9621,9622,9623,9624,9625,9626,9627,9628,9629,9630,9631,9632,9633,9634,9635,9636,9637,9638,9639,9640,9641,9642,9643,9644,9645,9646,9647,9648,9649,9650,9651,9652,9653,9654,9655,9656,9657,9658,9659,9660,9661,9662,9663,9664,9665,9666,9667,9668,9669,9670,9671,9672,9673,9674,9675,9676,9677,9678,9679,9680,9681,9682,9683,9684,9685,9686,9687,9688,9689,9690,9691,9692,9693,9694,9695,9696,9697,9698,9699,9700,9701,9702,9703,9704,9705,9706,9707,9708,9709,9710,9711,9712,9713,9714,9715,9716,9717,9718,9719,9720,9721,9722,9723,9724,9725,9726,9727,9728,9729,9730,9731,9732,9733,9734,9735,9736,9737,9738,9739,9740,9741,9742,9743,9744,9745,9746,9747,9748,9749,9750,9751,9752,9753,9754,9755,9756,9757,9758,9759,9760,9761,9762,9763,9764,9765,9766,9767,9768,9769,9770,9771,9772,9773,9774,9775,9776,9777,9778,9779,9780,9781,9782,9783,9784,9785,9786,9787,9788,9789,9790,9791,9792,9793,9794,9795,9796,9797,9798,9799,9800,9801,9802,9803,9804,9805,9806,9807,9808,9809,9810,9811,9812,9813,9814,9815,9816,9817,9818,9819,9820,9821,9822,9823,9824,9825,9826,9827,9828,9829,9830,9831,9832,9833,9834,9835,9836,9837,9838,9839,9840,9841,9842,9843,9844,9845,9846,9847,9848,9849,9850,9851,9852,9853,9854,9855,9856,9857,9858,9859,9860,9861,9862,9863,9864,9865,9866,9867,9868,9869,9870,9871,9872,9873,9874,9875,9876,9877,9878,9879,9880,9881,9882,9883,9884,9885,9886,9887,9888,9889,9890,9891,9892,9893,9894,9895,9896,9897,9898,9899,9900,9901,9902,9903,9904,9905,9906,9907,9908,9909,9910,9911,9912,9913,9914,9915,9916,9917,9918,9919,9920,9921,9922,9923,9924,9925,9926,9927,9928,9929,9930,9931,9932,9933,9934,9935,9936,9937,9938,9939,9940,9941,9942,9943,9944,9945,9946,9947,9948,9949,9950,9951,9952,9953,9954,9955,9956,9957,9958,9959,9960,9961,9962,9963,9964,9965,9966,9967,9968,9969,9970,9971,9972,9973,9974,9975,9976,9977,9978,9979,9980,9981,9982,9983,9984,9985,9986,9987,9988,9989,9990,9991,9992,9993,9994,9995,9996,9997,9998,9999,10000,10001,10002,10003,10004,10005,10006,10007,10008,10009,10010,10011,10012,10013,10014,10015,10016,10017,10018,10019,10020,10021,10022,10023,10024,10025,10026,10027,10028,10029,10030,10031,10032,10033,10034,10035,10036,10037,10038,10039,10040,10041,10042,10043,10044,10045,10046,10047,10048,10049,10050,10051,10052,10053,10054,10055,10056,10057,10058,10059,10060,10061,10062,10063,10064,10065,10066,10067,10068,10069,10070,10071,10072,10073,10074,10075,10076,10077,10078,10079,10080,10081,10082,10083,10084,10085,10086,10087,10088,10089,10090,10091,10092,10093,10094,10095,10096,10097,10098,10099,10100,10101,10102,10103,10104,10105,10106,10107,10108,10109,10110,10111,10112,10113,10114,10115,10116,10117,10118,10119,10120,10121,10122,10123,10124,10125,10126,10127,10128,10129,10130,10131,10132,10133,10134,10135,10136,10137,10138,10139,10140,10141,10142,10143,10144,10145,10146,10147,10148,10149,10150,10151,10152,10153,10154,10155,10156,10157,10158,10159,10160,10161,10162,10163,10164,10165,10166,10167,10168,10169,10170,10171,10172,10173,10174,10175,10176,10177,10178,10179,10180,10181,10182,10183,10184,10185,10186,10187,10188,10189,10190,10191,10192,10193,10194,10195,10196,10197,10198,10199,10200,10201,10202,10203,10204,10205,10206,10207,10208,10209,10210,10211,10212,10213,10214,10215,10216,10217,10218,10219,10220,10221,10222,10223,10224,10225,10226,10227,10228,10229,10230,10231,10232,10233,10234,10235,10236,10237,10238,10239,10240,10241,10242,10243,10244,10245,10246,10247,10248,10249,10250,10251,10252,10253,10254,10255,10256,10257,10258,10259,10260,10261,10262,10263,10264,10265,10266,10267,10268,10269,10270,10271,10272,10273,10274,10275,10276,10277,10278,10279,10280,10281,10282,10283,10284,10285,10286,10287,10288,10289,10290,10291,10292,10293,10294,10295,10296,10297,10298,10299,10300,10301,10302,10303,10304,10305,10306,10307,10308,10309,10310,10311,10312,10313,10314,10315,10316,10317,10318,10319,10320,10321,10322,10323,10324,10325,10326,10327,10328,10329,10330,10331,10332,10333,10334,10335,10336,10337,10338,10339,10340,10341,10342,10343,10344,10345,10346,10347,10348,10349,10350,10351,10352,10353,10354,10355,10356,10357,10358,10359,10360,10361,10362,10363,10364,10365,10366,10367,10368,10369,10370,10371,10372,10373,10374,10375,10376,10377,10378,10379,10380,10381,10382,10383,10384,10385,10386,10387,10388,10389,10390,10391,10392,10393,10394,10395,10396,10397,10398,10399,10400,10401,10402,10403,10404,10405,10406,10407,10408,10409,10410,10411,10412,10413,10414,10415,10416,10417,10418,10419,10420,10421,10422,10423,10424,10425,10426,10427,10428,10429,10430,10431,10432,10433,10434,10435,10436,10437,10438,10439,10440,10441,10442,10443,10444,10445,10446,10447,10448,10449,10450,10451,10452,10453,10454,10455,10456,10457,10458,10459,10460,10461,10462,10463,10464,10465,10466,10467,10468,10469,10470,10471,10472,10473,10474,10475,10476,10477,10478,10479,10480,10481,10482,10483,10484,10485,10486,10487,10488,10489,10490,10491,10492,10493,10494,10495,10496,10497,10498,10499,10500,10501,10502,10503,10504,10505,10506,10507,10508,10509,10510,10511,10512,10513,10514,10515,10516,10517,10518,10519,10520,10521,10522,10523,10524,10525,10526,10527,10528,10529,10530,10531,10532,10533,10534,10535,10536,10537,10538,10539,10540,10541,10542,10543,10544,10545,10546,10547,10548,10549,10550,10551,10552,10553,10554,10555,10556,10557,10558,10559,10560,10561,10562,10563,10564,10565,10566,10567,10568,10569,10570,10571,10572,10573,10574,10575,10576,10577,10578,10579,10580,10581,10582,10583,10584,10585,10586,10587,10588,10589,10590,10591,10592,10593,10594,10595,10596,10597,10598,10599,10600,10601,10602,10603,10604,10605,10606,10607,10608,10609,10610,10611,10612,10613,10614,10615,10616,10617,10618,10619,10620,10621,10622,10623,10624,10625,10626,10627,10628,10629,10630,10631,10632,10633,10634,10635,10636,10637,10638,10639,10640,10641,10642,10643,10644,10645,10646,10647,10648,10649,10650,10651,10652,10653,10654,10655,10656,10657,10658,10659,10660,10661,10662,10663,10664,10665,10666,10667,10668,10669,10670,10671,10672,10673,10674,10675,10676,10677,10678,10679,10680,10681,10682,10683,10684,10685,10686,10687,10688,10689,10690,10691,10692,10693,10694,10695,10696,10697,10698,10699,10700,10701,10702,10703,10704,10705,10706,10707,10708,10709,10710,10711,10712,10713,10714,10715,10716,10717,10718,10719,10720,10721,10722,10723,10724,10725,10726,10727,10728,10729,10730,10731,10732,10733,10734,10735,10736,10737,10738,10739,10740,10741,10742,10743,10744,10745,10746,10747,10748,10749,10750,10751,10752,10753,10754,10755,10756,10757,10758,10759,10760,10761,10762,10763,10764,10765,10766,10767,10768,10769,10770,10771,10772,10773,10774,10775,10776,10777,10778,10779,10780,10781,10782,10783,10784,10785,10786,10787,10788,10789,10790,10791,10792,10793,10794,10795,10796,10797,10798,10799,10800,10801,10802,10803,10804,10805,10806,10807,10808,10809,10810,10811,10812,10813,10814,10815,10816,10817,10818,10819,10820,10821,10822,10823,10824,10825,10826,10827,10828,10829,10830,10831,10832,10833,10834,10835,10836,10837,10838,10839,10840,10841,10842,10843,10844,10845,10846,10847,10848,10849,10850,10851,10852,10853,10854,10855,10856,10857,10858,10859,10860,10861,10862,10863,10864,10865,10866,10867,10868,10869,10870,10871,10872,10873,10874,10875,10876,10877,10878,10879,10880,10881,10882,10883,10884,10885,10886,10887,10888,10889,10890,10891,10892,10893,10894,10895,10896,10897,10898,10899,10900,10901,10902,10903,10904,10905,10906,10907,10908,10909,10910,10911,10912,10913,10914,10915,10916,10917,10918,10919,10920,10921,10922,10923,10924,10925,10926,10927,10928,10929,10930,10931,10932,10933,10934,10935,10936,10937,10938,10939,10940,10941,10942,10943,10944,10945,10946,10947,10948,10949,10950,10951,10952,10953,10954,10955,10956,10957,10958,10959,10960,10961,10962,10963,10964,10965,10966,10967,10968,10969,10970,10971,10972,10973,10974,10975,10976,10977,10978,10979,10980,10981,10982,10983,10984,10985,10986,10987,10988,10989,10990,10991,10992,10993,10994,10995,10996,10997,10998,10999,11000,11001,11002,11003,11004,11005,11006,11007,11008,11009,11010,11011,11012,11013,11014,11015,11016,11017,11018,11019,11020,11021,11022,11023,11024,11025,11026,11027,11028,11029,11030,11031,11032,11033,11034,11035,11036,11037,11038,11039,11040,11041,11042,11043,11044,11045,11046,11047,11048,11049,11050,11051,11052,11053,11054,11055,11056,11057,11058,11059,11060,11061,11062,11063,11064,11065,11066,11067,11068,11069,11070,11071,11072,11073,11074,11075,11076,11077,11078,11079,11080,11081,11082,11083,11084,11085,11086,11087,11088,11089,11090,11091,11092,11093,11094,11095,11096,11097,11098,11099,11100,11101,11102,11103,11104,11105,11106,11107,11108,11109,11110,11111,11112,11113,11114,11115,11116,11117,11118,11119,11120,11121,11122,11123,11124,11125,11126,11127,11128,11129,11130,11131,11132,11133,11134,11135,11136,11137,11138,11139,11140,11141,11142,11143,11144,11145,11146,11147,11148,11149,11150,11151,11152,11153,11154,11155,11156,11157,11158,11159,11160,11161,11162,11163,11164,11165,11166,11167,11168,11169,11170,11171,11172,11173,11174,11175,11176,11177,11178,11179,11180,11181,11182,11183,11184,11185,11186,11187,11188,11189,11190,11191,11192,11193,11194,11195,11196,11197,11198,11199,11200,11201,11202,11203,11204,11205,11206,11207,11208,11209,11210,11211,11212,11213,11214,11215,11216,11217,11218,11219,11220,11221,11222,11223,11224,11225,11226,11227,11228,11229,11230,11231,11232,11233,11234,11235,11236,11237,11238,11239,11240,11241,11242,11243,11244,11245,11246,11247,11248,11249,11250,11251,11252,11253,11254,11255,11256,11257,11258,11259,11260,11261,11262,11263,11264,11265,11266,11267,11268,11269,11270,11271,11272,11273,11274,11275,11276,11277,11278,11279,11280,11281,11282,11283,11284,11285,11286,11287,11288,11289,11290,11291,11292,11293,11294,11295,11296,11297,11298,11299,11300,11301,11302,11303,11304,11305,11306,11307,11308,11309,11310,11311,11312,11313,11314,11315,11316,11317,11318,11319,11320,11321,11322,11323,11324,11325,11326,11327,11328,11329,11330,11331,11332,11333,11334,11335,11336,11337,11338,11339,11340,11341,11342,11343,11344,11345,11346,11347,11348,11349,11350,11351,11352,11353,11354,11355,11356,11357,11358,11359,11360,11361,11362,11363,11364,11365,11366,11367,11368,11369,11370,11371,11372,11373,11374,11375,11376,11377,11378,11379,11380,11381,11382,11383,11384,11385,11386,11387,11388,11389,11390,11391,11392,11393,11394,11395,11396,11397,11398,11399,11400,11401,11402,11403,11404,11405,11406,11407,11408,11409,11410,11411,11412,11413,11414,11415,11416,11417,11418,11419,11420,11421,11422,11423,11424,11425,11426,11427,11428,11429,11430,11431,11432,11433,11434,11435,11436,11437,11438,11439,11440,11441,11442,11443,11444,11445,11446,11447,11448,11449,11450,11451,11452,11453,11454,11455,11456,11457,11458,11459,11460,11461,11462,11463,11464,11465,11466,11467,11468,11469,11470,11471,11472,11473,11474,11475,11476,11477,11478,11479,11480,11481,11482,11483,11484,11485,11486,11487,11488,11489,11490,11491,11492,11493,11494,11495,11496,11497,11498,11499,11500,11501,11502,11503,11504,11505,11506,11507,11508,11509,11510,11511,11512,11513,11514,11515,11516,11517,11518,11519,11520,11521,11522,11523,11524,11525,11526,11527,11528,11529,11530,11531,11532,11533,11534,11535,11536,11537,11538,11539,11540,11541,11542,11543,11544,11545,11546,11547,11548,11549,11550,11551,11552,11553,11554,11555,11556,11557,11558,11559,11560,11561,11562,11563,11564,11565,11566,11567,11568,11569,11570,11571,11572,11573,11574,11575,11576,11577,11578,11579,11580,11581,11582,11583,11584,11585,11586,11587,11588,11589,11590,11591,11592,11593,11594,11595,11596,11597,11598,11599,11600,11601,11602,11603,11604,11605,11606,11607,11608,11609,11610,11611,11612,11613,11614,11615,11616,11617,11618,11619,11620,11621,11622,11623,11624,11625,11626,11627,11628,11629,11630,11631,11632,11633,11634,11635,11636,11637,11638,11639,11640,11641,11642,11643,11644,11645,11646,11647,11648,11649,11650,11651,11652,11653,11654,11655,11656,11657,11658,11659,11660,11661,11662,11663,11664,11665,11666,11667,11668,11669,11670,11671,11672,11673,11674,11675,11676,11677,11678,11679,11680,11681,11682,11683,11684,11685,11686,11687,11688,11689,11690,11691,11692,11693,11694,11695,11696,11697,11698,11699,11700,11701,11702,11703,11704,11705,11706,11707,11708,11709,11710,11711,11712,11713,11714,11715,11716,11717,11718,11719,11720,11721,11722,11723,11724,11725,11726,11727,11728,11729,11730,11731,11732,11733,11734,11735,11736,11737,11738,11739,11740,11741,11742,11743,11744,11745,11746,11747,11748,11749,11750,11751,11752,11753,11754,11755,11756,11757,11758,11759,11760,11761,11762,11763,11764,11765,11766,11767,11768,11769,11770,11771,11772,11773,11774,11775,11776,11777,11778,11779,11780,11781,11782,11783,11784,11785,11786,11787,11788,11789,11790,11791,11792,11793,11794,11795,11796,11797,11798,11799,11800,11801,11802,11803,11804,11805,11806,11807,11808,11809,11810,11811,11812,11813,11814,11815,11816,11817,11818,11819,11820,11821,11822,11823,11824,11825,11826,11827,11828,11829,11830,11831,11832,11833,11834,11835,11836,11837,11838,11839,11840,11841,11842,11843,11844,11845,11846,11847,11848,11849,11850,11851,11852,11853,11854,11855,11856,11857,11858,11859,11860,11861,11862,11863,11864,11865,11866,11867,11868,11869,11870,11871,11872,11873,11874,11875,11876,11877,11878,11879,11880,11881,11882,11883,11884,11885,11886,11887,11888,11889,11890,11891,11892,11893,11894,11895,11896,11897,11898,11899,11900,11901,11902,11903,11904,11905,11906,11907,11908,11909,11910,11911,11912,11913,11914,11915,11916,11917,11918,11919,11920,11921,11922,11923,11924,11925,11926,11927,11928,11929,11930,11931,11932,11933,11934,11935,11936,11937,11938,11939,11940,11941,11942,11943,11944,11945,11946,11947,11948,11949,11950,11951,11952,11953,11954,11955,11956,11957,11958,11959,11960,11961,11962,11963,11964,11965,11966,11967,11968,11969,11970,11971,11972,11973,11974,11975,11976,11977,11978,11979,11980,11981,11982,11983,11984,11985,11986,11987,11988,11989,11990,11991,11992,11993,11994,11995,11996,11997,11998,11999,12000,12001,12002,12003,12004,12005,12006,12007,12008,12009,12010,12011,12012,12013,12014,12015,12016,12017,12018,12019,12020,12021,12022,12023,12024,12025,12026,12027,12028,12029,12030,12031,12032,12033,12034,12035,12036,12037,12038,12039,12040,12041,12042,12043,12044,12045,12046,12047,12048,12049,12050,12051,12052,12053,12054,12055,12056,12057,12058,12059,12060,12061,12062,12063,12064,12065,12066,12067,12068,12069,12070,12071,12072,12073,12074,12075,12076,12077,12078,12079,12080,12081,12082,12083,12084,12085,12086,12087,12088,12089,12090,12091,12092,12093,12094,12095,12096,12097,12098,12099,12100,12101,12102,12103,12104,12105,12106,12107,12108,12109,12110,12111,12112,12113,12114,12115,12116,12117,12118,12119,12120,12121,12122,12123,12124,12125,12126,12127,12128,12129,12130,12131,12132,12133,12134,12135,12136,12137,12138,12139,12140,12141,12142,12143,12144,12145,12146,12147,12148,12149,12150,12151,12152,12153,12154,12155,12156,12157,12158,12159,12160,12161,12162,12163,12164,12165,12166,12167,12168,12169,12170,12171,12172,12173,12174,12175,12176,12177,12178,12179,12180,12181,12182,12183,12184,12185,12186,12187,12188,12189,12190,12191,12192,12193,12194,12195,12196,12197,12198,12199,12200,12201,12202,12203,12204,12205,12206,12207,12208,12209,12210,12211,12212,12213,12214,12215,12216,12217,12218,12219,12220,12221,12222,12223,12224,12225,12226,12227,12228,12229,12230,12231,12232,12233,12234,12235,12236,12237,12238,12239,12240,12241,12242,12243,12244,12245,12246,12247,12248,12249,12250,12251,12252,12253,12254,12255,12256,12257,12258,12259,12260,12261,12262,12263,12264,12265,12266,12267,12268,12269,12270,12271,12272,12273,12274,12275,12276,12277,12278,12279,12280,12281,12282,12283,12284,12285,12286,12287,12288,12289,12290,12291,12292,12293,12294,12295,12296,12297,12298,12299,12300,12301,12302,12303,12304,12305,12306,12307,12308,12309,12310,12311,12312,12313,12314,12315,12316,12317,12318,12319,12320,12321,12322,12323,12324,12325,12326,12327,12328,12329,12330,12331,12332,12333,12334,12335,12336,12337,12338,12339,12340,12341,12342,12343,12344,12345,12346,12347,12348,12349,12350,12351,12352,12353,12354,12355,12356,12357,12358,12359,12360,12361,12362,12363,12364,12365,12366,12367,12368,12369,12370,12371,12372,12373,12374,12375,12376,12377,12378,12379,12380,12381,12382,12383,12384,12385,12386,12387,12388,12389,12390,12391,12392,12393,12394,12395,12396,12397,12398,12399,12400,12401,12402,12403,12404,12405,12406,12407,12408,12409,12410,12411,12412,12413,12414,12415,12416,12417,12418,12419,12420,12421,12422,12423,12424,12425,12426,12427,12428,12429,12430,12431,12432,12433,12434,12435,12436,12437,12438,12439,12440,12441,12442,12443,12444,12445,12446,12447,12448,12449,12450,12451,12452,12453,12454,12455,12456,12457,12458,12459,12460,12461,12462,12463,12464,12465,12466,12467,12468,12469,12470,12471,12472,12473,12474,12475,12476,12477,12478,12479,12480,12481,12482,12483,12484,12485,12486,12487,12488,12489,12490,12491,12492,12493,12494,12495,12496,12497,12498,12499,12500,12501,12502,12503,12504,12505,12506,12507,12508,12509,12510,12511,12512,12513,12514,12515,12516,12517,12518,12519,12520,12521,12522,12523,12524,12525,12526,12527,12528,12529,12530,12531,12532,12533,12534,12535,12536,12537,12538,12539,12540,12541,12542,12543,12544,12545,12546,12547,12548,12549,12550,12551,12552,12553,12554,12555,12556,12557,12558,12559,12560,12561,12562,12563,12564,12565,12566,12567,12568,12569,12570,12571,12572,12573,12574,12575,12576,12577,12578,12579,12580,12581,12582,12583,12584,12585,12586,12587,12588,12589,12590,12591,12592,12593,12594,12595,12596,12597,12598,12599,12600,12601,12602,12603,12604,12605,12606,12607,12608,12609,12610,12611,12612,12613,12614,12615,12616,12617,12618,12619,12620,12621,12622,12623,12624,12625,12626,12627,12628,12629,12630,12631,12632,12633,12634,12635,12636,12637,12638,12639,12640,12641,12642,12643,12644,12645,12646,12647,12648,12649,12650,12651,12652,12653,12654,12655,12656,12657,12658,12659,12660,12661,12662,12663,12664,12665,12666,12667,12668,12669,12670,12671,12672,12673,12674,12675,12676,12677,12678,12679,12680,12681,12682,12683,12684,12685,12686,12687,12688,12689,12690,12691,12692,12693,12694,12695,12696,12697,12698,12699,12700,12701,12702,12703,12704,12705,12706,12707,12708,12709,12710,12711,12712,12713,12714,12715,12716,12717,12718,12719,12720,12721,12722,12723,12724,12725,12726,12727,12728,12729,12730,12731,12732,12733,12734,12735,12736,12737,12738,12739,12740,12741,12742,12743,12744,12745,12746,12747,12748,12749,12750,12751,12752,12753,12754,12755,12756,12757,12758,12759,12760,12761,12762,12763,12764,12765,12766,12767,12768,12769,12770,12771,12772,12773,12774,12775,12776,12777,12778,12779,12780,12781,12782,12783,12784,12785,12786,12787,12788,12789,12790,12791,12792,12793,12794,12795,12796,12797,12798,12799,12800,12801,12802,12803,12804,12805,12806,12807,12808,12809,12810,12811,12812,12813,12814,12815,12816,12817,12818,12819,12820,12821,12822,12823,12824,12825,12826,12827,12828,12829,12830,12831,12832,12833,12834,12835,12836,12837,12838,12839,12840,12841,12842,12843,12844,12845,12846,12847,12848,12849,12850,12851,12852,12853,12854,12855,12856,12857,12858,12859,12860,12861,12862,12863,12864,12865,12866,12867,12868,12869,12870,12871,12872,12873,12874,12875,12876,12877,12878,12879,12880,12881,12882,12883,12884,12885,12886,12887,12888,12889,12890,12891,12892,12893,12894,12895,12896,12897,12898,12899,12900,12901,12902,12903,12904,12905,12906,12907,12908,12909,12910,12911,12912,12913,12914,12915,12916,12917,12918,12919,12920,12921,12922,12923,12924,12925,12926,12927,12928,12929,12930,12931,12932,12933,12934,12935,12936,12937,12938,12939,12940,12941,12942,12943,12944,12945,12946,12947,12948,12949,12950,12951,12952,12953,12954,12955,12956,12957,12958,12959,12960,12961,12962,12963,12964,12965,12966,12967,12968,12969,12970,12971,12972,12973,12974,12975,12976,12977,12978,12979,12980,12981,12982,12983,12984,12985,12986,12987,12988,12989,12990,12991,12992,12993,12994,12995,12996,12997,12998,12999,13000,13001,13002,13003,13004,13005,13006,13007,13008,13009,13010,13011,13012,13013,13014,13015,13016,13017,13018,13019,13020,13021,13022,13023,13024,13025,13026,13027,13028,13029,13030,13031,13032,13033,13034,13035,13036,13037,13038,13039,13040,13041,13042,13043,13044,13045,13046,13047,13048,13049,13050,13051,13052,13053,13054,13055,13056,13057,13058,13059,13060,13061,13062,13063,13064,13065,13066,13067,13068,13069,13070,13071,13072,13073,13074,13075,13076,13077,13078,13079,13080,13081,13082,13083,13084,13085,13086,13087,13088,13089,13090,13091,13092,13093,13094,13095,13096,13097,13098,13099,13100,13101,13102,13103,13104,13105,13106,13107,13108,13109,13110,13111,13112,13113,13114,13115,13116,13117,13118,13119,13120,13121,13122,13123,13124,13125,13126,13127,13128,13129,13130,13131,13132,13133,13134,13135,13136,13137,13138,13139,13140,13141,13142,13143,13144,13145,13146,13147,13148,13149,13150,13151,13152,13153,13154,13155,13156,13157,13158,13159,13160,13161,13162,13163,13164,13165,13166,13167,13168,13169,13170,13171,13172,13173,13174,13175,13176,13177,13178,13179,13180,13181,13182,13183,13184,13185,13186,13187,13188,13189,13190,13191,13192,13193,13194,13195,13196,13197,13198,13199,13200,13201,13202,13203,13204,13205,13206,13207,13208,13209,13210,13211,13212,13213,13214,13215,13216,13217,13218,13219,13220,13221,13222,13223,13224,13225,13226,13227,13228,13229,13230,13231,13232,13233,13234,13235,13236,13237,13238,13239,13240,13241,13242,13243,13244,13245,13246,13247,13248,13249,13250,13251,13252,13253,13254,13255,13256,13257,13258,13259,13260,13261,13262,13263,13264,13265,13266,13267,13268,13269,13270,13271,13272,13273,13274,13275,13276,13277,13278,13279,13280,13281,13282,13283,13284,13285,13286,13287,13288,13289,13290,13291,13292,13293,13294,13295,13296,13297,13298,13299,13300,13301,13302,13303,13304,13305,13306,13307,13308,13309,13310,13311,13312,13313,13314,13315,13316,13317,13318,13319,13320,13321,13322,13323,13324,13325,13326,13327,13328,13329,13330,13331,13332,13333,13334,13335,13336,13337,13338,13339,13340,13341,13342,13343,13344,13345,13346,13347,13348,13349,13350,13351,13352,13353,13354,13355,13356,13357,13358,13359,13360,13361,13362,13363,13364,13365,13366,13367,13368,13369,13370,13371,13372,13373,13374,13375,13376,13377,13378,13379,13380,13381,13382,13383,13384,13385,13386,13387,13388,13389,13390,13391,13392,13393,13394,13395,13396,13397,13398,13399,13400,13401,13402,13403,13404,13405,13406,13407,13408,13409,13410,13411,13412,13413,13414,13415,13416,13417,13418,13419,13420,13421,13422,13423,13424,13425,13426,13427,13428,13429,13430,13431,13432,13433,13434,13435,13436,13437,13438,13439,13440,13441,13442,13443,13444,13445,13446,13447,13448,13449,13450,13451,13452,13453,13454,13455,13456,13457,13458,13459,13460,13461,13462,13463,13464,13465,13466,13467,13468,13469,13470,13471,13472,13473,13474,13475,13476,13477,13478,13479,13480,13481,13482,13483,13484,13485,13486,13487,13488,13489,13490,13491,13492,13493,13494,13495,13496,13497,13498,13499,13500,13501,13502,13503,13504,13505,13506,13507,13508,13509,13510,13511,13512,13513,13514,13515,13516,13517,13518,13519,13520,13521,13522,13523,13524,13525,13526,13527,13528,13529,13530,13531,13532,13533,13534,13535,13536,13537,13538,13539,13540,13541,13542,13543,13544,13545,13546,13547,13548,13549,13550,13551,13552,13553,13554,13555,13556,13557,13558,13559,13560,13561,13562,13563,13564,13565,13566,13567,13568,13569,13570,13571,13572,13573,13574,13575,13576,13577,13578,13579,13580,13581,13582,13583,13584,13585,13586,13587,13588,13589,13590,13591,13592,13593,13594,13595,13596,13597,13598,13599,13600,13601,13602,13603,13604,13605,13606,13607,13608,13609,13610,13611,13612,13613,13614,13615,13616,13617,13618,13619,13620,13621,13622,13623,13624,13625,13626,13627,13628,13629,13630,13631,13632,13633,13634,13635,13636,13637,13638,13639,13640,13641,13642,13643,13644,13645,13646,13647,13648,13649,13650,13651,13652,13653,13654,13655,13656,13657,13658,13659,13660,13661,13662,13663,13664,13665,13666,13667,13668,13669,13670,13671,13672,13673,13674,13675,13676,13677,13678,13679,13680,13681,13682,13683,13684,13685,13686,13687,13688,13689,13690,13691,13692,13693,13694,13695,13696,13697,13698,13699,13700,13701,13702,13703,13704,13705,13706,13707,13708,13709,13710,13711,13712,13713,13714,13715,13716,13717,13718,13719,13720,13721,13722,13723,13724,13725,13726,13727,13728,13729,13730,13731,13732,13733,13734,13735,13736,13737,13738,13739,13740,13741,13742,13743,13744,13745,13746,13747,13748,13749,13750,13751,13752,13753,13754,13755,13756,13757,13758,13759,13760,13761,13762,13763,13764,13765,13766,13767,13768,13769,13770,13771,13772,13773,13774,13775,13776,13777,13778,13779,13780,13781,13782,13783,13784,13785,13786,13787,13788,13789,13790,13791,13792,13793,13794,13795,13796,13797,13798,13799,13800,13801,13802,13803,13804,13805,13806,13807,13808,13809,13810,13811,13812,13813,13814,13815,13816,13817,13818,13819,13820,13821,13822,13823,13824,13825,13826,13827,13828,13829,13830,13831,13832,13833,13834,13835,13836,13837,13838,13839,13840,13841,13842,13843,13844,13845,13846,13847,13848,13849,13850,13851,13852,13853,13854,13855,13856,13857,13858,13859,13860,13861,13862,13863,13864,13865,13866,13867,13868,13869,13870,13871,13872,13873,13874,13875,13876,13877,13878,13879,13880,13881,13882,13883,13884,13885,13886,13887,13888,13889,13890,13891,13892,13893,13894,13895,13896,13897,13898,13899,13900,13901,13902,13903,13904,13905,13906,13907,13908,13909,13910,13911,13912,13913,13914,13915,13916,13917,13918,13919,13920,13921,13922,13923,13924,13925,13926,13927,13928,13929,13930,13931,13932,13933,13934,13935,13936,13937,13938,13939,13940,13941,13942,13943,13944,13945,13946,13947,13948,13949,13950,13951,13952,13953,13954,13955,13956,13957,13958,13959,13960,13961,13962,13963,13964,13965,13966,13967,13968,13969,13970,13971,13972,13973,13974,13975,13976,13977,13978,13979,13980,13981,13982,13983,13984,13985,13986,13987,13988,13989,13990,13991,13992,13993,13994,13995,13996,13997,13998,13999,14000,14001,14002,14003,14004,14005,14006,14007,14008,14009,14010,14011,14012,14013,14014,14015,14016,14017,14018,14019,14020,14021,14022,14023,14024,14025,14026,14027,14028,14029,14030,14031,14032,14033,14034,14035,14036,14037,14038,14039,14040,14041,14042,14043,14044,14045,14046,14047,14048,14049,14050,14051,14052,14053,14054,14055,14056,14057,14058,14059,14060,14061,14062,14063,14064,14065,14066,14067,14068,14069,14070,14071,14072,14073,14074,14075,14076,14077,14078,14079,14080,14081,14082,14083,14084,14085,14086,14087,14088,14089,14090,14091,14092,14093,14094,14095,14096,14097,14098,14099,14100,14101,14102,14103,14104,14105,14106,14107,14108,14109,14110,14111,14112,14113,14114,14115,14116,14117,14118,14119,14120,14121,14122,14123,14124,14125,14126,14127,14128,14129,14130,14131
0.0,1.0,0.0,1.0,0.0,0.0,0.0,0.0,0.0,0.0,0.0,0.0,0.0,0.0,0.0,0.0,1.0,1.0,0.0,0.0,1.0,0.0,0.0,1.0,0.0,1.0,0.0,0.0,0.0,0.0,0.0,1.0,0.0,1.0,1.0,1.0,1.0,0.0,1.0,0.0,0.0,0.0,1.0,0.0,0.0,0.0,0.0,0.0,0.0,0.0,0.0,0.0,0.0,0.0,0.0,1.0,1.0,0.0,0.0,1.0,0.0,0.0,1.0,0.0,1.0,0.0,0.0,0.0,0.0,0.0,1.0,0.0,1.0,1.0,1.0,1.0,0.0,1.0,1.0,1.0,0.0,1.0,0.0,0.0,1.0,0.0,1.0,1.0,0.0,1.0,0.0,0.0,0.0,0.0,1.0,1.0,1.0,0.0,1.0,1.0,0.0,1.0,0.0,1.0,0.0,0.0,1.0,0.0,0.0,1.0,0.0,1.0,1.0,1.0,1.0,0.0,1.0,0.0,0.0,0.0,0.0,0.0,0.0,0.0,0.0,0.0,0.0,0.0,0.0,0.0,0.0,0.0,0.0,1.0,1.0,0.0,0.0,1.0,0.0,0.0,1.0,0.0,1.0,0.0,0.0,0.0,0.0,0.0,1.0,0.0,1.0,1.0,1.0,1.0,0.0,1.0,1.0,1.0,1.0,1.0,0.0,1.0,1.0,0.0,1.0,1.0,0.0,1.0,1.0,0.0,1.0,0.0,1.0,1.0,1.0,1.0,1.0,1.0,0.0,1.0,0.0,1.0,1.0,0.0,1.0,0.0,1.0,1.0,1.0,1.0,1.0,1.0,1.0,1.0,1.0,1.0,1.0,1.0,1.0,0.0,0.0,1.0,0.0,1.0,1.0,0.0,1.0,0.0,0.0,0.0,0.0,1.0,1.0,1.0,1.0,1.0,1.0,0.0,1.0,0.0,1.0,1.0,0.0,1.0,0.0,1.0,1.0,1.0,1.0,1.0,1.0,1.0,1.0,1.0,1.0,1.0,0.0,1.0,0.0,0.0,0.0,0.0,1.0,0.0,0.0,1.0,0.0,0.0,0.0,0.0,1.0,1.0,0.0,0.0,1.0,1.0,0.0,1.0,0.0,1.0,0.0,0.0,1.0,0.0,0.0,1.0,0.0,1.0,1.0,1.0,1.0,0.0,1.0,1.0,1.0,1.0,1.0,1.0,1.0,1.0,0.0,1.0,1.0,0.0,1.0,1.0,0.0,1.0,0.0,1.0,1.0,1.0,1.0,1.0,1.0,0.0,1.0,0.0,1.0,1.0,1.0,0.0,1.0,1.0,1.0,1.0,1.0,1.0,1.0,1.0,1.0,1.0,1.0,0.0,1.0,0.0,0.0,0.0,0.0,0.0,0.0,0.0,1.0,0.0,0.0,0.0,0.0,1.0,1.0,0.0,0.0,1.0,0.0,0.0,1.0,0.0,1.0,0.0,0.0,1.0,0.0,0.0,1.0,0.0,1.0,1.0,1.0,1.0,0.0,1.0,1.0,1.0,0.0,1.0,0.0,0.0,1.0,0.0,1.0,0.0,0.0,1.0,0.0,0.0,0.0,0.0,1.0,1.0,1.0,0.0,1.0,1.0,0.0,1.0,0.0,1.0,0.0,0.0,1.0,0.0,0.0,1.0,0.0,1.0,1.0,1.0,1.0,0.0,1.0,1.0,1.0,1.0,1.0,1.0,1.0,1.0,1.0,1.0,1.0,0.0,1.0,1.0,1.0,1.0,1.0,1.0,1.0,1.0,1.0,1.0,1.0,1.0,1.0,1.0,1.0,1.0,1.0,1.0,1.0,1.0,1.0,1.0,1.0,1.0,1.0,1.0,1.0,1.0,0.0,1.0,0.0,0.0,0.0,0.0,0.0,0.0,0.0,0.0,0.0,0.0,0.0,0.0,1.0,1.0,0.0,0.0,1.0,0.0,0.0,1.0,0.0,1.0,0.0,0.0,0.0,0.0,0.0,1.0,0.0,1.0,1.0,1.0,1.0,0.0,1.0,1.0,1.0,1.0,1.0,0.0,1.0,1.0,0.0,1.0,1.0,0.0,1.0,0.0,0.0,0.0,0.0,1.0,1.0,1.0,1.0,1.0,1.0,0.0,1.0,0.0,1.0,1.0,0.0,1.0,0.0,1.0,1.0,1.0,1.0,1.0,1.0,1.0,1.0,1.0,1.0,1.0,1.0,1.0,1.0,1.0,1.0,1.0,1.0,1.0,0.0,1.0,1.0,0.0,1.0,0.0,1.0,1.0,1.0,1.0,1.0,1.0,0.0,1.0,0.0,1.0,1.0,1.0,0.0,1.0,1.0,1.0,1.0,1.0,1.0,1.0,1.0,1.0,1.0,1.0,1.0,1.0,0.0,1.0,1.0,0.0,1.0,1.0,0.0,1.0,1.0,0.0,0.0,0.0,1.0,1.0,1.0,1.0,1.0,1.0,0.0,1.0,0.0,1.0,1.0,0.0,1.0,0.0,1.0,1.0,1.0,1.0,1.0,1.0,1.0,1.0,1.0,1.0,1.0,1.0,1.0,1.0,1.0,1.0,1.0,1.0,1.0,0.0,1.0,1.0,1.0,1.0,0.0,1.0,1.0,1.0,1.0,1.0,1.0,0.0,1.0,0.0,1.0,1.0,1.0,1.0,1.0,1.0,1.0,1.0,1.0,1.0,1.0,1.0,1.0,0.0,0.0,0.0,0.0,0.0,0.0,0.0,0.0,0.0,0.0,0.0,0.0,0.0,0.0,0.0,0.0,0.0,1.0,0.0,0.0,1.0,0.0,0.0,1.0,0.0,1.0,0.0,0.0,0.0,0.0,0.0,1.0,0.0,1.0,0.0,1.0,1.0,0.0,1.0,0.0,0.0,0.0,0.0,0.0,0.0,0.0,0.0,0.0,0.0,0.0,0.0,0.0,0.0,0.0,0.0,0.0,0.0,0.0,0.0,0.0,0.0,0.0,0.0,0.0,1.0,0.0,0.0,0.0,0.0,0.0,0.0,0.0,0.0,0.0,0.0,0.0,0.0,0.0,1.0,1.0,0.0,1.0,0.0,0.0,1.0,0.0,1.0,0.0,0.0,1.0,0.0,0.0,0.0,0.0,1.0,1.0,0.0,0.0,1.0,1.0,0.0,1.0,0.0,1.0,0.0,0.0,1.0,0.0,0.0,1.0,0.0,1.0,1.0,1.0,1.0,0.0,1.0,1.0,1.0,1.0,1.0,0.0,0.0,1.0,0.0,1.0,1.0,0.0,1.0,0.0,0.0,0.0,0.0,1.0,1.0,1.0,0.0,1.0,1.0,0.0,1.0,0.0,1.0,1.0,0.0,1.0,0.0,1.0,1.0,1.0,1.0,1.0,1.0,1.0,1.0,1.0,0.0,0.0,0.0,0.0,0.0,0.0,0.0,0.0,0.0,0.0,0.0,0.0,0.0,0.0,0.0,0.0,0.0,1.0,0.0,0.0,0.0,0.0,0.0,0.0,0.0,1.0,0.0,0.0,0.0,0.0,0.0,1.0,0.0,1.0,0.0,1.0,0.0,0.0,1.0,1.0,1.0,0.0,1.0,0.0,0.0,0.0,0.0,1.0,0.0,0.0,1.0,0.0,0.0,0.0,0.0,1.0,1.0,0.0,0.0,1.0,0.0,0.0,1.0,0.0,1.0,0.0,0.0,1.0,0.0,0.0,1.0,0.0,1.0,1.0,1.0,1.0,0.0,1.0,1.0,1.0,1.0,1.0,1.0,1.0,1.0,1.0,1.0,1.0,1.0,1.0,1.0,1.0,1.0,1.0,1.0,1.0,1.0,1.0,1.0,1.0,1.0,1.0,1.0,1.0,1.0,1.0,1.0,1.0,1.0,1.0,1.0,1.0,1.0,1.0,0.0,0.0,0.0,0.0,0.0,0.0,0.0,0.0,0.0,0.0,0.0,0.0,0.0,0.0,0.0,0.0,0.0,1.0,0.0,0.0,1.0,0.0,0.0,0.0,0.0,1.0,0.0,0.0,0.0,0.0,0.0,1.0,0.0,1.0,0.0,1.0,0.0,0.0,1.0,1.0,1.0,1.0,1.0,1.0,1.0,1.0,1.0,1.0,1.0,0.0,1.0,1.0,1.0,1.0,1.0,1.0,1.0,1.0,1.0,1.0,1.0,0.0,1.0,0.0,1.0,1.0,1.0,1.0,1.0,1.0,1.0,1.0,1.0,1.0,1.0,1.0,1.0,0.0,0.0,0.0,0.0,0.0,0.0,0.0,0.0,0.0,0.0,0.0,0.0,0.0,0.0,0.0,0.0,0.0,0.0,0.0,0.0,0.0,0.0,0.0,0.0,0.0,0.0,0.0,0.0,0.0,0.0,0.0,0.0,0.0,0.0,0.0,0.0,0.0,0.0,0.0,1.0,1.0,1.0,1.0,0.0,0.0,1.0,0.0,1.0,1.0,0.0,1.0,0.0,0.0,0.0,0.0,1.0,1.0,1.0,0.0,1.0,1.0,0.0,1.0,0.0,1.0,0.0,0.0,1.0,0.0,1.0,1.0,0.0,1.0,1.0,1.0,1.0,1.0,1.0,1.0,1.0,1.0,1.0,1.0,1.0,1.0,1.0,1.0,1.0,1.0,1.0,1.0,1.0,1.0,1.0,1.0,1.0,1.0,1.0,1.0,1.0,1.0,1.0,1.0,1.0,1.0,1.0,1.0,1.0,1.0,1.0,1.0,0.0,1.0,0.0,0.0,0.0,0.0,0.0,0.0,0.0,0.0,0.0,0.0,0.0,0.0,1.0,1.0,0.0,0.0,1.0,0.0,0.0,1.0,0.0,1.0,0.0,0.0,0.0,0.0,0.0,1.0,0.0,1.0,1.0,1.0,1.0,0.0,1.0,1.0,1.0,1.0,1.0,1.0,1.0,1.0,1.0,1.0,1.0,0.0,1.0,1.0,1.0,1.0,0.0,1.0,1.0,1.0,1.0,1.0,1.0,0.0,1.0,0.0,1.0,1.0,1.0,0.0,1.0,1.0,1.0,1.0,1.0,1.0,1.0,1.0,1.0,1.0,1.0,1.0,1.0,0.0,0.0,1.0,0.0,1.0,1.0,0.0,1.0,0.0,0.0,0.0,0.0,1.0,1.0,1.0,0.0,1.0,1.0,0.0,1.0,0.0,1.0,0.0,0.0,1.0,0.0,0.0,1.0,0.0,1.0,1.0,1.0,1.0,1.0,1.0,0.0,0.0,0.0,0.0,0.0,0.0,0.0,0.0,0.0,0.0,0.0,0.0,0.0,0.0,0.0,0.0,0.0,1.0,0.0,0.0,0.0,0.0,0.0,0.0,0.0,1.0,0.0,0.0,0.0,0.0,0.0,0.0,0.0,1.0,0.0,0.0,0.0,0.0,0.0,1.0,1.0,1.0,1.0,0.0,0.0,1.0,0.0,1.0,1.0,0.0,1.0,0.0,0.0,0.0,0.0,1.0,1.0,1.0,0.0,1.0,1.0,0.0,1.0,0.0,1.0,1.0,0.0,1.0,0.0,1.0,1.0,0.0,1.0,1.0,1.0,1.0,1.0,1.0,0.0,0.0,0.0,0.0,0.0,0.0,0.0,0.0,0.0,0.0,0.0,0.0,0.0,0.0,0.0,0.0,0.0,1.0,0.0,0.0,0.0,0.0,0.0,0.0,0.0,1.0,0.0,0.0,0.0,0.0,0.0,0.0,0.0,0.0,0.0,0.0,0.0,0.0,0.0,0.0,0.0,0.0,0.0,0.0,0.0,0.0,0.0,0.0,0.0,0.0,0.0,0.0,0.0,0.0,0.0,1.0,1.0,0.0,0.0,1.0,0.0,0.0,1.0,0.0,1.0,0.0,0.0,0.0,0.0,0.0,1.0,0.0,1.0,0.0,1.0,1.0,0.0,1.0,0.0,0.0,0.0,0.0,0.0,0.0,0.0,0.0,0.0,0.0,0.0,0.0,0.0,0.0,0.0,0.0,0.0,1.0,0.0,0.0,0.0,0.0,0.0,0.0,0.0,1.0,0.0,0.0,0.0,0.0,0.0,0.0,0.0,1.0,0.0,0.0,0.0,0.0,0.0,0.0,0.0,0.0,0.0,0.0,0.0,0.0,0.0,0.0,0.0,0.0,0.0,0.0,0.0,0.0,0.0,0.0,1.0,0.0,0.0,1.0,0.0,0.0,1.0,0.0,1.0,0.0,0.0,0.0,0.0,0.0,1.0,0.0,1.0,0.0,1.0,0.0,0.0,1.0,1.0,1.0,1.0,1.0,0.0,0.0,1.0,0.0,1.0,1.0,0.0,1.0,0.0,0.0,0.0,0.0,1.0,1.0,1.0,0.0,1.0,1.0,0.0,1.0,0.0,1.0,0.0,0.0,1.0,0.0,0.0,1.0,0.0,1.0,1.0,1.0,1.0,0.0,1.0,0.0,0.0,0.0,0.0,0.0,0.0,0.0,0.0,0.0,0.0,0.0,0.0,0.0,0.0,0.0,0.0,0.0,1.0,0.0,0.0,0.0,0.0,0.0,0.0,0.0,1.0,0.0,0.0,0.0,0.0,0.0,1.0,0.0,1.0,0.0,1.0,0.0,0.0,0.0,0.0,1.0,1.0,0.0,1.0,0.0,1.0,1.0,1.0,1.0,0.0,1.0,0.0,0.0,0.0,0.0,1.0,0.0,1.0,1.0,1.0,1.0,1.0,1.0,0.0,0.0,1.0,0.0,1.0,0.0,1.0,1.0,1.0,1.0,1.0,1.0,1.0,1.0,1.0,0.0,0.0,0.0,0.0,0.0,0.0,0.0,0.0,1.0,1.0,0.0,0.0,0.0,0.0,0.0,0.0,0.0,0.0,0.0,0.0,1.0,1.0,0.0,0.0,0.0,0.0,1.0,0.0,1.0,0.0,1.0,1.0,1.0,0.0,1.0,1.0,1.0,1.0,0.0,0.0,1.0,0.0,0.0,1.0,0.0,1.0,0.0,1.0,1.0,0.0,0.0,0.0,0.0,0.0,0.0,0.0,0.0,1.0,0.0,1.0,1.0,0.0,0.0,0.0,0.0,1.0,0.0,1.0,0.0,1.0,1.0,1.0,1.0,1.0,1.0,1.0,1.0,1.0,1.0,1.0,1.0,0.0,1.0,1.0,1.0,1.0,1.0,1.0,1.0,0.0,1.0,1.0,1.0,1.0,1.0,1.0,1.0,1.0,1.0,1.0,1.0,0.0,0.0,1.0,0.0,1.0,0.0,1.0,1.0,1.0,1.0,1.0,1.0,1.0,1.0,1.0,0.0,1.0,0.0,0.0,0.0,0.0,0.0,0.0,1.0,1.0,0.0,0.0,0.0,0.0,0.0,0.0,0.0,0.0,0.0,0.0,1.0,1.0,0.0,0.0,0.0,0.0,1.0,0.0,1.0,0.0,1.0,1.0,1.0,0.0,1.0,1.0,1.0,1.0,0.0,1.0,1.0,1.0,0.0,1.0,0.0,1.0,1.0,1.0,1.0,1.0,0.0,1.0,1.0,1.0,1.0,1.0,1.0,1.0,1.0,1.0,1.0,1.0,0.0,0.0,1.0,0.0,1.0,0.0,1.0,1.0,1.0,1.0,1.0,1.0,1.0,1.0,1.0,0.0,1.0,0.0,0.0,1.0,0.0,0.0,0.0,1.0,1.0,0.0,0.0,0.0,0.0,0.0,0.0,0.0,0.0,1.0,0.0,1.0,1.0,0.0,0.0,0.0,0.0,1.0,0.0,1.0,0.0,1.0,1.0,1.0,1.0,1.0,1.0,1.0,1.0,0.0,0.0,1.0,1.0,0.0,1.0,0.0,1.0,0.0,1.0,1.0,0.0,1.0,0.0,0.0,0.0,0.0,0.0,0.0,1.0,1.0,1.0,1.0,0.0,1.0,0.0,0.0,1.0,0.0,1.0,0.0,1.0,1.0,1.0,1.0,1.0,1.0,1.0,1.0,1.0,0.0,0.0,0.0,0.0,0.0,0.0,0.0,0.0,0.0,1.0,0.0,0.0,0.0,0.0,0.0,0.0,0.0,0.0,0.0,0.0,1.0,1.0,0.0,0.0,0.0,0.0,1.0,0.0,0.0,0.0,0.0,0.0,1.0,0.0,1.0,1.0,0.0,1.0,0.0,0.0,0.0,0.0,0.0,0.0,0.0,0.0,0.0,0.0,0.0,0.0,0.0,0.0,0.0,0.0,0.0,0.0,0.0,0.0,0.0,0.0,0.0,0.0,0.0,0.0,0.0,0.0,0.0,0.0,0.0,0.0,0.0,0.0,0.0,0.0,0.0,0.0,0.0,0.0,1.0,1.0,1.0,1.0,1.0,1.0,1.0,1.0,1.0,1.0,1.0,1.0,1.0,1.0,1.0,1.0,1.0,1.0,1.0,1.0,1.0,1.0,1.0,1.0,1.0,1.0,1.0,1.0,1.0,0.0,1.0,1.0,0.0,1.0,0.0,1.0,0.0,1.0,1.0,0.0,0.0,0.0,0.0,0.0,0.0,0.0,0.0,1.0,1.0,1.0,1.0,0.0,0.0,0.0,0.0,1.0,0.0,1.0,0.0,1.0,1.0,1.0,1.0,1.0,1.0,1.0,1.0,1.0,1.0,1.0,1.0,1.0,1.0,1.0,1.0,1.0,1.0,1.0,1.0,1.0,1.0,1.0,1.0,1.0,1.0,1.0,1.0,1.0,1.0,1.0,1.0,1.0,1.0,1.0,1.0,1.0,1.0,1.0,1.0,1.0,1.0,1.0,1.0,1.0,0.0,1.0,0.0,1.0,1.0,1.0,1.0,0.0,1.0,0.0,0.0,0.0,0.0,1.0,0.0,1.0,1.0,1.0,1.0,1.0,1.0,0.0,0.0,1.0,0.0,1.0,0.0,1.0,1.0,1.0,1.0,1.0,1.0,1.0,1.0,1.0,1.0,1.0,1.0,0.0,1.0,0.0,1.0,1.0,1.0,1.0,1.0,0.0,1.0,0.0,1.0,1.0,0.0,1.0,1.0,1.0,1.0,1.0,1.0,0.0,0.0,1.0,0.0,1.0,0.0,1.0,1.0,1.0,1.0,1.0,1.0,1.0,1.0,1.0,1.0,1.0,1.0,0.0,1.0,0.0,1.0,1.0,1.0,1.0,0.0,1.0,0.0,0.0,0.0,0.0,1.0,0.0,1.0,1.0,1.0,1.0,1.0,1.0,0.0,0.0,1.0,0.0,1.0,0.0,1.0,1.0,1.0,1.0,1.0,1.0,1.0,1.0,1.0,0.0,1.0,1.0,0.0,1.0,0.0,1.0,1.0,1.0,1.0,0.0,1.0,0.0,0.0,0.0,0.0,0.0,0.0,1.0,1.0,1.0,1.0,0.0,1.0,0.0,0.0,1.0,0.0,1.0,0.0,1.0,1.0,1.0,1.0,1.0,1.0,1.0,1.0,1.0,1.0,1.0,1.0,0.0,1.0,0.0,1.0,1.0,1.0,1.0,1.0,0.0,1.0,1.0,1.0,1.0,0.0,1.0,1.0,1.0,1.0,1.0,1.0,0.0,0.0,1.0,0.0,1.0,0.0,1.0,1.0,1.0,1.0,1.0,1.0,1.0,1.0,1.0,0.0,1.0,0.0,0.0,1.0,0.0,0.0,0.0,1.0,1.0,0.0,0.0,0.0,0.0,0.0,0.0,0.0,0.0,0.0,0.0,1.0,1.0,0.0,0.0,0.0,0.0,1.0,0.0,1.0,0.0,1.0,1.0,1.0,1.0,1.0,1.0,1.0,1.0,0.0,0.0,1.0,0.0,0.0,1.0,0.0,1.0,0.0,1.0,1.0,0.0,0.0,0.0,0.0,0.0,0.0,0.0,0.0,1.0,0.0,1.0,1.0,0.0,0.0,0.0,0.0,1.0,0.0,1.0,0.0,1.0,1.0,1.0,1.0,1.0,1.0,1.0,1.0,1.0,0.0,0.0,0.0,0.0,0.0,0.0,0.0,0.0,0.0,1.0,0.0,0.0,0.0,0.0,0.0,0.0,0.0,0.0,0.0,0.0,0.0,0.0,0.0,0.0,0.0,0.0,0.0,0.0,0.0,0.0,0.0,0.0,1.0,0.0,0.0,0.0,0.0,0.0,0.0,0.0,0.0,0.0,0.0,0.0,0.0,0.0,0.0,0.0,1.0,0.0,0.0,0.0,0.0,0.0,0.0,0.0,0.0,0.0,0.0,1.0,0.0,0.0,0.0,0.0,0.0,0.0,0.0,0.0,0.0,0.0,0.0,1.0,0.0,0.0,0.0,0.0,0.0,0.0,0.0,1.0,1.0,0.0,1.0,0.0,1.0,1.0,1.0,1.0,0.0,1.0,0.0,0.0,0.0,0.0,1.0,0.0,1.0,1.0,1.0,1.0,0.0,1.0,0.0,0.0,1.0,0.0,1.0,0.0,1.0,1.0,1.0,1.0,1.0,1.0,1.0,1.0,1.0,0.0,1.0,1.0,0.0,1.0,0.0,1.0,0.0,1.0,1.0,0.0,1.0,0.0,0.0,0.0,0.0,0.0,0.0,1.0,1.0,1.0,1.0,0.0,0.0,0.0,0.0,1.0,0.0,1.0,0.0,1.0,1.0,1.0,1.0,1.0,1.0,1.0,1.0,1.0,1.0,1.0,1.0,1.0,1.0,1.0,1.0,1.0,1.0,1.0,1.0,1.0,1.0,1.0,1.0,1.0,1.0,1.0,1.0,1.0,1.0,1.0,1.0,1.0,1.0,1.0,1.0,1.0,1.0,1.0,1.0,1.0,1.0,1.0,1.0,1.0,1.0,1.0,1.0,1.0,1.0,1.0,1.0,1.0,1.0,1.0,1.0,1.0,1.0,1.0,1.0,1.0,1.0,1.0,1.0,1.0,1.0,1.0,1.0,1.0,1.0,1.0,1.0,1.0,1.0,1.0,0.0,0.0,0.0,0.0,0.0,0.0,0.0,0.0,0.0,1.0,0.0,0.0,0.0,0.0,0.0,0.0,0.0,0.0,0.0,0.0,1.0,1.0,0.0,0.0,0.0,0.0,0.0,0.0,0.0,0.0,0.0,0.0,1.0,0.0,0.0,0.0,0.0,0.0,0.0,1.0,1.0,1.0,1.0,1.0,1.0,1.0,1.0,1.0,1.0,1.0,1.0,1.0,1.0,1.0,1.0,1.0,1.0,1.0,1.0,1.0,1.0,1.0,0.0,1.0,1.0,1.0,1.0,1.0,1.0,1.0,1.0,1.0,1.0,0.0,0.0,0.0,0.0,0.0,0.0,0.0,0.0,1.0,1.0,0.0,0.0,0.0,0.0,0.0,0.0,0.0,0.0,0.0,0.0,1.0,1.0,0.0,0.0,0.0,0.0,1.0,0.0,0.0,0.0,1.0,0.0,1.0,0.0,1.0,1.0,0.0,1.0,0.0,1.0,1.0,1.0,1.0,1.0,1.0,1.0,1.0,1.0,1.0,1.0,1.0,1.0,1.0,1.0,1.0,1.0,1.0,1.0,1.0,1.0,1.0,1.0,1.0,1.0,1.0,1.0,1.0,1.0,1.0,1.0,1.0,1.0,0.0,0.0,0.0,0.0,0.0,0.0,0.0,0.0,1.0,1.0,0.0,0.0,0.0,0.0,0.0,0.0,0.0,0.0,0.0,0.0,1.0,1.0,0.0,0.0,0.0,0.0,1.0,0.0,0.0,0.0,0.0,0.0,1.0,0.0,1.0,1.0,0.0,1.0,0.0,0.0,0.0,0.0,0.0,0.0,0.0,0.0,0.0,1.0,1.0,0.0,0.0,0.0,0.0,0.0,0.0,0.0,0.0,0.0,0.0,1.0,1.0,0.0,0.0,0.0,0.0,1.0,0.0,1.0,0.0,1.0,0.0,1.0,0.0,1.0,1.0,1.0,1.0,0.0,0.0,0.0,0.0,0.0,0.0,0.0,0.0,0.0,0.0,0.0,0.0,0.0,0.0,0.0,0.0,0.0,0.0,0.0,0.0,0.0,0.0,0.0,0.0,0.0,0.0,0.0,0.0,0.0,0.0,0.0,0.0,0.0,0.0,0.0,0.0,0.0,0.0,0.0,0.0,0.0,1.0,0.0,0.0,0.0,0.0,0.0,0.0,1.0,1.0,0.0,0.0,0.0,0.0,0.0,0.0,0.0,0.0,0.0,0.0,1.0,1.0,0.0,0.0,0.0,0.0,1.0,0.0,1.0,0.0,1.0,1.0,1.0,0.0,1.0,1.0,1.0,1.0,0.0,0.0,0.0,0.0,0.0,0.0,0.0,0.0,0.0,0.0,1.0,0.0,0.0,0.0,0.0,0.0,0.0,0.0,0.0,0.0,0.0,1.0,1.0,0.0,0.0,0.0,0.0,1.0,0.0,0.0,0.0,0.0,0.0,1.0,0.0,0.0,0.0,0.0,0.0,0.0,0.0,0.0,0.0,0.0,0.0,0.0,0.0,0.0,0.0,1.0,0.0,0.0,0.0,0.0,0.0,0.0,0.0,0.0,0.0,0.0,1.0,1.0,0.0,0.0,0.0,0.0,1.0,0.0,0.0,0.0,0.0,0.0,1.0,0.0,1.0,0.0,0.0,0.0,0.0,0.0,0.0,0.0,0.0,0.0,0.0,0.0,0.0,1.0,1.0,0.0,0.0,0.0,0.0,0.0,0.0,0.0,0.0,0.0,0.0,1.0,1.0,0.0,0.0,0.0,0.0,1.0,0.0,1.0,0.0,1.0,0.0,1.0,0.0,1.0,1.0,0.0,1.0,0.0,0.0,0.0,0.0,0.0,0.0,0.0,0.0,0.0,0.0,1.0,0.0,0.0,0.0,0.0,0.0,0.0,0.0,0.0,0.0,0.0,1.0,1.0,0.0,0.0,0.0,0.0,1.0,0.0,0.0,0.0,0.0,0.0,1.0,0.0,1.0,1.0,0.0,0.0,0.0,0.0,1.0,0.0,0.0,1.0,0.0,1.0,0.0,1.0,1.0,0.0,0.0,0.0,0.0,0.0,0.0,0.0,0.0,1.0,0.0,1.0,1.0,0.0,0.0,0.0,0.0,1.0,0.0,1.0,0.0,1.0,1.0,1.0,1.0,1.0,1.0,1.0,1.0,0.0,0.0,1.0,1.0,1.0,1.0,1.0,1.0,1.0,1.0,1.0,1.0,1.0,0.0,0.0,1.0,1.0,0.0,1.0,1.0,1.0,0.0,0.0,1.0,1.0,1.0,1.0,0.0,0.0,1.0,1.0,1.0,1.0,1.0,1.0,1.0,1.0,0.0,0.0,0.0,1.0,0.0,0.0,0.0,1.0,0.0,0.0,0.0,0.0,0.0,0.0,1.0,0.0,0.0,0.0,1.0,1.0,0.0,0.0,0.0,0.0,1.0,1.0,0.0,0.0,0.0,0.0,0.0,0.0,0.0,1.0,0.0,0.0,0.0,0.0,0.0,0.0,1.0,0.0,1.0,0.0,0.0,0.0,1.0,0.0,0.0,0.0,0.0,0.0,0.0,1.0,0.0,0.0,0.0,1.0,1.0,1.0,0.0,0.0,0.0,1.0,1.0,1.0,0.0,0.0,1.0,0.0,0.0,0.0,1.0,0.0,0.0,0.0,0.0,0.0,0.0,0.0,0.0,0.0,0.0,0.0,0.0,1.0,0.0,0.0,0.0,0.0,0.0,0.0,1.0,0.0,0.0,0.0,1.0,0.0,0.0,0.0,0.0,0.0,0.0,0.0,0.0,0.0,0.0,0.0,0.0,0.0,0.0,1.0,0.0,0.0,0.0,0.0,0.0,0.0,1.0,1.0,1.0,0.0,0.0,1.0,1.0,1.0,1.0,1.0,1.0,0.0,0.0,1.0,0.0,0.0,0.0,1.0,1.0,1.0,0.0,0.0,1.0,1.0,1.0,1.0,0.0,0.0,1.0,1.0,1.0,0.0,1.0,0.0,0.0,1.0,1.0,1.0,0.0,1.0,1.0,1.0,1.0,0.0,1.0,1.0,1.0,1.0,1.0,1.0,0.0,0.0,1.0,1.0,0.0,1.0,1.0,1.0,0.0,0.0,1.0,1.0,1.0,1.0,0.0,0.0,1.0,1.0,1.0,1.0,1.0,1.0,1.0,1.0,0.0,1.0,1.0,1.0,0.0,0.0,0.0,1.0,0.0,0.0,1.0,1.0,0.0,0.0,1.0,0.0,0.0,0.0,1.0,1.0,1.0,0.0,0.0,1.0,1.0,1.0,1.0,0.0,0.0,1.0,0.0,0.0,0.0,1.0,0.0,0.0,0.0,1.0,1.0,0.0,0.0,0.0,0.0,0.0,0.0,0.0,0.0,0.0,0.0,0.0,0.0,0.0,0.0,0.0,0.0,0.0,0.0,0.0,0.0,0.0,0.0,0.0,0.0,0.0,0.0,0.0,0.0,0.0,0.0,0.0,0.0,0.0,1.0,0.0,0.0,0.0,0.0,0.0,0.0,1.0,1.0,1.0,0.0,0.0,1.0,1.0,0.0,1.0,1.0,1.0,0.0,0.0,1.0,0.0,0.0,0.0,1.0,1.0,1.0,0.0,0.0,1.0,1.0,1.0,1.0,0.0,0.0,1.0,0.0,1.0,0.0,1.0,0.0,0.0,0.0,1.0,1.0,0.0,1.0,1.0,1.0,0.0,0.0,1.0,1.0,0.0,0.0,1.0,1.0,0.0,0.0,1.0,0.0,0.0,0.0,1.0,1.0,1.0,0.0,0.0,1.0,1.0,1.0,1.0,0.0,0.0,1.0,0.0,1.0,0.0,1.0,0.0,0.0,0.0,1.0,1.0,0.0,1.0,1.0,1.0,0.0,0.0,0.0,1.0,0.0,0.0,0.0,0.0,0.0,0.0,1.0,0.0,0.0,0.0,1.0,1.0,1.0,0.0,0.0,1.0,1.0,1.0,1.0,0.0,0.0,1.0,0.0,0.0,0.0,1.0,0.0,0.0,0.0,1.0,1.0,0.0,1.0,1.0,1.0,0.0,0.0,0.0,1.0,0.0,0.0,1.0,0.0,0.0,0.0,1.0,0.0,0.0,0.0,1.0,1.0,1.0,0.0,0.0,1.0,1.0,1.0,1.0,0.0,0.0,1.0,0.0,0.0,0.0,1.0,0.0,0.0,0.0,1.0,1.0,1.0,1.0,1.0,1.0,1.0,1.0,1.0,1.0,1.0,1.0,1.0,1.0,0.0,1.0,1.0,1.0,1.0,1.0,1.0,1.0,0.0,0.0,1.0,1.0,1.0,1.0,1.0,1.0,1.0,1.0,1.0,1.0,1.0,1.0,1.0,1.0,1.0,1.0,1.0,1.0,1.0,1.0,1.0,1.0,1.0,1.0,0.0,0.0,1.0,1.0,0.0,1.0,1.0,1.0,0.0,0.0,1.0,1.0,1.0,1.0,0.0,0.0,1.0,1.0,1.0,1.0,1.0,1.0,1.0,1.0,0.0,0.0,0.0,0.0,0.0,0.0,0.0,1.0,0.0,0.0,0.0,0.0,0.0,0.0,0.0,0.0,0.0,0.0,1.0,0.0,0.0,0.0,0.0,0.0,0.0,0.0,0.0,0.0,0.0,0.0,0.0,0.0,0.0,1.0,0.0,0.0,0.0,0.0,0.0,0.0,1.0,1.0,1.0,1.0,0.0,1.0,1.0,1.0,1.0,1.0,1.0,0.0,0.0,1.0,0.0,0.0,0.0,1.0,1.0,1.0,0.0,0.0,1.0,1.0,1.0,1.0,0.0,0.0,1.0,1.0,1.0,0.0,1.0,0.0,0.0,1.0,1.0,1.0,1.0,1.0,1.0,1.0,1.0,1.0,1.0,1.0,1.0,1.0,1.0,1.0,1.0,1.0,1.0,1.0,1.0,1.0,1.0,1.0,1.0,1.0,1.0,1.0,1.0,1.0,1.0,1.0,1.0,1.0,1.0,1.0,1.0,1.0,1.0,1.0,1.0,1.0,1.0,0.0,1.0,1.0,1.0,0.0,1.0,1.0,1.0,0.0,0.0,1.0,1.0,1.0,1.0,0.0,0.0,1.0,1.0,1.0,1.0,1.0,1.0,1.0,1.0,0.0,0.0,0.0,0.0,0.0,0.0,0.0,1.0,0.0,0.0,0.0,0.0,0.0,0.0,0.0,0.0,0.0,0.0,0.0,0.0,0.0,0.0,0.0,0.0,0.0,0.0,0.0,0.0,0.0,0.0,0.0,0.0,0.0,1.0,0.0,0.0,0.0,0.0,0.0,0.0,0.0,0.0,1.0,0.0,0.0,0.0,1.0,0.0,0.0,0.0,0.0,0.0,0.0,1.0,0.0,0.0,0.0,1.0,0.0,0.0,0.0,0.0,0.0,0.0,0.0,0.0,0.0,0.0,0.0,0.0,0.0,0.0,1.0,0.0,0.0,0.0,0.0,0.0,0.0,1.0,0.0,1.0,0.0,0.0,0.0,1.0,0.0,0.0,0.0,0.0,0.0,0.0,1.0,0.0,0.0,0.0,1.0,1.0,0.0,0.0,0.0,0.0,1.0,1.0,1.0,0.0,0.0,1.0,0.0,0.0,0.0,1.0,0.0,0.0,0.0,0.0,0.0,1.0,1.0,1.0,1.0,1.0,1.0,1.0,1.0,1.0,1.0,1.0,1.0,1.0,1.0,1.0,1.0,1.0,1.0,1.0,1.0,1.0,1.0,1.0,1.0,1.0,1.0,1.0,1.0,1.0,1.0,1.0,1.0,1.0,1.0,1.0,1.0,1.0,1.0,1.0,1.0,1.0,1.0,1.0,1.0,1.0,1.0,1.0,1.0,1.0,1.0,1.0,1.0,0.0,1.0,1.0,1.0,1.0,1.0,1.0,1.0,1.0,1.0,1.0,1.0,1.0,0.0,1.0,1.0,1.0,0.0,0.0,0.0,1.0,0.0,0.0,0.0,0.0,0.0,0.0,1.0,0.0,0.0,0.0,1.0,1.0,1.0,0.0,0.0,0.0,1.0,1.0,1.0,0.0,0.0,1.0,0.0,0.0,0.0,1.0,0.0,0.0,0.0,1.0,0.0,0.0,0.0,0.0,1.0,0.0,0.0,0.0,1.0,0.0,0.0,0.0,0.0,0.0,0.0,1.0,0.0,0.0,0.0,1.0,1.0,0.0,0.0,0.0,0.0,0.0,1.0,0.0,0.0,0.0,0.0,0.0,0.0,0.0,1.0,0.0,0.0,0.0,0.0,0.0,0.0,0.0,0.0,1.0,0.0,0.0,0.0,1.0,0.0,0.0,0.0,0.0,0.0,0.0,1.0,0.0,0.0,0.0,1.0,0.0,0.0,0.0,0.0,0.0,0.0,0.0,0.0,0.0,0.0,0.0,0.0,0.0,0.0,1.0,0.0,0.0,0.0,0.0,0.0,0.0,1.0,0.0,1.0,0.0,0.0,0.0,1.0,0.0,0.0,0.0,0.0,0.0,0.0,1.0,0.0,0.0,0.0,1.0,1.0,0.0,0.0,0.0,0.0,1.0,1.0,0.0,0.0,0.0,1.0,0.0,0.0,0.0,1.0,0.0,0.0,0.0,0.0,0.0,1.0,1.0,1.0,1.0,1.0,1.0,1.0,1.0,1.0,1.0,1.0,1.0,1.0,1.0,1.0,1.0,1.0,1.0,1.0,1.0,1.0,1.0,1.0,1.0,1.0,1.0,1.0,1.0,1.0,1.0,1.0,1.0,1.0,1.0,1.0,1.0,1.0,1.0,1.0,1.0,1.0,1.0,1.0,1.0,1.0,1.0,1.0,1.0,1.0,1.0,1.0,1.0,1.0,1.0,1.0,1.0,1.0,1.0,1.0,1.0,1.0,1.0,0.0,1.0,0.0,1.0,0.0,0.0,0.0,1.0,0.0,0.0,0.0,0.0,0.0,0.0,1.0,0.0,0.0,0.0,1.0,1.0,0.0,0.0,0.0,0.0,1.0,1.0,0.0,0.0,0.0,0.0,0.0,0.0,0.0,1.0,0.0,0.0,0.0,0.0,0.0,0.0,1.0,1.0,1.0,0.0,0.0,1.0,1.0,1.0,1.0,1.0,1.0,0.0,0.0,1.0,0.0,0.0,0.0,1.0,1.0,1.0,0.0,0.0,1.0,1.0,1.0,1.0,0.0,0.0,1.0,0.0,1.0,0.0,1.0,0.0,0.0,0.0,1.0,1.0,0.0,1.0,1.0,1.0,0.0,0.0,1.0,1.0,0.0,0.0,1.0,1.0,0.0,0.0,1.0,0.0,0.0,0.0,1.0,1.0,1.0,0.0,0.0,1.0,1.0,1.0,1.0,0.0,0.0,1.0,0.0,0.0,0.0,1.0,0.0,0.0,0.0,1.0,1.0,0.0,1.0,1.0,1.0,1.0,0.0,1.0,1.0,1.0,1.0,1.0,1.0,0.0,0.0,1.0,1.0,0.0,0.0,1.0,1.0,1.0,0.0,0.0,1.0,1.0,1.0,1.0,0.0,0.0,1.0,1.0,1.0,0.0,1.0,0.0,1.0,1.0,1.0,0.0,0.0,0.0,0.0,0.0,0.0,0.0,0.0,0.0,0.0,0.0,0.0,0.0,0.0,0.0,0.0,0.0,0.0,0.0,0.0,0.0,0.0,0.0,0.0,0.0,0.0,0.0,0.0,0.0,0.0,0.0,0.0,0.0,0.0,0.0,0.0,0.0,0.0,0.0,1.0,1.0,1.0,1.0,1.0,1.0,1.0,1.0,1.0,1.0,1.0,1.0,1.0,1.0,1.0,1.0,1.0,1.0,1.0,1.0,1.0,1.0,1.0,1.0,1.0,1.0,1.0,1.0,1.0,1.0,1.0,1.0,1.0,1.0,1.0,1.0,1.0,1.0,1.0,1.0,1.0,1.0,1.0,1.0,1.0,1.0,1.0,1.0,1.0,1.0,1.0,1.0,1.0,0.0,1.0,1.0,1.0,0.0,0.0,1.0,1.0,1.0,1.0,1.0,1.0,0.0,0.0,1.0,0.0,0.0,0.0,1.0,1.0,1.0,0.0,0.0,1.0,1.0,1.0,1.0,0.0,0.0,1.0,1.0,1.0,0.0,1.0,0.0,0.0,0.0,1.0,1.0,0.0,1.0,0.0,1.0,0.0,0.0,0.0,1.0,0.0,0.0,0.0,0.0,0.0,0.0,1.0,0.0,0.0,0.0,1.0,1.0,1.0,0.0,0.0,0.0,1.0,1.0,1.0,0.0,0.0,1.0,0.0,0.0,0.0,1.0,0.0,0.0,0.0,0.0,0.0,0.0,1.0,1.0,1.0,0.0,0.0,0.0,1.0,0.0,0.0,0.0,0.0,0.0,0.0,1.0,0.0,0.0,0.0,1.0,1.0,1.0,0.0,0.0,1.0,1.0,1.0,1.0,0.0,0.0,1.0,0.0,0.0,0.0,1.0,0.0,0.0,0.0,1.0,0.0,1.0,1.0,1.0,1.0,1.0,1.0,1.0,1.0,1.0,1.0,1.0,1.0,1.0,1.0,1.0,1.0,1.0,1.0,1.0,1.0,1.0,1.0,1.0,1.0,1.0,1.0,1.0,0.0,0.0,0.0,0.0,0.0,0.0,1.0,0.0,0.0,0.0,0.0,0.0,0.0,1.0,0.0,0.0,1.0,0.0,1.0,0.0,0.0,0.0,0.0,0.0,0.0,0.0,0.0,0.0,0.0,0.0,0.0,0.0,0.0,0.0,0.0,0.0,1.0,0.0,1.0,1.0,0.0,1.0,1.0,1.0,1.0,1.0,1.0,1.0,1.0,0.0,1.0,1.0,1.0,1.0,1.0,1.0,1.0,1.0,1.0,1.0,1.0,1.0,1.0,1.0,1.0,0.0,0.0,1.0,1.0,1.0,1.0,1.0,1.0,1.0,1.0,1.0,1.0,1.0,1.0,1.0,1.0,1.0,1.0,1.0,1.0,1.0,1.0,1.0,1.0,1.0,1.0,1.0,1.0,1.0,1.0,1.0,1.0,1.0,1.0,1.0,1.0,0.0,1.0,0.0,0.0,0.0,0.0,1.0,0.0,0.0,0.0,0.0,0.0,0.0,1.0,0.0,0.0,1.0,0.0,1.0,0.0,1.0,0.0,0.0,0.0,0.0,0.0,0.0,0.0,0.0,0.0,0.0,0.0,0.0,0.0,0.0,0.0,1.0,0.0,1.0,1.0,0.0,1.0,0.0,1.0,1.0,1.0,1.0,1.0,0.0,0.0,1.0,1.0,1.0,1.0,1.0,0.0,1.0,1.0,1.0,1.0,1.0,1.0,1.0,1.0,1.0,0.0,0.0,1.0,1.0,1.0,1.0,1.0,1.0,1.0,0.0,0.0,0.0,0.0,0.0,0.0,0.0,0.0,0.0,0.0,0.0,0.0,0.0,1.0,0.0,0.0,1.0,0.0,1.0,0.0,0.0,0.0,0.0,0.0,0.0,0.0,0.0,0.0,0.0,0.0,0.0,0.0,0.0,0.0,0.0,0.0,0.0,0.0,1.0,0.0,1.0,0.0,0.0,1.0,0.0,1.0,0.0,0.0,0.0,1.0,0.0,0.0,1.0,0.0,0.0,1.0,0.0,1.0,0.0,1.0,0.0,0.0,0.0,0.0,1.0,0.0,0.0,1.0,0.0,0.0,0.0,0.0,1.0,0.0,0.0,1.0,1.0,1.0,0.0,1.0,0.0,0.0,1.0,0.0,1.0,1.0,0.0,0.0,1.0,0.0,0.0,1.0,0.0,0.0,1.0,0.0,1.0,0.0,1.0,0.0,0.0,0.0,0.0,1.0,1.0,1.0,1.0,0.0,0.0,0.0,0.0,1.0,1.0,1.0,1.0,1.0,1.0,0.0,1.0,0.0,0.0,1.0,0.0,1.0,1.0,1.0,0.0,1.0,0.0,0.0,1.0,0.0,0.0,1.0,0.0,1.0,0.0,1.0,0.0,0.0,0.0,0.0,1.0,1.0,1.0,1.0,0.0,0.0,0.0,0.0,1.0,1.0,1.0,1.0,1.0,1.0,0.0,1.0,0.0,0.0,1.0,0.0,1.0,0.0,0.0,0.0,0.0,0.0,0.0,1.0,0.0,0.0,1.0,0.0,1.0,0.0,1.0,0.0,0.0,0.0,0.0,0.0,0.0,0.0,0.0,0.0,0.0,0.0,0.0,0.0,0.0,0.0,1.0,0.0,1.0,1.0,0.0,1.0,1.0,1.0,1.0,1.0,1.0,1.0,0.0,0.0,1.0,1.0,1.0,1.0,1.0,1.0,1.0,1.0,1.0,1.0,1.0,1.0,1.0,1.0,1.0,0.0,0.0,1.0,1.0,1.0,1.0,1.0,1.0,1.0,1.0,1.0,1.0,1.0,1.0,1.0,1.0,1.0,1.0,1.0,0.0,1.0,1.0,1.0,1.0,1.0,1.0,1.0,1.0,1.0,1.0,1.0,1.0,1.0,1.0,1.0,1.0,0.0,1.0,1.0,1.0,1.0,1.0,1.0,1.0,0.0,0.0,0.0,0.0,0.0,0.0,0.0,0.0,0.0,0.0,0.0,0.0,0.0,0.0,0.0,0.0,1.0,0.0,1.0,0.0,0.0,0.0,0.0,0.0,0.0,0.0,0.0,0.0,0.0,0.0,0.0,0.0,0.0,0.0,0.0,0.0,0.0,0.0,0.0,1.0,0.0,1.0,0.0,1.0,1.0,1.0,1.0,1.0,0.0,0.0,1.0,0.0,1.0,1.0,1.0,0.0,1.0,1.0,1.0,1.0,1.0,1.0,1.0,1.0,1.0,0.0,0.0,1.0,1.0,1.0,1.0,1.0,1.0,1.0,0.0,1.0,0.0,0.0,1.0,0.0,1.0,1.0,1.0,1.0,1.0,0.0,0.0,1.0,0.0,0.0,1.0,0.0,1.0,0.0,1.0,1.0,1.0,0.0,1.0,1.0,1.0,1.0,1.0,1.0,0.0,0.0,1.0,1.0,1.0,1.0,1.0,1.0,1.0,0.0,0.0,0.0,0.0,0.0,0.0,0.0,0.0,0.0,0.0,0.0,0.0,0.0,0.0,0.0,0.0,0.0,0.0,1.0,0.0,0.0,0.0,0.0,0.0,0.0,0.0,0.0,0.0,0.0,0.0,0.0,0.0,0.0,0.0,0.0,0.0,0.0,0.0,0.0,1.0,1.0,1.0,1.0,1.0,1.0,1.0,1.0,1.0,1.0,1.0,1.0,1.0,1.0,1.0,1.0,1.0,1.0,1.0,1.0,1.0,1.0,1.0,1.0,1.0,1.0,1.0,0.0,0.0,0.0,0.0,0.0,0.0,0.0,0.0,0.0,0.0,0.0,0.0,0.0,0.0,0.0,0.0,0.0,0.0,0.0,0.0,0.0,0.0,0.0,0.0,0.0,0.0,0.0,0.0,0.0,0.0,0.0,0.0,0.0,0.0,0.0,0.0,0.0,0.0,0.0,1.0,0.0,1.0,1.0,1.0,1.0,1.0,1.0,1.0,0.0,0.0,1.0,1.0,1.0,1.0,1.0,0.0,1.0,1.0,1.0,1.0,1.0,1.0,1.0,1.0,1.0,0.0,0.0,1.0,1.0,1.0,1.0,1.0,1.0,1.0,0.0,1.0,0.0,0.0,0.0,0.0,1.0,0.0,0.0,0.0,0.0,0.0,0.0,1.0,0.0,0.0,1.0,0.0,1.0,0.0,0.0,0.0,0.0,0.0,0.0,0.0,0.0,0.0,0.0,0.0,0.0,0.0,0.0,0.0,0.0,0.0,1.0,0.0,1.0,0.0,1.0,0.0,0.0,1.0,0.0,1.0,1.0,1.0,1.0,1.0,0.0,0.0,1.0,0.0,0.0,1.0,0.0,1.0,0.0,1.0,0.0,1.0,0.0,1.0,1.0,1.0,1.0,1.0,1.0,0.0,0.0,1.0,1.0,1.0,1.0,1.0,1.0,1.0,0.0,1.0,0.0,0.0,1.0,0.0,1.0,1.0,1.0,1.0,1.0,0.0,0.0,1.0,0.0,0.0,1.0,0.0,1.0,0.0,1.0,0.0,0.0,0.0,1.0,1.0,1.0,1.0,1.0,1.0,0.0,0.0,1.0,1.0,1.0,1.0,1.0,1.0,1.0,1.0,1.0,1.0,1.0,1.0,1.0,1.0,1.0,1.0,1.0,1.0,1.0,1.0,1.0,1.0,1.0,1.0,1.0,1.0,1.0,1.0,1.0,1.0,1.0,1.0,1.0,1.0,0.0,1.0,0.0,0.0,1.0,0.0,1.0,1.0,1.0,1.0,1.0,0.0,0.0,1.0,0.0,0.0,1.0,0.0,1.0,0.0,1.0,0.0,0.0,0.0,0.0,1.0,1.0,1.0,1.0,1.0,0.0,0.0,0.0,1.0,1.0,1.0,1.0,1.0,1.0,0.0,1.0,0.0,0.0,1.0,0.0,1.0,0.0,0.0,0.0,1.0,0.0,0.0,1.0,0.0,0.0,1.0,0.0,1.0,0.0,1.0,0.0,0.0,0.0,0.0,0.0,0.0,0.0,1.0,0.0,0.0,0.0,0.0,1.0,0.0,0.0,1.0,0.0,1.0,0.0,1.0,0.0,0.0,1.0,0.0,1.0,1.0,0.0,0.0,1.0,0.0,0.0,1.0,0.0,0.0,1.0,0.0,1.0,0.0,1.0,0.0,0.0,0.0,0.0,1.0,0.0,1.0,1.0,0.0,0.0,0.0,0.0,1.0,0.0,1.0,1.0,1.0,1.0,0.0,1.0,0.0,0.0,1.0,0.0,1.0,1.0,0.0,0.0,1.0,0.0,0.0,1.0,0.0,0.0,1.0,0.0,1.0,0.0,1.0,0.0,0.0,0.0,0.0,1.0,0.0,0.0,1.0,0.0,0.0,0.0,0.0,1.0,0.0,0.0,1.0,1.0,1.0,0.0,1.0,0.0,0.0,1.0,0.0,1.0,0.0,0.0,0.0,1.0,0.0,0.0,1.0,0.0,0.0,1.0,0.0,1.0,0.0,1.0,0.0,0.0,0.0,0.0,0.0,0.0,0.0,0.0,0.0,0.0,0.0,0.0,0.0,0.0,0.0,1.0,0.0,1.0,0.0,1.0,0.0,0.0,1.0,0.0,1.0,1.0,1.0,1.0,1.0,0.0,0.0,1.0,0.0,0.0,1.0,0.0,1.0,0.0,1.0,0.0,0.0,0.0,0.0,1.0,1.0,1.0,1.0,0.0,0.0,0.0,0.0,1.0,1.0,1.0,1.0,1.0,1.0,1.0,1.0,1.0,1.0,1.0,1.0,1.0,1.0,1.0,1.0,0.0,1.0,1.0,1.0,1.0,1.0,1.0,1.0,1.0,1.0,1.0,1.0,1.0,1.0,1.0,1.0,0.0,0.0,1.0,1.0,1.0,1.0,1.0,1.0,1.0,1.0,1.0,1.0,1.0,1.0,1.0,1.0,1.0,1.0,1.0,1.0,1.0,1.0,1.0,1.0,1.0,1.0,1.0,1.0,1.0,1.0,1.0,1.0,1.0,1.0,1.0,1.0,1.0,1.0,1.0,1.0,1.0,1.0,1.0,0.0,1.0,0.0,0.0,1.0,0.0,1.0,1.0,1.0,1.0,1.0,0.0,0.0,1.0,0.0,0.0,1.0,0.0,1.0,0.0,1.0,0.0,0.0,0.0,1.0,1.0,1.0,1.0,1.0,1.0,0.0,0.0,0.0,1.0,1.0,1.0,1.0,1.0,1.0,0.0,1.0,0.0,0.0,1.0,0.0,1.0,0.0,0.0,0.0,1.0,0.0,0.0,1.0,0.0,0.0,1.0,0.0,1.0,0.0,1.0,0.0,0.0,0.0,0.0,0.0,0.0,0.0,0.0,0.0,0.0,0.0,0.0,0.0,0.0,0.0,1.0,0.0,1.0,0.0,1.0,0.0,0.0,1.0,0.0,1.0,1.0,0.0,0.0,1.0,0.0,0.0,1.0,0.0,0.0,1.0,0.0,1.0,0.0,1.0,0.0,0.0,0.0,0.0,1.0,1.0,1.0,1.0,0.0,0.0,0.0,0.0,1.0,0.0,1.0,1.0,1.0,1.0,0.0,1.0,0.0,0.0,1.0,0.0,1.0,1.0,0.0,0.0,1.0,0.0,0.0,1.0,0.0,0.0,1.0,0.0,1.0,0.0,1.0,0.0,0.0,0.0,0.0,1.0,0.0,1.0,1.0,0.0,0.0,0.0,0.0,1.0,0.0,0.0,1.0,1.0,1.0,0.0,0.0,0.0,0.0,0.0,0.0,1.0,0.0,0.0,0.0,0.0,0.0,0.0,1.0,0.0,0.0,1.0,0.0,1.0,0.0,0.0,0.0,0.0,0.0,0.0,0.0,0.0,0.0,0.0,0.0,0.0,0.0,0.0,0.0,0.0,0.0,0.0,0.0,1.0,0.0,1.0,0.0,0.0,1.0,0.0,1.0,0.0,0.0,0.0,1.0,0.0,0.0,1.0,0.0,0.0,1.0,0.0,1.0,0.0,1.0,0.0,0.0,0.0,0.0,1.0,0.0,0.0,1.0,0.0,0.0,0.0,0.0,1.0,0.0,0.0,1.0,0.0,1.0,0.0,0.0,0.0,0.0,0.0,0.0,0.0,0.0,0.0,0.0,0.0,0.0,0.0,1.0,0.0,0.0,1.0,0.0,1.0,0.0,0.0,0.0,0.0,0.0,0.0,0.0,0.0,0.0,0.0,0.0,0.0,0.0,0.0,0.0,0.0,0.0,0.0,0.0,0.0,0.0,1.0,0.0,0.0,0.0,1.0,0.0,0.0,1.0,1.0,1.0,1.0,0.0,0.0,0.0,0.0,0.0,1.0,0.0,1.0,0.0,1.0,1.0,0.0,0.0,1.0,0.0,0.0,0.0,1.0,1.0,0.0,1.0,0.0,0.0,0.0,1.0,1.0,0.0,0.0,0.0,0.0,0.0,0.0,1.0,0.0,0.0,1.0,0.0,0.0,1.0,0.0,0.0,0.0,0.0,0.0,1.0,0.0,1.0,0.0,1.0,0.0,0.0,0.0,1.0,0.0,0.0,0.0,1.0,1.0,0.0,1.0,0.0,0.0,0.0,1.0,1.0,0.0,1.0,1.0,1.0,1.0,1.0,1.0,1.0,1.0,1.0,1.0,1.0,1.0,1.0,1.0,1.0,1.0,1.0,1.0,1.0,1.0,1.0,1.0,1.0,1.0,1.0,1.0,1.0,1.0,1.0,1.0,1.0,1.0,1.0,1.0,0.0,0.0,0.0,1.0,1.0,1.0,1.0,1.0,1.0,1.0,0.0,1.0,1.0,0.0,0.0,1.0,0.0,1.0,0.0,1.0,1.0,1.0,1.0,0.0,1.0,1.0,1.0,1.0,1.0,0.0,0.0,1.0,1.0,1.0,1.0,1.0,0.0,1.0,0.0,1.0,1.0,1.0,1.0,1.0,1.0,1.0,1.0,1.0,1.0,0.0,0.0,1.0,1.0,0.0,1.0,1.0,1.0,1.0,1.0,1.0,1.0,1.0,1.0,1.0,0.0,1.0,1.0,1.0,1.0,0.0,0.0,0.0,0.0,0.0,0.0,0.0,0.0,1.0,0.0,0.0,1.0,0.0,0.0,0.0,0.0,0.0,1.0,0.0,1.0,0.0,0.0,0.0,0.0,0.0,0.0,0.0,0.0,0.0,1.0,1.0,0.0,0.0,0.0,0.0,0.0,0.0,0.0,0.0,1.0,1.0,0.0,0.0,0.0,1.0,0.0,0.0,1.0,1.0,1.0,1.0,0.0,0.0,1.0,0.0,0.0,1.0,0.0,1.0,0.0,1.0,1.0,1.0,0.0,1.0,0.0,0.0,1.0,1.0,1.0,0.0,1.0,0.0,0.0,0.0,1.0,1.0,1.0,1.0,1.0,0.0,0.0,0.0,1.0,1.0,0.0,1.0,1.0,1.0,1.0,0.0,1.0,1.0,0.0,0.0,1.0,0.0,1.0,0.0,1.0,1.0,1.0,0.0,1.0,0.0,0.0,1.0,1.0,1.0,0.0,1.0,0.0,0.0,0.0,1.0,1.0,1.0,0.0,0.0,0.0,0.0,0.0,0.0,0.0,0.0,0.0,0.0,0.0,0.0,0.0,0.0,0.0,0.0,0.0,0.0,0.0,0.0,0.0,0.0,0.0,0.0,0.0,0.0,0.0,0.0,0.0,0.0,0.0,0.0,0.0,0.0,0.0,0.0,0.0,0.0,0.0,0.0,1.0,0.0,0.0,0.0,1.0,0.0,0.0,1.0,0.0,0.0,1.0,0.0,0.0,0.0,0.0,0.0,1.0,0.0,1.0,0.0,1.0,0.0,0.0,0.0,1.0,0.0,0.0,0.0,1.0,1.0,0.0,1.0,0.0,0.0,0.0,1.0,1.0,0.0,0.0,1.0,0.0,0.0,0.0,1.0,0.0,0.0,1.0,1.0,0.0,1.0,0.0,0.0,0.0,0.0,0.0,1.0,0.0,1.0,0.0,1.0,1.0,0.0,0.0,1.0,0.0,0.0,0.0,1.0,1.0,0.0,1.0,0.0,0.0,0.0,1.0,1.0,0.0,0.0,0.0,0.0,0.0,0.0,0.0,0.0,0.0,1.0,0.0,0.0,0.0,0.0,0.0,0.0,0.0,0.0,1.0,0.0,1.0,0.0,0.0,0.0,0.0,0.0,0.0,0.0,0.0,0.0,1.0,1.0,0.0,0.0,0.0,0.0,0.0,0.0,0.0,0.0,1.0,1.0,0.0,1.0,0.0,1.0,1.0,1.0,1.0,1.0,1.0,1.0,0.0,1.0,1.0,0.0,0.0,1.0,1.0,0.0,1.0,1.0,1.0,1.0,1.0,1.0,1.0,1.0,1.0,1.0,0.0,0.0,1.0,1.0,1.0,1.0,1.0,0.0,0.0,0.0,1.0,1.0,0.0,1.0,1.0,1.0,1.0,0.0,0.0,1.0,0.0,0.0,1.0,0.0,1.0,0.0,1.0,1.0,1.0,0.0,1.0,0.0,0.0,1.0,1.0,1.0,0.0,1.0,0.0,0.0,0.0,1.0,1.0,1.0,1.0,1.0,0.0,0.0,0.0,1.0,0.0,0.0,1.0,1.0,1.0,1.0,0.0,0.0,0.0,0.0,0.0,1.0,0.0,1.0,0.0,1.0,1.0,1.0,0.0,1.0,0.0,0.0,1.0,1.0,1.0,0.0,1.0,0.0,0.0,0.0,1.0,1.0,1.0,1.0,1.0,1.0,1.0,1.0,1.0,1.0,1.0,1.0,1.0,1.0,1.0,1.0,1.0,1.0,1.0,1.0,1.0,1.0,1.0,1.0,1.0,1.0,1.0,1.0,1.0,1.0,1.0,1.0,1.0,1.0,1.0,1.0,1.0,1.0,1.0,1.0,1.0,1.0,1.0,1.0,1.0,1.0,1.0,1.0,1.0,1.0,1.0,1.0,1.0,1.0,1.0,1.0,1.0,1.0,1.0,1.0,1.0,1.0,1.0,1.0,1.0,1.0,1.0,0.0,0.0,0.0,0.0,0.0,0.0,0.0,0.0,1.0,0.0,0.0,0.0,0.0,0.0,0.0,0.0,0.0,0.0,0.0,1.0,0.0,0.0,0.0,0.0,0.0,0.0,0.0,0.0,0.0,1.0,1.0,0.0,0.0,0.0,0.0,0.0,0.0,0.0,0.0,1.0,1.0,1.0,1.0,1.0,1.0,1.0,1.0,1.0,1.0,1.0,1.0,1.0,1.0,1.0,1.0,1.0,1.0,1.0,1.0,1.0,1.0,1.0,1.0,1.0,1.0,1.0,0.0,0.0,0.0,0.0,0.0,0.0,0.0,0.0,1.0,0.0,0.0,0.0,0.0,0.0,0.0,0.0,0.0,0.0,0.0,0.0,0.0,0.0,0.0,0.0,0.0,0.0,0.0,0.0,0.0,1.0,1.0,0.0,0.0,0.0,0.0,0.0,0.0,0.0,0.0,1.0,1.0,0.0,1.0,1.0,1.0,1.0,1.0,1.0,1.0,1.0,1.0,1.0,1.0,1.0,0.0,0.0,1.0,1.0,0.0,1.0,1.0,1.0,1.0,1.0,1.0,1.0,1.0,1.0,1.0,1.0,1.0,1.0,1.0,1.0,0.0,0.0,0.0,0.0,0.0,1.0,0.0,0.0,1.0,0.0,0.0,1.0,0.0,0.0,0.0,0.0,0.0,1.0,0.0,1.0,0.0,0.0,0.0,0.0,0.0,0.0,0.0,0.0,0.0,1.0,1.0,0.0,1.0,0.0,0.0,0.0,0.0,0.0,0.0,0.0,1.0,0.0,0.0,0.0,1.0,0.0,0.0,1.0,1.0,0.0,1.0,0.0,0.0,0.0,0.0,0.0,1.0,0.0,1.0,0.0,1.0,0.0,0.0,0.0,1.0,0.0,0.0,0.0,1.0,1.0,0.0,1.0,0.0,0.0,0.0,1.0,1.0,0.0,1.0,1.0,0.0,0.0,0.0,1.0,0.0,0.0,1.0,1.0,1.0,1.0,0.0,0.0,0.0,0.0,0.0,1.0,0.0,1.0,0.0,1.0,1.0,0.0,0.0,1.0,0.0,0.0,0.0,1.0,1.0,0.0,1.0,0.0,0.0,0.0,1.0,1.0,1.0,1.0,1.0,1.0,1.0,1.0,1.0,1.0,1.0,1.0,1.0,1.0,1.0,1.0,1.0,1.0,1.0,1.0,1.0,1.0,1.0,1.0,1.0,1.0,1.0,1.0,0.0,0.0,0.0,0.0,0.0,1.0,0.0,0.0,1.0,0.0,0.0,1.0,0.0,0.0,0.0,0.0,0.0,1.0,0.0,1.0,0.0,1.0,0.0,0.0,0.0,0.0,0.0,0.0,0.0,1.0,1.0,0.0,1.0,0.0,0.0,0.0,0.0,0.0,0.0,1.0,1.0,0.0,1.0,0.0,1.0,1.0,1.0,1.0,1.0,1.0,1.0,0.0,1.0,1.0,0.0,0.0,1.0,0.0,1.0,0.0,1.0,1.0,1.0,1.0,0.0,1.0,1.0,1.0,1.0,1.0,0.0,0.0,1.0,1.0,1.0,1.0,1.0,1.0,1.0,1.0,1.0,1.0,1.0,1.0,1.0,1.0,1.0,1.0,1.0,1.0,1.0,1.0,1.0,1.0,1.0,1.0,1.0,1.0,1.0,1.0,1.0,1.0,0.0,0.0,0.0,1.0,0.0,0.0,1.0,1.0,1.0,1.0,0.0,0.0,0.0,0.0,0.0,1.0,0.0,1.0,0.0,1.0,1.0,1.0,0.0,1.0,0.0,0.0,0.0,1.0,1.0,0.0,1.0,0.0,0.0,0.0,1.0,1.0,1.0,0.0,0.0,0.0,0.0,0.0,0.0,0.0,0.0,1.0,0.0,0.0,0.0,0.0,0.0,0.0,0.0,0.0,0.0,0.0,0.0,0.0,0.0,0.0,0.0,0.0,0.0,0.0,0.0,0.0,0.0,1.0,0.0,0.0,0.0,0.0,0.0,0.0,0.0,0.0,0.0,0.0,0.0,0.0,0.0,0.0,0.0,0.0,1.0,0.0,0.0,0.0,0.0,0.0,0.0,0.0,0.0,0.0,0.0,0.0,0.0,0.0,0.0,0.0,0.0,0.0,0.0,0.0,0.0,0.0,0.0,0.0,0.0,0.0,0.0,0.0,0.0,0.0,0.0,1.0,1.0,0.0,0.0,0.0,1.0,1.0,1.0,1.0,1.0,1.0,1.0,0.0,1.0,1.0,0.0,0.0,1.0,0.0,1.0,0.0,1.0,1.0,1.0,0.0,1.0,0.0,0.0,1.0,1.0,1.0,0.0,1.0,0.0,0.0,0.0,1.0,1.0,1.0,0.0,0.0,0.0,0.0,0.0,1.0,0.0,0.0,1.0,0.0,0.0,1.0,0.0,0.0,0.0,0.0,0.0,1.0,0.0,1.0,0.0,0.0,0.0,0.0,0.0,0.0,0.0,0.0,0.0,1.0,1.0,0.0,0.0,0.0,0.0,0.0,0.0,0.0,0.0,1.0,1.0,1.0,1.0,1.0,1.0,1.0,1.0,1.0,1.0,1.0,1.0,1.0,1.0,1.0,1.0,1.0,1.0,1.0,1.0,1.0,1.0,1.0,1.0,1.0,1.0,1.0,0.0,1.0,1.0,1.0,1.0,1.0,1.0,1.0,1.0,1.0,1.0,1.0,1.0,0.0,0.0,1.0,1.0,0.0,1.0,1.0,1.0,1.0,1.0,1.0,1.0,1.0,1.0,1.0,0.0,1.0,1.0,1.0,1.0,1.0,1.0,0.0,1.0,0.0,1.0,1.0,1.0,1.0,1.0,1.0,1.0,1.0,1.0,1.0,0.0,0.0,1.0,1.0,0.0,1.0,1.0,1.0,1.0,1.0,1.0,1.0,1.0,1.0,1.0,0.0,0.0,1.0,1.0,1.0,0.0,0.0,0.0,0.0,0.0,1.0,0.0,0.0,1.0,0.0,0.0,1.0,0.0,0.0,0.0,0.0,0.0,1.0,0.0,1.0,0.0,1.0,0.0,0.0,0.0,1.0,0.0,0.0,0.0,1.0,1.0,0.0,1.0,0.0,0.0,0.0,0.0,0.0,0.0,0.0,0.0,0.0,0.0,0.0,1.0,0.0,0.0,1.0,0.0,0.0,1.0,0.0,0.0,0.0,0.0,0.0,1.0,0.0,1.0,0.0,1.0,0.0,0.0,0.0,1.0,0.0,0.0,0.0,1.0,1.0,0.0,1.0,0.0,0.0,0.0,1.0,0.0,0.0,1.0,1.0,0.0,0.0,0.0,1.0,0.0,0.0,1.0,1.0,1.0,1.0,0.0,0.0,0.0,0.0,0.0,1.0,0.0,1.0,0.0,1.0,1.0,0.0,0.0,1.0,0.0,0.0,0.0,1.0,1.0,0.0,1.0,0.0,0.0,0.0,1.0,1.0,0.0,0.0,0.0,1.0,0.0,0.0,0.0,0.0,1.0,1.0,0.0,0.0,0.0,0.0,0.0,1.0,0.0,0.0,0.0,0.0,0.0,0.0,0.0,0.0,0.0,0.0,1.0,0.0,1.0,0.0,1.0,0.0,0.0,0.0,1.0,1.0,0.0,0.0,0.0,1.0,1.0,1.0,1.0,1.0,1.0,1.0,1.0,1.0,1.0,1.0,1.0,1.0,1.0,1.0,1.0,1.0,1.0,1.0,1.0,1.0,1.0,1.0,1.0,1.0,1.0,1.0,1.0,1.0,1.0,1.0,1.0,0.0,0.0,0.0,0.0,0.0,0.0,0.0,1.0,0.0,0.0,0.0,0.0,0.0,0.0,0.0,0.0,0.0,0.0,0.0,0.0,0.0,0.0,0.0,0.0,0.0,0.0,0.0,1.0,0.0,0.0,0.0,0.0,0.0,0.0,1.0,0.0,0.0,0.0,1.0,0.0,1.0,0.0,0.0,0.0,1.0,1.0,1.0,1.0,0.0,0.0,0.0,0.0,1.0,0.0,1.0,1.0,1.0,0.0,0.0,1.0,1.0,1.0,1.0,1.0,1.0,1.0,0.0,1.0,1.0,0.0,1.0,1.0,1.0,1.0,1.0,1.0,1.0,0.0,1.0,1.0,0.0,0.0,1.0,1.0,1.0,1.0,1.0,0.0,1.0,1.0,1.0,1.0,1.0,1.0,0.0,1.0,1.0,1.0,1.0,1.0,1.0,1.0,1.0,1.0,1.0,0.0,1.0,1.0,1.0,1.0,1.0,1.0,1.0,0.0,1.0,1.0,1.0,0.0,1.0,1.0,1.0,1.0,1.0,0.0,1.0,1.0,1.0,1.0,1.0,1.0,0.0,1.0,1.0,1.0,1.0,1.0,1.0,1.0,1.0,1.0,1.0,0.0,1.0,1.0,1.0,1.0,1.0,1.0,1.0,0.0,1.0,0.0,0.0,0.0,0.0,1.0,1.0,1.0,0.0,0.0,0.0,0.0,1.0,0.0,1.0,0.0,1.0,0.0,0.0,1.0,1.0,1.0,0.0,1.0,1.0,1.0,0.0,1.0,1.0,0.0,1.0,1.0,1.0,1.0,0.0,1.0,0.0,0.0,0.0,0.0,0.0,0.0,0.0,0.0,0.0,0.0,0.0,0.0,0.0,0.0,0.0,0.0,0.0,0.0,0.0,0.0,0.0,0.0,0.0,0.0,0.0,0.0,0.0,1.0,0.0,0.0,0.0,0.0,0.0,0.0,1.0,0.0,0.0,0.0,0.0,0.0,1.0,0.0,0.0,0.0,0.0,1.0,0.0,0.0,0.0,0.0,0.0,0.0,1.0,0.0,0.0,0.0,0.0,0.0,0.0,0.0,0.0,0.0,0.0,1.0,0.0,1.0,0.0,0.0,0.0,0.0,0.0,0.0,1.0,0.0,0.0,0.0,1.0,0.0,1.0,0.0,0.0,0.0,0.0,1.0,1.0,0.0,0.0,0.0,0.0,0.0,1.0,0.0,1.0,0.0,0.0,0.0,0.0,1.0,0.0,0.0,0.0,1.0,1.0,1.0,0.0,1.0,1.0,0.0,1.0,1.0,1.0,0.0,0.0,0.0,1.0,1.0,1.0,1.0,1.0,1.0,1.0,1.0,1.0,1.0,1.0,1.0,1.0,1.0,1.0,1.0,1.0,1.0,1.0,1.0,1.0,1.0,1.0,1.0,1.0,1.0,1.0,1.0,1.0,0.0,1.0,1.0,0.0,0.0,1.0,1.0,1.0,1.0,0.0,0.0,0.0,0.0,1.0,0.0,1.0,1.0,1.0,0.0,0.0,1.0,1.0,1.0,1.0,1.0,1.0,1.0,0.0,1.0,1.0,0.0,1.0,1.0,1.0,1.0,1.0,1.0,1.0,1.0,1.0,1.0,1.0,1.0,1.0,1.0,1.0,1.0,1.0,1.0,1.0,1.0,1.0,1.0,1.0,1.0,1.0,1.0,1.0,1.0,1.0,1.0,1.0,1.0,1.0,1.0,1.0,1.0,1.0,1.0,1.0,1.0,1.0,1.0,1.0,1.0,1.0,1.0,1.0,1.0,1.0,1.0,1.0,1.0,1.0,1.0,1.0,1.0,1.0,1.0,1.0,1.0,1.0,1.0,1.0,1.0,1.0,1.0,1.0,0.0,0.0,1.0,0.0,0.0,0.0,0.0,1.0,0.0,0.0,0.0,0.0,0.0,0.0,0.0,0.0,0.0,0.0,0.0,0.0,0.0,0.0,0.0,0.0,0.0,1.0,0.0,1.0,0.0,0.0,0.0,0.0,0.0,0.0,1.0,0.0,0.0,0.0,1.0,0.0,1.0,1.0,0.0,0.0,1.0,1.0,1.0,1.0,0.0,1.0,0.0,0.0,1.0,0.0,1.0,1.0,1.0,0.0,0.0,1.0,1.0,1.0,1.0,1.0,1.0,1.0,0.0,1.0,1.0,0.0,1.0,1.0,1.0,1.0,1.0,1.0,1.0,0.0,1.0,0.0,0.0,0.0,0.0,1.0,1.0,0.0,0.0,0.0,0.0,0.0,1.0,0.0,0.0,0.0,0.0,0.0,0.0,1.0,0.0,0.0,0.0,1.0,0.0,1.0,0.0,1.0,1.0,0.0,0.0,1.0,1.0,0.0,0.0,0.0,1.0,0.0,1.0,0.0,0.0,0.0,1.0,1.0,1.0,1.0,0.0,0.0,0.0,0.0,1.0,0.0,1.0,0.0,1.0,0.0,0.0,1.0,1.0,1.0,1.0,1.0,1.0,1.0,0.0,1.0,1.0,0.0,1.0,1.0,1.0,1.0,1.0,1.0,1.0,0.0,1.0,0.0,0.0,0.0,0.0,1.0,1.0,1.0,0.0,0.0,0.0,0.0,1.0,0.0,1.0,0.0,0.0,0.0,0.0,1.0,0.0,1.0,0.0,1.0,1.0,1.0,0.0,1.0,1.0,0.0,1.0,1.0,1.0,0.0,0.0,0.0,1.0,0.0,1.0,1.0,0.0,0.0,1.0,1.0,1.0,1.0,1.0,0.0,1.0,1.0,1.0,1.0,1.0,0.0,0.0,1.0,1.0,1.0,1.0,1.0,1.0,1.0,1.0,1.0,1.0,0.0,1.0,1.0,1.0,1.0,1.0,1.0,1.0,1.0,1.0,1.0,1.0,1.0,1.0,1.0,1.0,1.0,1.0,1.0,1.0,1.0,1.0,1.0,1.0,1.0,1.0,1.0,1.0,1.0,1.0,1.0,1.0,1.0,1.0,1.0,1.0,1.0,1.0,1.0,1.0,1.0,0.0,1.0,0.0,0.0,0.0,0.0,1.0,1.0,0.0,0.0,0.0,0.0,0.0,1.0,0.0,0.0,0.0,0.0,0.0,0.0,0.0,0.0,0.0,0.0,1.0,0.0,1.0,0.0,1.0,0.0,0.0,0.0,1.0,1.0,0.0,0.0,0.0,1.0,0.0,1.0,0.0,0.0,0.0,0.0,1.0,1.0,1.0,0.0,0.0,0.0,0.0,1.0,0.0,1.0,0.0,1.0,0.0,0.0,1.0,0.0,1.0,0.0,1.0,1.0,1.0,0.0,1.0,1.0,0.0,1.0,1.0,1.0,1.0,0.0,0.0,1.0,0.0,1.0,0.0,0.0,0.0,0.0,1.0,1.0,1.0,0.0,0.0,0.0,0.0,1.0,0.0,1.0,0.0,0.0,0.0,0.0,1.0,0.0,0.0,0.0,1.0,1.0,1.0,0.0,1.0,1.0,0.0,1.0,1.0,1.0,0.0,0.0,0.0,1.0,0.0,1.0,0.0,0.0,0.0,1.0,1.0,1.0,1.0,0.0,0.0,0.0,0.0,1.0,0.0,1.0,0.0,1.0,0.0,0.0,1.0,1.0,1.0,0.0,1.0,1.0,1.0,0.0,1.0,1.0,0.0,1.0,1.0,1.0,1.0,1.0,1.0,0.0,0.0,1.0,0.0,0.0,0.0,0.0,1.0,0.0,0.0,0.0,0.0,0.0,0.0,0.0,0.0,0.0,0.0,0.0,0.0,0.0,0.0,0.0,0.0,0.0,0.0,0.0,1.0,0.0,0.0,0.0,0.0,0.0,0.0,1.0,0.0,0.0,0.0,1.0,0.0,1.0,0.0,0.0,0.0,0.0,1.0,1.0,0.0,0.0,0.0,0.0,0.0,1.0,0.0,1.0,0.0,0.0,0.0,0.0,1.0,0.0,0.0,0.0,1.0,0.0,1.0,0.0,1.0,1.0,0.0,0.0,1.0,1.0,0.0,0.0,0.0,0.0,0.0,0.0,0.0,0.0,0.0,0.0,0.0,0.0,0.0,0.0,0.0,0.0,0.0,0.0,0.0,0.0,0.0,0.0,0.0,0.0,0.0,0.0,0.0,0.0,0.0,0.0,0.0,0.0,0.0,0.0,0.0,0.0,0.0,1.0,0.0,0.0,0.0,1.0,0.0,1.0,1.0,0.0,0.0,1.0,1.0,1.0,1.0,1.0,0.0,1.0,1.0,1.0,1.0,1.0,0.0,0.0,1.0,1.0,1.0,1.0,1.0,1.0,1.0,0.0,1.0,1.0,0.0,1.0,1.0,1.0,1.0,1.0,1.0,0.0,0.0,1.0,0.0,0.0,0.0,0.0,1.0,1.0,0.0,0.0,0.0,0.0,0.0,1.0,0.0,0.0,0.0,0.0,0.0,0.0,0.0,0.0,0.0,0.0,1.0,0.0,1.0,0.0,0.0,0.0,0.0,0.0,0.0,1.0,0.0,0.0,0.0,1.0,0.0,1.0,0.0,0.0,0.0,0.0,1.0,1.0,0.0,0.0,0.0,0.0,0.0,1.0,0.0,0.0,0.0,0.0,0.0,0.0,1.0,0.0,0.0,0.0,1.0,0.0,1.0,0.0,1.0,0.0,0.0,0.0,1.0,1.0,0.0,0.0,0.0,1.0,1.0,1.0,1.0,1.0,1.0,1.0,1.0,1.0,1.0,0.0,1.0,1.0,1.0,1.0,1.0,1.0,0.0,1.0,1.0,1.0,1.0,1.0,1.0,1.0,1.0,1.0,1.0,0.0,1.0,1.0,1.0,1.0,1.0,1.0,1.0,0.0,1.0,0.0,0.0,0.0,0.0,1.0,1.0,0.0,0.0,0.0,0.0,0.0,1.0,0.0,1.0,0.0,0.0,0.0,0.0,1.0,0.0,0.0,0.0,1.0,1.0,1.0,0.0,1.0,1.0,0.0,0.0,1.0,1.0,0.0,0.0,0.0,0.0,0.0,1.0,0.0,0.0,0.0,0.0,1.0,1.0,0.0,0.0,0.0,0.0,0.0,1.0,0.0,0.0,0.0,0.0,0.0,0.0,0.0,0.0,0.0,0.0,1.0,0.0,1.0,0.0,1.0,0.0,0.0,0.0,0.0,1.0,0.0,0.0,0.0,0.0,0.0,0.0,0.0,0.0,0.0,0.0,0.0,0.0,0.0,0.0,0.0,0.0,0.0,0.0,0.0,0.0,0.0,0.0,0.0,0.0,0.0,0.0,0.0,0.0,0.0,0.0,0.0,0.0,0.0,0.0,0.0,0.0,0.0,0.0,0.0,0.0,0.0,1.0,0.0,1.0,0.0,0.0,0.0,0.0,1.0,1.0,1.0,0.0,0.0,0.0,0.0,1.0,0.0,1.0,0.0,1.0,0.0,0.0,1.0,0.0,1.0,0.0,1.0,1.0,1.0,0.0,1.0,1.0,0.0,1.0,1.0,1.0,0.0,0.0,0.0,1.0,0.0,1.0,0.0,0.0,0.0,1.0,1.0,1.0,1.0,0.0,0.0,0.0,0.0,1.0,0.0,1.0,0.0,1.0,0.0,0.0,1.0,1.0,1.0,0.0,1.0,1.0,1.0,0.0,1.0,1.0,0.0,1.0,1.0,1.0,1.0,0.0,1.0,1.0,0.0,1.0,0.0,0.0,0.0,0.0,1.0,1.0,1.0,0.0,0.0,0.0,0.0,1.0,0.0,1.0,0.0,1.0,0.0,0.0,1.0,1.0,1.0,0.0,1.0,1.0,1.0,0.0,1.0,1.0,0.0,1.0,1.0,1.0,1.0,0.0,0.0,0.0,1.0,1.0,1.0,1.0,1.0,1.0,0.0,1.0,1.0,1.0,1.0,1.0,1.0,1.0,1.0,1.0,1.0,1.0,1.0,1.0,1.0,1.0,1.0,0.0,1.0,1.0,0.0,1.0,1.0,1.0,1.0,1.0,0.0,0.0,1.0,1.0,0.0,0.0,1.0,1.0,0.0,1.0,1.0,0.0,1.0,0.0,1.0,1.0,0.0,1.0,0.0,1.0,1.0,1.0,1.0,1.0,0.0,0.0,1.0,0.0,0.0,1.0,1.0,0.0,1.0,1.0,1.0,0.0,1.0,1.0,0.0,0.0,0.0,1.0,0.0,0.0,1.0,1.0,0.0,1.0,1.0,0.0,1.0,0.0,1.0,1.0,0.0,1.0,0.0,1.0,0.0,1.0,1.0,1.0,0.0,0.0,1.0,0.0,0.0,1.0,1.0,0.0,1.0,1.0,1.0,0.0,1.0,1.0,0.0,0.0,0.0,0.0,0.0,0.0,1.0,0.0,0.0,0.0,0.0,0.0,0.0,0.0,0.0,0.0,0.0,0.0,0.0,1.0,0.0,1.0,1.0,1.0,0.0,0.0,0.0,0.0,0.0,1.0,0.0,0.0,0.0,0.0,0.0,0.0,1.0,0.0,1.0,1.0,1.0,1.0,1.0,1.0,1.0,1.0,1.0,1.0,1.0,1.0,1.0,1.0,1.0,1.0,1.0,1.0,1.0,1.0,1.0,1.0,1.0,1.0,1.0,1.0,1.0,0.0,1.0,1.0,1.0,0.0,0.0,1.0,1.0,0.0,1.0,1.0,1.0,0.0,1.0,1.0,0.0,1.0,0.0,1.0,1.0,1.0,1.0,1.0,0.0,1.0,1.0,0.0,1.0,1.0,0.0,1.0,1.0,1.0,1.0,1.0,0.0,0.0,0.0,0.0,0.0,0.0,0.0,0.0,0.0,0.0,0.0,0.0,0.0,0.0,0.0,0.0,0.0,0.0,0.0,1.0,0.0,1.0,1.0,1.0,0.0,0.0,0.0,0.0,0.0,1.0,0.0,0.0,0.0,0.0,0.0,0.0,0.0,0.0,0.0,0.0,0.0,1.0,0.0,0.0,1.0,0.0,0.0,1.0,1.0,0.0,1.0,0.0,0.0,0.0,0.0,1.0,0.0,1.0,0.0,1.0,1.0,1.0,0.0,0.0,1.0,0.0,0.0,1.0,0.0,0.0,1.0,0.0,0.0,0.0,1.0,0.0,1.0,1.0,1.0,1.0,1.0,1.0,1.0,0.0,1.0,1.0,1.0,1.0,1.0,1.0,1.0,1.0,1.0,1.0,1.0,1.0,1.0,1.0,1.0,1.0,0.0,1.0,1.0,1.0,1.0,1.0,1.0,1.0,1.0,0.0,0.0,0.0,1.0,0.0,0.0,1.0,0.0,0.0,0.0,1.0,0.0,0.0,0.0,0.0,0.0,0.0,0.0,0.0,1.0,0.0,1.0,1.0,1.0,0.0,0.0,1.0,0.0,0.0,1.0,0.0,0.0,1.0,0.0,0.0,0.0,1.0,0.0,0.0,0.0,0.0,1.0,0.0,0.0,1.0,0.0,0.0,0.0,0.0,0.0,0.0,0.0,0.0,0.0,0.0,0.0,0.0,1.0,0.0,1.0,1.0,1.0,0.0,0.0,0.0,0.0,0.0,1.0,0.0,0.0,0.0,0.0,0.0,0.0,1.0,0.0,1.0,1.0,1.0,1.0,1.0,1.0,1.0,1.0,1.0,1.0,1.0,1.0,1.0,1.0,1.0,1.0,1.0,1.0,1.0,1.0,1.0,1.0,1.0,1.0,0.0,0.0,0.0,1.0,0.0,0.0,1.0,0.0,0.0,1.0,1.0,0.0,0.0,0.0,0.0,0.0,0.0,0.0,0.0,1.0,0.0,1.0,1.0,1.0,0.0,0.0,1.0,0.0,0.0,1.0,0.0,0.0,1.0,0.0,0.0,0.0,1.0,0.0,1.0,1.0,1.0,1.0,1.0,1.0,1.0,1.0,1.0,1.0,1.0,1.0,1.0,1.0,1.0,1.0,1.0,1.0,1.0,1.0,1.0,1.0,1.0,1.0,1.0,1.0,0.0,0.0,0.0,1.0,0.0,0.0,1.0,1.0,0.0,1.0,1.0,0.0,1.0,0.0,0.0,0.0,0.0,1.0,0.0,1.0,0.0,1.0,1.0,1.0,0.0,0.0,1.0,0.0,0.0,1.0,1.0,0.0,1.0,0.0,1.0,0.0,1.0,0.0,0.0,0.0,0.0,1.0,0.0,0.0,1.0,1.0,0.0,1.0,1.0,0.0,1.0,0.0,1.0,0.0,0.0,1.0,0.0,1.0,0.0,1.0,1.0,1.0,0.0,0.0,1.0,0.0,0.0,1.0,1.0,0.0,1.0,0.0,1.0,0.0,1.0,1.0,0.0,1.0,1.0,1.0,1.0,1.0,1.0,0.0,1.0,1.0,1.0,1.0,1.0,0.0,1.0,0.0,1.0,1.0,1.0,1.0,1.0,1.0,1.0,1.0,0.0,1.0,1.0,0.0,1.0,1.0,1.0,1.0,1.0,0.0,0.0,0.0,1.0,0.0,0.0,1.0,0.0,0.0,1.0,1.0,0.0,1.0,0.0,0.0,0.0,0.0,0.0,0.0,1.0,0.0,1.0,1.0,1.0,0.0,0.0,1.0,0.0,0.0,1.0,0.0,0.0,1.0,0.0,0.0,0.0,1.0,0.0,0.0,1.0,1.0,1.0,1.0,1.0,1.0,0.0,1.0,1.0,1.0,1.0,1.0,1.0,1.0,0.0,1.0,1.0,1.0,1.0,1.0,1.0,1.0,1.0,0.0,1.0,1.0,0.0,1.0,1.0,1.0,1.0,1.0,0.0,0.0,0.0,0.0,0.0,0.0,0.0,0.0,0.0,0.0,0.0,0.0,0.0,0.0,0.0,0.0,0.0,0.0,0.0,0.0,0.0,1.0,1.0,1.0,0.0,0.0,0.0,0.0,0.0,1.0,0.0,0.0,0.0,0.0,0.0,0.0,0.0,0.0,0.0,0.0,1.0,1.0,0.0,0.0,1.0,1.0,0.0,1.0,1.0,0.0,1.0,0.0,1.0,1.0,0.0,1.0,0.0,1.0,0.0,1.0,1.0,1.0,0.0,0.0,1.0,0.0,0.0,1.0,1.0,0.0,1.0,1.0,1.0,0.0,1.0,1.0,0.0,0.0,0.0,0.0,0.0,0.0,0.0,0.0,0.0,0.0,0.0,0.0,0.0,0.0,0.0,0.0,0.0,0.0,0.0,0.0,0.0,0.0,0.0,0.0,0.0,0.0,0.0,0.0,0.0,0.0,0.0,0.0,0.0,0.0,0.0,0.0,0.0,0.0,0.0,0.0,0.0,0.0,0.0,0.0,0.0,0.0,0.0,0.0,0.0,0.0,0.0,0.0,0.0,0.0,0.0,0.0,0.0,0.0,0.0,1.0,0.0,1.0,0.0,0.0,0.0,0.0,0.0,1.0,0.0,0.0,0.0,0.0,0.0,0.0,0.0,0.0,0.0,0.0,0.0,0.0,0.0,0.0,0.0,0.0,0.0,0.0,0.0,0.0,0.0,0.0,0.0,0.0,0.0,0.0,0.0,0.0,0.0,1.0,0.0,0.0,0.0,0.0,0.0,0.0,0.0,0.0,0.0,0.0,0.0,0.0,0.0,0.0,0.0,0.0,0.0,1.0,1.0,1.0,0.0,1.0,1.0,1.0,0.0,1.0,1.0,1.0,1.0,1.0,0.0,1.0,0.0,1.0,1.0,1.0,1.0,1.0,0.0,1.0,1.0,0.0,1.0,1.0,0.0,1.0,1.0,1.0,1.0,1.0,1.0,1.0,1.0,1.0,1.0,1.0,1.0,1.0,1.0,1.0,1.0,1.0,1.0,1.0,1.0,1.0,1.0,1.0,1.0,1.0,1.0,1.0,1.0,1.0,0.0,0.0,0.0,1.0,0.0,0.0,1.0,0.0,0.0,0.0,1.0,0.0,0.0,0.0,0.0,0.0,0.0,0.0,0.0,1.0,0.0,1.0,1.0,1.0,0.0,0.0,0.0,0.0,0.0,1.0,0.0,0.0,1.0,0.0,0.0,0.0,1.0,0.0,0.0,1.0,1.0,1.0,0.0,0.0,1.0,1.0,0.0,1.0,1.0,1.0,0.0,1.0,1.0,0.0,1.0,0.0,1.0,1.0,1.0,1.0,1.0,0.0,1.0,0.0,0.0,1.0,1.0,0.0,1.0,1.0,1.0,1.0,1.0,1.0,1.0,1.0,1.0,1.0,1.0,1.0,1.0,1.0,1.0,1.0,1.0,1.0,1.0,1.0,1.0,1.0,1.0,1.0,1.0,1.0,1.0,1.0,1.0,0.0,1.0,1.0,1.0,1.0,1.0,1.0,1.0,1.0,0.0,0.0,0.0,0.0,0.0,0.0,0.0,0.0,0.0,0.0,0.0,0.0,0.0,0.0,0.0,0.0,0.0,0.0,0.0,0.0,0.0,1.0,0.0,1.0,0.0,0.0,0.0,0.0,0.0,0.0,0.0,0.0,0.0,0.0,0.0,0.0,0.0,0.0,0.0,0.0,0.0,1.0,0.0,0.0,1.0,1.0,0.0,1.0,1.0,0.0,1.0,0.0,0.0,0.0,0.0,1.0,0.0,1.0,0.0,1.0,1.0,1.0,0.0,0.0,1.0,0.0,0.0,1.0,0.0,0.0,1.0,0.0,1.0,0.0,1.0,0.0,1.0,1.0,1.0,1.0,1.0,1.0,1.0,0.0,1.0,1.0,1.0,1.0,1.0,1.0,1.0,1.0,1.0,1.0,1.0,1.0,1.0,1.0,1.0,1.0,0.0,1.0,1.0,0.0,1.0,1.0,1.0,1.0,1.0,0.0,0.0,0.0,1.0,0.0,0.0,1.0,0.0,0.0,0.0,1.0,0.0,0.0,0.0,0.0,0.0,0.0,0.0,0.0,1.0,0.0,1.0,1.0,1.0,0.0,0.0,0.0,0.0,0.0,1.0,0.0,0.0,0.0,0.0,0.0,0.0,1.0,0.0,0.0,0.0,0.0,1.0,0.0,0.0,1.0,1.0,0.0,1.0,1.0,0.0,1.0,0.0,1.0,1.0,0.0,1.0,0.0,1.0,0.0,1.0,1.0,1.0,0.0,0.0,1.0,0.0,0.0,1.0,1.0,0.0,1.0,0.0,1.0,0.0,1.0,1.0,0.0,0.0,0.0,1.0,0.0,0.0,1.0,1.0,0.0,1.0,1.0,0.0,1.0,0.0,0.0,0.0,0.0,1.0,0.0,1.0,0.0,1.0,1.0,1.0,0.0,0.0,1.0,0.0,0.0,1.0,0.0,0.0,1.0,0.0,0.0,0.0,1.0,0.0,1.0,1.0,1.0,1.0,1.0,1.0,1.0,1.0,1.0,1.0,1.0,1.0,1.0,1.0,1.0,1.0,1.0,1.0,1.0,1.0,1.0,1.0,1.0,1.0,0.0,0.0,0.0,0.0,0.0,0.0,0.0,0.0,0.0,0.0,0.0,0.0,0.0,0.0,0.0,0.0,0.0,0.0,0.0,1.0,0.0,1.0,1.0,1.0,0.0,0.0,0.0,0.0,0.0,1.0,0.0,0.0,0.0,0.0,0.0,0.0,0.0,0.0,0.0,0.0,0.0,1.0,0.0,0.0,1.0,1.0,0.0,1.0,1.0,0.0,1.0,0.0,1.0,0.0,0.0,1.0,0.0,1.0,0.0,1.0,1.0,1.0,0.0,0.0,1.0,0.0,0.0,1.0,1.0,0.0,1.0,0.0,1.0,0.0,1.0,0.0,0.0,0.0,0.0,0.0,0.0,0.0,0.0,0.0,0.0,0.0,0.0,0.0,0.0,0.0,0.0,0.0,0.0,0.0,0.0,0.0,0.0,0.0,0.0,0.0,0.0,0.0,0.0,0.0,0.0,0.0,0.0,0.0,0.0,0.0,0.0,0.0,0.0,0.0,1.0,0.0,0.0,0.0,1.0,0.0,0.0,0.0,0.0,0.0,0.0,0.0,1.0,0.0,0.0,0.0,1.0,0.0,0.0,0.0,1.0,1.0,1.0,0.0,0.0,1.0,1.0,0.0,1.0,1.0,1.0,0.0,0.0,0.0,0.0,0.0,1.0,0.0,1.0,1.0,1.0,1.0,1.0,1.0,1.0,1.0,1.0,1.0,1.0,1.0,1.0,1.0,1.0,1.0,1.0,1.0,1.0,1.0,1.0,1.0,1.0,1.0,1.0,1.0,1.0,1.0,1.0,1.0,1.0,1.0,1.0,1.0,1.0,1.0,1.0,1.0,1.0,1.0,1.0,1.0,1.0,1.0,1.0,1.0,1.0,1.0,1.0,1.0,1.0,1.0,1.0,1.0,1.0,1.0,1.0,1.0,1.0,0.0,0.0,0.0,0.0,0.0,0.0,0.0,0.0,0.0,0.0,0.0,1.0,0.0,0.0,0.0,1.0,0.0,0.0,0.0,1.0,1.0,0.0,0.0,0.0,0.0,1.0,0.0,0.0,1.0,1.0,0.0,0.0,0.0,0.0,0.0,0.0,0.0,1.0,1.0,0.0,0.0,1.0,0.0,0.0,0.0,0.0,0.0,0.0,1.0,1.0,0.0,0.0,1.0,1.0,0.0,0.0,0.0,1.0,1.0,1.0,0.0,0.0,1.0,1.0,0.0,1.0,1.0,1.0,0.0,0.0,0.0,1.0,0.0,1.0,0.0,1.0,1.0,0.0,1.0,1.0,0.0,1.0,1.0,0.0,1.0,1.0,0.0,1.0,1.0,1.0,1.0,0.0,0.0,1.0,1.0,1.0,1.0,1.0,1.0,1.0,1.0,1.0,1.0,1.0,0.0,1.0,1.0,1.0,1.0,1.0,1.0,1.0,1.0,1.0,1.0,1.0,1.0,1.0,1.0,1.0,1.0,1.0,1.0,1.0,1.0,1.0,1.0,1.0,1.0,1.0,1.0,1.0,1.0,1.0,1.0,1.0,1.0,1.0,1.0,1.0,0.0,0.0,1.0,1.0,0.0,0.0,0.0,1.0,0.0,1.0,1.0,0.0,1.0,1.0,1.0,1.0,0.0,0.0,1.0,1.0,1.0,1.0,1.0,1.0,1.0,0.0,1.0,1.0,1.0,0.0,0.0,1.0,1.0,1.0,1.0,1.0,1.0,1.0,0.0,0.0,1.0,1.0,0.0,0.0,0.0,0.0,0.0,1.0,1.0,0.0,0.0,1.0,1.0,1.0,0.0,0.0,1.0,1.0,1.0,0.0,0.0,1.0,1.0,0.0,1.0,1.0,1.0,0.0,0.0,0.0,1.0,0.0,1.0,0.0,1.0,1.0,1.0,1.0,1.0,1.0,1.0,1.0,1.0,1.0,1.0,1.0,1.0,1.0,1.0,1.0,1.0,1.0,1.0,1.0,1.0,1.0,1.0,1.0,1.0,1.0,1.0,1.0,1.0,1.0,1.0,1.0,0.0,0.0,1.0,0.0,0.0,0.0,0.0,0.0,0.0,0.0,1.0,0.0,0.0,1.0,1.0,0.0,0.0,0.0,1.0,1.0,1.0,0.0,0.0,1.0,1.0,0.0,1.0,1.0,1.0,0.0,0.0,0.0,1.0,0.0,1.0,0.0,1.0,0.0,0.0,0.0,0.0,0.0,0.0,0.0,0.0,0.0,0.0,0.0,0.0,0.0,0.0,0.0,0.0,0.0,0.0,0.0,0.0,0.0,0.0,0.0,0.0,0.0,0.0,0.0,0.0,0.0,0.0,0.0,0.0,0.0,0.0,0.0,0.0,0.0,1.0,1.0,1.0,1.0,1.0,1.0,1.0,1.0,1.0,1.0,1.0,1.0,1.0,1.0,1.0,1.0,1.0,1.0,1.0,1.0,1.0,1.0,1.0,1.0,1.0,1.0,1.0,1.0,1.0,1.0,1.0,1.0,0.0,0.0,1.0,1.0,0.0,0.0,0.0,1.0,0.0,1.0,1.0,0.0,0.0,1.0,1.0,1.0,0.0,0.0,1.0,1.0,1.0,1.0,1.0,1.0,1.0,0.0,1.0,1.0,1.0,0.0,0.0,1.0,1.0,1.0,1.0,1.0,1.0,1.0,0.0,0.0,1.0,0.0,0.0,0.0,0.0,0.0,0.0,0.0,1.0,0.0,0.0,0.0,1.0,0.0,0.0,0.0,1.0,1.0,1.0,0.0,0.0,1.0,1.0,0.0,1.0,1.0,1.0,0.0,0.0,0.0,0.0,0.0,1.0,0.0,1.0,0.0,0.0,0.0,0.0,0.0,0.0,0.0,0.0,0.0,0.0,0.0,1.0,0.0,0.0,0.0,0.0,0.0,0.0,0.0,1.0,1.0,0.0,0.0,0.0,0.0,1.0,0.0,0.0,1.0,1.0,0.0,0.0,0.0,0.0,0.0,0.0,0.0,1.0,1.0,0.0,0.0,1.0,1.0,0.0,0.0,0.0,0.0,0.0,1.0,1.0,0.0,0.0,1.0,1.0,0.0,0.0,0.0,1.0,1.0,1.0,0.0,0.0,1.0,1.0,0.0,1.0,1.0,1.0,0.0,0.0,0.0,1.0,0.0,1.0,0.0,1.0,1.0,1.0,1.0,1.0,1.0,1.0,1.0,1.0,1.0,1.0,1.0,1.0,1.0,1.0,1.0,1.0,1.0,1.0,1.0,1.0,1.0,1.0,1.0,1.0,1.0,1.0,1.0,1.0,1.0,1.0,1.0,1.0,1.0,1.0,1.0,1.0,1.0,1.0,1.0,1.0,1.0,1.0,1.0,1.0,1.0,1.0,1.0,1.0,1.0,1.0,1.0,1.0,1.0,1.0,1.0,1.0,1.0,1.0,1.0,1.0,0.0,0.0,0.0,0.0,0.0,0.0,0.0,0.0,0.0,0.0,0.0,1.0,0.0,0.0,0.0,0.0,0.0,0.0,0.0,0.0,1.0,0.0,0.0,0.0,0.0,1.0,0.0,0.0,0.0,0.0,0.0,0.0,0.0,0.0,0.0,0.0,0.0,1.0,0.0,0.0,0.0,0.0,0.0,0.0,0.0,0.0,0.0,0.0,0.0,1.0,0.0,0.0,0.0,0.0,0.0,0.0,0.0,0.0,0.0,0.0,0.0,0.0,0.0,0.0,0.0,0.0,0.0,0.0,0.0,0.0,0.0,0.0,0.0,0.0,0.0,1.0,0.0,0.0,0.0,1.0,0.0,0.0,0.0,0.0,0.0,0.0,0.0,1.0,0.0,0.0,0.0,1.0,0.0,0.0,0.0,1.0,1.0,0.0,0.0,0.0,1.0,1.0,0.0,0.0,1.0,1.0,0.0,0.0,0.0,0.0,0.0,0.0,0.0,1.0,1.0,0.0,0.0,1.0,1.0,0.0,0.0,0.0,1.0,0.0,1.0,1.0,0.0,0.0,1.0,1.0,1.0,0.0,0.0,1.0,1.0,1.0,0.0,1.0,1.0,1.0,0.0,1.0,1.0,1.0,0.0,0.0,1.0,1.0,1.0,1.0,1.0,1.0,1.0,0.0,0.0,1.0,1.0,0.0,0.0,0.0,1.0,0.0,1.0,1.0,0.0,0.0,1.0,1.0,1.0,0.0,0.0,1.0,1.0,1.0,0.0,0.0,1.0,1.0,0.0,1.0,1.0,1.0,0.0,0.0,1.0,1.0,1.0,1.0,0.0,1.0,0.0,0.0,0.0,1.0,0.0,0.0,0.0,0.0,0.0,0.0,0.0,1.0,0.0,0.0,0.0,1.0,0.0,0.0,0.0,1.0,1.0,0.0,0.0,0.0,0.0,1.0,0.0,0.0,1.0,1.0,0.0,0.0,0.0,0.0,0.0,0.0,0.0,1.0,0.0,0.0,0.0,0.0,0.0,0.0,0.0,0.0,0.0,0.0,0.0,1.0,0.0,0.0,0.0,0.0,0.0,0.0,0.0,0.0,1.0,0.0,0.0,0.0,0.0,0.0,0.0,0.0,0.0,0.0,0.0,0.0,0.0,0.0,0.0,0.0,0.0,1.0,1.0,1.0,1.0,1.0,1.0,1.0,1.0,1.0,1.0,1.0,1.0,1.0,1.0,1.0,1.0,1.0,1.0,1.0,1.0,1.0,1.0,1.0,1.0,1.0,1.0,1.0,1.0,1.0,0.0,0.0,0.0,1.0,0.0,0.0,0.0,0.0,0.0,0.0,0.0,1.0,0.0,0.0,0.0,1.0,0.0,0.0,0.0,1.0,1.0,1.0,0.0,0.0,1.0,1.0,0.0,0.0,1.0,1.0,0.0,0.0,0.0,0.0,0.0,0.0,0.0,1.0,0.0,0.0,0.0,0.0,0.0,0.0,0.0,0.0,0.0,0.0,0.0,1.0,0.0,0.0,0.0,0.0,0.0,0.0,0.0,1.0,1.0,0.0,0.0,0.0,0.0,1.0,0.0,0.0,0.0,1.0,0.0,0.0,0.0,0.0,0.0,0.0,0.0,1.0,0.0,0.0,0.0,0.0,0.0,0.0,0.0,0.0,0.0,0.0,0.0,1.0,0.0,0.0,0.0,0.0,0.0,0.0,0.0,1.0,1.0,0.0,0.0,0.0,0.0,1.0,0.0,0.0,0.0,0.0,0.0,0.0,0.0,0.0,0.0,0.0,0.0,1.0,1.0,0.0,0.0,1.0,1.0,0.0,0.0,1.0,1.0,0.0,1.0,1.0,0.0,1.0,1.0,1.0,1.0,0.0,0.0,1.0,1.0,1.0,1.0,1.0,1.0,1.0,0.0,1.0,1.0,1.0,0.0,0.0,1.0,1.0,1.0,1.0,1.0,1.0,1.0,0.0,1.0,1.0,1.0,1.0,1.0,0.0,1.0,1.0,0.0,1.0,1.0,1.0,1.0,0.0,0.0,1.0,1.0,1.0,1.0,1.0,1.0,1.0,1.0,1.0,1.0,1.0,0.0,1.0,1.0,1.0,1.0,1.0,1.0,1.0,0.0,0.0,1.0,1.0,0.0,0.0,0.0,1.0,0.0,1.0,1.0,0.0,0.0,1.0,1.0,1.0,0.0,0.0,1.0,1.0,1.0,0.0,0.0,1.0,1.0,0.0,1.0,1.0,1.0,0.0,0.0,0.0,1.0,1.0,1.0,0.0,1.0,1.0,0.0,0.0,1.0,0.0,0.0,0.0,0.0,0.0,0.0,0.0,1.0,0.0,0.0,1.0,1.0,0.0,0.0,0.0,1.0,1.0,1.0,0.0,0.0,1.0,1.0,0.0,1.0,1.0,1.0,0.0,0.0,0.0,0.0,0.0,1.0,0.0,1.0,1.0,0.0,0.0,1.0,1.0,0.0,0.0,0.0,1.0,0.0,1.0,1.0,0.0,0.0,1.0,1.0,1.0,0.0,0.0,1.0,1.0,1.0,0.0,0.0,1.0,1.0,0.0,1.0,1.0,1.0,0.0,0.0,0.0,1.0,0.0,1.0,0.0,1.0,0.0,0.0,0.0,1.0,0.0,0.0,0.0,0.0,0.0,0.0,0.0,1.0,0.0,0.0,0.0,1.0,0.0,0.0,0.0,1.0,1.0,1.0,0.0,0.0,1.0,1.0,0.0,1.0,1.0,1.0,0.0,0.0,0.0,0.0,0.0,0.0,0.0,1.0,1.0,0.0,0.0,1.0,1.0,0.0,0.0,0.0,1.0,0.0,1.0,1.0,0.0,0.0,1.0,1.0,1.0,0.0,0.0,1.0,1.0,1.0,0.0,1.0,1.0,1.0,0.0,1.0,1.0,1.0,0.0,0.0,1.0,1.0,1.0,1.0,0.0,0.0,0.0,0.0,1.0,0.0,1.0,0.0,1.0,1.0,0.0,1.0,0.0,1.0,0.0,1.0,1.0,0.0,0.0,1.0,1.0,0.0,1.0,0.0,0.0,0.0,0.0,1.0,1.0,0.0,1.0,1.0,1.0,0.0,0.0,1.0,1.0,1.0,1.0,1.0,0.0,0.0,1.0,0.0,1.0,0.0,1.0,1.0,0.0,1.0,0.0,1.0,0.0,1.0,1.0,0.0,0.0,1.0,1.0,0.0,1.0,0.0,0.0,0.0,0.0,1.0,1.0,0.0,1.0,1.0,1.0,0.0,0.0,1.0,1.0,1.0,1.0,1.0,1.0,0.0,1.0,0.0,1.0,1.0,1.0,1.0,1.0,1.0,1.0,1.0,1.0,1.0,1.0,1.0,1.0,1.0,1.0,1.0,1.0,1.0,1.0,1.0,1.0,1.0,1.0,1.0,1.0,1.0,1.0,1.0,1.0,1.0,0.0,0.0,0.0,0.0,0.0,1.0,0.0,1.0,1.0,0.0,1.0,0.0,1.0,0.0,1.0,1.0,0.0,0.0,0.0,1.0,0.0,1.0,0.0,0.0,0.0,0.0,1.0,1.0,0.0,0.0,1.0,0.0,0.0,0.0,1.0,1.0,0.0,1.0,1.0,1.0,1.0,1.0,1.0,1.0,1.0,1.0,1.0,1.0,1.0,1.0,1.0,1.0,1.0,1.0,1.0,1.0,1.0,1.0,1.0,1.0,1.0,1.0,1.0,1.0,1.0,1.0,1.0,1.0,1.0,1.0,1.0,1.0,0.0,0.0,0.0,0.0,0.0,0.0,0.0,1.0,1.0,0.0,0.0,0.0,1.0,0.0,0.0,0.0,0.0,0.0,0.0,1.0,0.0,1.0,0.0,0.0,0.0,0.0,1.0,1.0,0.0,0.0,1.0,0.0,0.0,0.0,0.0,1.0,0.0,1.0,1.0,1.0,1.0,1.0,1.0,1.0,1.0,1.0,1.0,1.0,1.0,1.0,1.0,1.0,1.0,1.0,1.0,1.0,1.0,1.0,1.0,1.0,1.0,1.0,1.0,1.0,1.0,1.0,0.0,0.0,0.0,0.0,0.0,0.0,0.0,0.0,0.0,0.0,0.0,0.0,1.0,0.0,0.0,0.0,0.0,0.0,0.0,0.0,0.0,0.0,0.0,0.0,0.0,0.0,0.0,0.0,0.0,0.0,0.0,0.0,0.0,0.0,0.0,0.0,0.0,0.0,0.0,0.0,0.0,0.0,0.0,0.0,0.0,1.0,0.0,0.0,0.0,0.0,1.0,0.0,0.0,0.0,0.0,0.0,0.0,0.0,0.0,0.0,0.0,0.0,0.0,0.0,0.0,0.0,0.0,0.0,0.0,0.0,0.0,0.0,0.0,0.0,0.0,0.0,1.0,1.0,0.0,1.0,0.0,1.0,0.0,1.0,1.0,0.0,1.0,0.0,1.0,0.0,1.0,1.0,0.0,0.0,1.0,1.0,0.0,1.0,0.0,0.0,0.0,0.0,1.0,1.0,1.0,1.0,1.0,1.0,0.0,0.0,1.0,1.0,1.0,1.0,0.0,0.0,0.0,0.0,0.0,1.0,0.0,1.0,1.0,0.0,0.0,0.0,1.0,0.0,0.0,0.0,0.0,0.0,0.0,1.0,0.0,1.0,0.0,0.0,0.0,0.0,1.0,1.0,0.0,0.0,1.0,0.0,0.0,0.0,0.0,1.0,0.0,1.0,1.0,1.0,0.0,1.0,0.0,1.0,1.0,1.0,1.0,1.0,0.0,1.0,0.0,1.0,1.0,1.0,1.0,1.0,1.0,1.0,0.0,1.0,0.0,1.0,1.0,1.0,1.0,1.0,1.0,1.0,1.0,1.0,1.0,1.0,1.0,1.0,0.0,0.0,0.0,0.0,0.0,0.0,0.0,0.0,0.0,0.0,0.0,0.0,0.0,0.0,0.0,0.0,0.0,0.0,0.0,0.0,0.0,0.0,0.0,0.0,0.0,0.0,0.0,0.0,0.0,0.0,0.0,0.0,0.0,0.0,0.0,0.0,0.0,0.0,1.0,1.0,0.0,1.0,0.0,1.0,1.0,1.0,1.0,1.0,1.0,1.0,0.0,1.0,1.0,1.0,1.0,1.0,1.0,1.0,1.0,1.0,1.0,1.0,1.0,1.0,1.0,1.0,1.0,1.0,1.0,1.0,1.0,1.0,1.0,0.0,0.0,0.0,0.0,0.0,1.0,0.0,1.0,1.0,0.0,1.0,0.0,1.0,0.0,0.0,0.0,0.0,0.0,0.0,1.0,0.0,1.0,0.0,0.0,0.0,0.0,1.0,1.0,0.0,0.0,1.0,0.0,0.0,0.0,0.0,1.0,0.0,1.0,0.0,0.0,0.0,0.0,0.0,1.0,0.0,1.0,1.0,0.0,1.0,0.0,1.0,0.0,1.0,0.0,0.0,0.0,0.0,1.0,0.0,1.0,0.0,0.0,0.0,0.0,1.0,1.0,0.0,0.0,1.0,0.0,0.0,0.0,0.0,1.0,0.0,1.0,1.0,1.0,0.0,1.0,0.0,1.0,0.0,1.0,1.0,1.0,1.0,0.0,1.0,0.0,1.0,1.0,0.0,0.0,1.0,1.0,0.0,1.0,0.0,1.0,0.0,0.0,1.0,1.0,1.0,1.0,1.0,1.0,0.0,0.0,1.0,1.0,1.0,1.0,1.0,1.0,1.0,1.0,1.0,1.0,1.0,1.0,1.0,1.0,1.0,1.0,1.0,1.0,1.0,1.0,1.0,1.0,1.0,1.0,1.0,1.0,1.0,1.0,1.0,1.0,1.0,1.0,0.0,0.0,0.0,1.0,0.0,1.0,0.0,1.0,1.0,0.0,1.0,0.0,1.0,0.0,1.0,1.0,0.0,0.0,0.0,1.0,0.0,1.0,0.0,0.0,0.0,0.0,1.0,1.0,0.0,0.0,1.0,1.0,0.0,0.0,1.0,1.0,1.0,1.0,0.0,0.0,0.0,0.0,0.0,0.0,0.0,1.0,1.0,0.0,0.0,0.0,1.0,0.0,0.0,0.0,0.0,0.0,0.0,0.0,0.0,0.0,0.0,0.0,0.0,0.0,0.0,1.0,0.0,0.0,1.0,0.0,0.0,0.0,0.0,1.0,0.0,1.0,1.0,1.0,0.0,1.0,0.0,1.0,0.0,1.0,1.0,1.0,1.0,0.0,1.0,0.0,1.0,1.0,1.0,0.0,1.0,1.0,0.0,1.0,0.0,1.0,0.0,0.0,1.0,1.0,1.0,1.0,1.0,1.0,0.0,0.0,1.0,1.0,1.0,1.0,0.0,0.0,0.0,0.0,0.0,0.0,0.0,1.0,1.0,0.0,0.0,0.0,1.0,0.0,0.0,0.0,0.0,0.0,0.0,1.0,0.0,0.0,0.0,0.0,0.0,0.0,0.0,1.0,0.0,0.0,1.0,0.0,0.0,0.0,0.0,1.0,0.0,1.0,1.0,1.0,0.0,1.0,0.0,1.0,1.0,1.0,1.0,1.0,1.0,1.0,0.0,1.0,1.0,1.0,1.0,1.0,1.0,1.0,0.0,1.0,1.0,1.0,1.0,1.0,1.0,1.0,1.0,1.0,1.0,1.0,1.0,1.0,1.0,1.0,1.0,0.0,1.0,0.0,1.0,0.0,1.0,1.0,1.0,1.0,0.0,1.0,0.0,1.0,1.0,0.0,0.0,1.0,1.0,0.0,1.0,0.0,0.0,0.0,0.0,1.0,1.0,1.0,1.0,1.0,1.0,0.0,0.0,1.0,1.0,1.0,1.0,1.0,1.0,1.0,1.0,1.0,1.0,1.0,1.0,1.0,1.0,1.0,1.0,1.0,1.0,1.0,1.0,1.0,1.0,1.0,1.0,1.0,1.0,1.0,1.0,1.0,1.0,1.0,1.0,1.0,1.0,1.0,1.0,1.0,0.0,1.0,0.0,1.0,0.0,1.0,1.0,1.0,1.0,0.0,1.0,0.0,1.0,1.0,1.0,0.0,1.0,1.0,1.0,1.0,0.0,1.0,0.0,0.0,1.0,1.0,1.0,1.0,1.0,1.0,0.0,0.0,1.0,1.0,1.0,1.0,0.0,0.0,0.0,0.0,0.0,0.0,0.0,1.0,1.0,0.0,0.0,0.0,1.0,0.0,0.0,0.0,0.0,0.0,0.0,1.0,0.0,1.0,0.0,0.0,0.0,0.0,0.0,1.0,0.0,0.0,1.0,0.0,0.0,0.0,0.0,1.0,0.0,1.0,0.0,0.0,0.0,0.0,0.0,0.0,0.0,1.0,1.0,0.0,0.0,0.0,1.0,0.0,0.0,0.0,0.0,0.0,0.0,0.0,0.0,0.0,0.0,0.0,0.0,0.0,0.0,0.0,0.0,0.0,0.0,0.0,0.0,0.0,0.0,0.0,0.0,1.0,1.0,0.0,0.0,1.0,0.0,1.0,0.0,1.0,1.0,0.0,1.0,0.0,1.0,0.0,1.0,1.0,0.0,0.0,1.0,1.0,0.0,1.0,0.0,0.0,0.0,0.0,1.0,1.0,0.0,1.0,1.0,1.0,0.0,0.0,1.0,1.0,1.0,1.0,0.0,0.0,0.0,1.0,0.0,1.0,0.0,1.0,1.0,0.0,1.0,0.0,1.0,0.0,1.0,1.0,0.0,0.0,1.0,1.0,0.0,1.0,0.0,0.0,0.0,0.0,1.0,1.0,0.0,0.0,1.0,1.0,0.0,0.0,1.0,1.0,1.0,1.0,0.0,0.0,0.0,0.0,0.0,0.0,0.0,1.0,1.0,0.0,0.0,0.0,1.0,0.0,0.0,0.0,0.0,0.0,0.0,0.0,0.0,0.0,0.0,0.0,0.0,0.0,0.0,0.0,0.0,0.0,0.0,0.0,0.0,0.0,0.0,0.0,0.0,1.0,0.0,0.0,0.0,1.0,0.0,1.0,0.0,1.0,1.0,0.0,1.0,0.0,1.0,0.0,1.0,1.0,0.0,0.0,0.0,1.0,0.0,1.0,0.0,0.0,0.0,0.0,1.0,1.0,0.0,0.0,1.0,0.0,0.0,0.0,1.0,1.0,0.0,1.0,1.0,1.0,0.0,1.0,0.0,1.0,1.0,1.0,1.0,1.0,0.0,1.0,0.0,1.0,1.0,1.0,1.0,1.0,1.0,1.0,0.0,1.0,0.0,1.0,1.0,1.0,1.0,1.0,1.0,1.0,0.0,1.0,1.0,1.0,1.0,1.0,1.0,1.0,0.0,1.0,0.0,1.0,1.0,1.0,1.0,1.0,0.0,1.0,0.0,1.0,1.0,1.0,1.0,1.0,1.0,1.0,0.0,1.0,0.0,1.0,1.0,1.0,1.0,1.0,1.0,1.0,0.0,0.0,1.0,1.0,1.0,1.0,0.0,0.0,0.0,0.0,0.0,1.0,0.0,1.0,1.0,0.0,1.0,0.0,1.0,0.0,1.0,1.0,0.0,0.0,0.0,1.0,0.0,1.0,0.0,0.0,0.0,0.0,1.0,1.0,0.0,0.0,1.0,0.0,0.0,0.0,0.0,1.0,0.0,1.0,0.0,0.0,0.0,0.0,0.0,0.0,0.0,1.0,1.0,0.0,0.0,0.0,1.0,0.0,0.0,0.0,0.0,0.0,0.0,0.0,0.0,0.0,0.0,0.0,0.0,0.0,0.0,1.0,0.0,0.0,1.0,0.0,0.0,0.0,0.0,0.0,0.0,1.0,0.0,0.0,0.0,1.0,0.0,1.0,0.0,1.0,1.0,0.0,1.0,0.0,1.0,0.0,1.0,1.0,0.0,0.0,0.0,1.0,0.0,1.0,0.0,0.0,0.0,0.0,1.0,1.0,0.0,0.0,1.0,1.0,0.0,0.0,1.0,1.0,0.0,1.0,0.0,0.0,0.0,0.0,0.0,0.0,0.0,1.0,1.0,0.0,0.0,0.0,1.0,0.0,0.0,0.0,0.0,0.0,0.0,0.0,0.0,0.0,0.0,0.0,0.0,0.0,0.0,0.0,0.0,0.0,0.0,0.0,0.0,0.0,0.0,0.0,0.0,0.0,0.0,0.0,0.0,0.0,0.0,0.0,1.0,0.0,0.0,0.0,0.0,1.0,0.0,0.0,0.0,0.0,0.0,1.0,0.0,0.0,0.0,0.0,0.0,0.0,0.0,0.0,0.0,0.0,1.0,0.0,0.0,1.0,0.0,1.0,0.0,0.0,0.0,0.0,1.0,0.0,0.0,0.0,1.0,0.0,1.0,0.0,0.0,1.0,1.0,1.0,1.0,0.0,1.0,1.0,1.0,1.0,1.0,1.0,1.0,1.0,0.0,1.0,1.0,0.0,1.0,1.0,1.0,1.0,1.0,1.0,0.0,1.0,1.0,0.0,1.0,0.0,1.0,1.0,1.0,1.0,1.0,1.0,1.0,1.0,1.0,1.0,1.0,1.0,1.0,1.0,1.0,1.0,1.0,1.0,1.0,1.0,1.0,1.0,1.0,1.0,1.0,1.0,1.0,1.0,1.0,1.0,1.0,1.0,1.0,1.0,1.0,1.0,1.0,1.0,1.0,1.0,1.0,1.0,1.0,1.0,1.0,1.0,1.0,1.0,1.0,1.0,1.0,1.0,1.0,1.0,1.0,1.0,1.0,0.0,0.0,0.0,0.0,0.0,1.0,0.0,0.0,0.0,0.0,1.0,0.0,0.0,0.0,1.0,1.0,1.0,0.0,0.0,1.0,1.0,0.0,1.0,1.0,0.0,1.0,1.0,1.0,1.0,1.0,1.0,0.0,1.0,1.0,0.0,1.0,0.0,1.0,1.0,1.0,1.0,1.0,1.0,1.0,1.0,1.0,1.0,1.0,1.0,1.0,1.0,1.0,1.0,1.0,1.0,1.0,1.0,1.0,1.0,1.0,1.0,1.0,1.0,1.0,1.0,1.0,0.0,0.0,0.0,0.0,0.0,0.0,0.0,0.0,0.0,0.0,0.0,1.0,0.0,0.0,0.0,0.0,0.0,1.0,0.0,0.0,0.0,0.0,0.0,0.0,0.0,0.0,0.0,0.0,1.0,0.0,0.0,1.0,0.0,0.0,0.0,0.0,0.0,0.0,1.0,1.0,1.0,1.0,1.0,1.0,1.0,1.0,1.0,1.0,1.0,1.0,1.0,1.0,1.0,1.0,1.0,1.0,1.0,1.0,1.0,1.0,1.0,1.0,1.0,1.0,1.0,1.0,1.0,0.0,1.0,0.0,1.0,0.0,1.0,1.0,1.0,1.0,0.0,1.0,1.0,1.0,1.0,1.0,1.0,1.0,1.0,0.0,1.0,1.0,0.0,1.0,1.0,1.0,1.0,1.0,1.0,0.0,1.0,1.0,1.0,0.0,1.0,0.0,0.0,0.0,1.0,0.0,1.0,0.0,0.0,0.0,1.0,1.0,1.0,0.0,0.0,1.0,1.0,1.0,1.0,1.0,1.0,1.0,0.0,1.0,1.0,0.0,1.0,1.0,1.0,1.0,1.0,1.0,0.0,1.0,1.0,0.0,1.0,0.0,1.0,0.0,0.0,0.0,1.0,0.0,1.0,0.0,0.0,0.0,0.0,1.0,1.0,0.0,0.0,1.0,1.0,1.0,1.0,1.0,1.0,1.0,0.0,1.0,1.0,0.0,1.0,1.0,1.0,1.0,1.0,1.0,0.0,1.0,1.0,0.0,1.0,0.0,0.0,0.0,0.0,0.0,0.0,0.0,0.0,0.0,0.0,0.0,0.0,0.0,0.0,0.0,0.0,0.0,0.0,0.0,0.0,0.0,0.0,0.0,0.0,0.0,0.0,0.0,0.0,0.0,0.0,0.0,0.0,0.0,0.0,0.0,0.0,0.0,0.0,0.0,1.0,0.0,0.0,0.0,1.0,0.0,1.0,0.0,0.0,0.0,0.0,1.0,0.0,0.0,0.0,1.0,1.0,1.0,1.0,1.0,1.0,1.0,0.0,1.0,1.0,0.0,1.0,1.0,1.0,1.0,1.0,1.0,0.0,1.0,1.0,0.0,1.0,0.0,1.0,1.0,1.0,1.0,1.0,1.0,1.0,1.0,1.0,0.0,1.0,1.0,1.0,1.0,1.0,1.0,1.0,1.0,1.0,1.0,1.0,1.0,1.0,1.0,1.0,1.0,1.0,1.0,1.0,1.0,1.0,0.0,0.0,0.0,1.0,0.0,1.0,0.0,0.0,1.0,1.0,1.0,1.0,0.0,0.0,1.0,1.0,1.0,1.0,1.0,1.0,1.0,0.0,1.0,1.0,0.0,1.0,1.0,1.0,1.0,1.0,1.0,0.0,1.0,1.0,0.0,1.0,0.0,1.0,0.0,0.0,0.0,0.0,0.0,1.0,0.0,0.0,0.0,0.0,1.0,0.0,0.0,0.0,0.0,1.0,1.0,0.0,0.0,0.0,0.0,0.0,1.0,0.0,0.0,1.0,0.0,1.0,1.0,0.0,1.0,0.0,1.0,1.0,0.0,1.0,0.0,1.0,0.0,0.0,0.0,0.0,0.0,1.0,0.0,0.0,0.0,0.0,1.0,0.0,0.0,0.0,0.0,0.0,1.0,0.0,0.0,0.0,0.0,0.0,1.0,0.0,0.0,1.0,0.0,1.0,0.0,0.0,1.0,0.0,1.0,1.0,0.0,1.0,0.0,0.0,0.0,0.0,0.0,0.0,0.0,0.0,0.0,0.0,0.0,0.0,1.0,0.0,0.0,0.0,0.0,0.0,0.0,0.0,0.0,0.0,0.0,0.0,0.0,0.0,0.0,0.0,0.0,0.0,0.0,0.0,1.0,0.0,0.0,0.0,0.0,0.0,0.0,1.0,0.0,0.0,0.0,1.0,0.0,1.0,0.0,0.0,0.0,0.0,1.0,0.0,0.0,0.0,1.0,1.0,1.0,0.0,1.0,1.0,1.0,0.0,1.0,1.0,0.0,1.0,1.0,1.0,1.0,1.0,1.0,0.0,1.0,1.0,0.0,1.0,0.0,1.0,0.0,0.0,0.0,1.0,0.0,1.0,0.0,0.0,0.0,0.0,1.0,0.0,0.0,0.0,1.0,1.0,1.0,0.0,0.0,1.0,1.0,0.0,1.0,1.0,0.0,1.0,1.0,1.0,1.0,1.0,1.0,0.0,1.0,1.0,0.0,1.0,0.0,1.0,0.0,0.0,0.0,0.0,0.0,1.0,0.0,0.0,0.0,0.0,1.0,0.0,0.0,0.0,1.0,1.0,1.0,0.0,0.0,0.0,0.0,0.0,1.0,1.0,0.0,1.0,0.0,1.0,1.0,1.0,1.0,0.0,1.0,1.0,0.0,1.0,0.0,1.0,0.0,0.0,0.0,0.0,0.0,1.0,0.0,0.0,0.0,0.0,1.0,0.0,0.0,0.0,1.0,1.0,1.0,0.0,0.0,1.0,0.0,0.0,1.0,1.0,0.0,1.0,0.0,1.0,1.0,1.0,1.0,0.0,1.0,1.0,0.0,1.0,0.0,1.0,1.0,1.0,1.0,1.0,1.0,1.0,1.0,1.0,1.0,1.0,1.0,1.0,1.0,1.0,1.0,1.0,1.0,1.0,1.0,1.0,1.0,1.0,1.0,1.0,1.0,1.0,1.0,1.0,1.0,0.0,0.0,0.0,0.0,0.0,1.0,0.0,0.0,0.0,0.0,1.0,0.0,0.0,0.0,0.0,0.0,1.0,0.0,0.0,0.0,0.0,0.0,0.0,0.0,0.0,1.0,0.0,1.0,0.0,0.0,1.0,0.0,1.0,1.0,0.0,0.0,0.0,1.0,0.0,0.0,0.0,0.0,0.0,1.0,0.0,0.0,0.0,0.0,1.0,0.0,0.0,0.0,1.0,1.0,1.0,0.0,0.0,0.0,0.0,0.0,1.0,0.0,0.0,1.0,0.0,1.0,1.0,0.0,1.0,0.0,1.0,1.0,0.0,1.0,0.0,1.0,1.0,1.0,1.0,1.0,1.0,1.0,1.0,1.0,1.0,1.0,1.0,1.0,1.0,1.0,1.0,1.0,1.0,1.0,1.0,1.0,1.0,1.0,1.0,1.0,1.0,1.0,1.0,1.0,1.0,0.0,0.0,0.0,0.0,0.0,1.0,0.0,0.0,0.0,0.0,1.0,0.0,0.0,0.0,0.0,0.0,1.0,0.0,0.0,0.0,0.0,0.0,0.0,0.0,0.0,0.0,0.0,1.0,0.0,0.0,1.0,0.0,1.0,0.0,0.0,0.0,0.0,1.0,0.0,0.0,0.0,0.0,0.0,1.0,0.0,0.0,0.0,0.0,1.0,0.0,0.0,0.0,1.0,1.0,1.0,0.0,0.0,1.0,1.0,0.0,1.0,1.0,0.0,1.0,0.0,1.0,1.0,1.0,1.0,0.0,1.0,1.0,0.0,1.0,0.0,0.0,0.0,0.0,0.0,0.0,0.0,0.0,0.0,0.0,0.0,0.0,1.0,0.0,0.0,0.0,0.0,0.0,1.0,0.0,0.0,0.0,0.0,0.0,0.0,0.0,0.0,0.0,0.0,0.0,0.0,0.0,1.0,0.0,0.0,0.0,0.0,0.0,0.0,1.0,0.0,0.0,0.0,0.0,0.0,1.0,0.0,0.0,0.0,0.0,1.0,0.0,0.0,0.0,0.0,1.0,1.0,0.0,0.0,0.0,0.0,0.0,1.0,0.0,0.0,1.0,0.0,1.0,0.0,0.0,1.0,0.0,1.0,1.0,0.0,1.0,0.0,1.0,0.0,0.0,0.0,0.0,0.0,1.0,0.0,0.0,0.0,0.0,1.0,0.0,0.0,0.0,1.0,1.0,1.0,0.0,0.0,0.0,0.0,0.0,1.0,0.0,0.0,1.0,0.0,1.0,1.0,0.0,1.0,0.0,1.0,1.0,0.0,1.0,0.0,0.0,0.0,0.0,0.0,0.0,0.0,0.0,0.0,0.0,0.0,0.0,1.0,0.0,0.0,0.0,0.0,0.0,0.0,0.0,0.0,0.0,0.0,0.0,0.0,0.0,0.0,0.0,0.0,0.0,0.0,0.0,0.0,0.0,0.0,0.0,0.0,0.0,0.0,1.0,1.0,1.0,1.0,1.0,1.0,1.0,1.0,1.0,1.0,1.0,1.0,1.0,1.0,1.0,1.0,1.0,1.0,1.0,1.0,1.0,1.0,1.0,1.0,1.0,1.0,1.0,1.0,1.0,0.0,0.0,0.0,0.0,0.0,0.0,1.0,0.0,0.0,0.0,0.0,1.0,0.0,0.0,0.0,0.0,0.0,1.0,0.0,0.0,0.0,0.0,0.0,0.0,0.0,0.0,0.0,0.0,1.0,0.0,0.0,1.0,0.0,0.0,0.0,0.0,0.0,0.0,1.0,0.0,0.0,0.0,0.0,0.0,1.0,0.0,0.0,0.0,0.0,1.0,0.0,0.0,0.0,0.0,0.0,1.0,0.0,0.0,0.0,0.0,0.0,0.0,0.0,0.0,1.0,0.0,1.0,0.0,0.0,1.0,0.0,1.0,0.0,0.0,0.0,0.0,1.0,1.0,1.0,1.0,1.0,1.0,1.0,1.0,1.0,1.0,1.0,1.0,1.0,1.0,1.0,1.0,1.0,1.0,1.0,1.0,1.0,1.0,1.0,1.0,1.0,1.0,1.0,1.0,0.0,0.0,0.0,0.0,0.0,1.0,0.0,0.0,0.0,0.0,1.0,0.0,0.0,0.0,0.0,0.0,1.0,0.0,0.0,0.0,0.0,0.0,1.0,0.0,0.0,1.0,0.0,1.0,0.0,0.0,1.0,0.0,1.0,1.0,0.0,0.0,0.0,1.0,1.0,0.0,1.0,0.0,1.0,1.0,1.0,1.0,1.0,1.0,0.0,1.0,1.0,1.0,1.0,1.0,1.0,1.0,1.0,0.0,1.0,1.0,0.0,1.0,1.0,1.0,1.0,1.0,1.0,0.0,1.0,1.0,1.0,0.0
0.9070872068405152,0.9999955892562866,0.6565390229225159,0.9999983310699464,0.999991774559021,0.2870024740695953,0.9998825788497924,0.9981412887573242,0.9999141693115234,0.9999793767929076,0.008552461862564,0.9999980926513672,0.9182368516921996,0.0351253002882003,0.829383373260498,0.9956385493278505,0.9999997615814208,1.0,0.0004934918251819,0.9990237951278688,1.0,0.999914526939392,8.73615846330722e-08,1.0,0.0355111397802829,1.0,0.9896686673164368,3.731686834540504e-11,0.99999737739563,0.9999583959579468,0.999991774559021,0.9999688863754272,0.9999992847442628,0.998946487903595,0.9999949932098388,0.9999817609786988,0.9999997615814208,0.9999960660934448,0.9911309480667114,0.0001193105126731,0.8084335923194885,3.572711648303084e-05,0.8857197165489197,0.7552456855773926,1.470464212616207e-05,0.0461406596004962,0.0044010821729898,0.1017661839723587,0.1187103912234306,7.626740625710227e-07,0.8254073262214661,0.0001682380534475,2.770227411019732e-06,4.964200707036071e-05,0.0020527441520243,0.9810007214546204,0.9999821186065674,2.7199956775803e-07,0.0051932171918451,0.9998698234558104,0.0963096916675567,6.259300022737335e-11,0.9995977282524108,2.921849272752297e-06,0.999966025352478,0.0004753814137075,5.887129705169776e-14,0.9684972763061525,0.2835113406181335,0.7193649411201477,0.6102318167686462,0.9952417612075806,0.0070251515135169,0.8172662258148193,0.49100261926651,0.997060000896454,0.8278033137321472,0.0004208587342873,0.1107664555311203,0.999930500984192,0.0187048818916082,0.999968409538269,0.9998132586479188,0.0038347016088664,0.994115948677063,0.900799036026001,0.9968460202217102,0.9989860653877258,0.0001069749414455,0.999948501586914,0.1025587692856788,0.0004662370192818,0.0482138693332672,0.7593596577644348,0.9999933242797852,1.0,1.6131916709127836e-05,0.9373440742492676,0.9999997615814208,0.9957091808319092,3.324673203408679e-09,0.9999995231628418,0.0004317031125538,0.9999998807907104,0.4868265688419342,2.090604165477794e-12,0.9999533891677856,0.9992340803146362,0.9998308420181274,0.9990344047546388,0.9999860525131226,0.960128366947174,0.9999212026596068,0.9993721842765808,0.9999966621398926,0.999924898147583,0.582459568977356,3.4072192647727206e-05,0.5297811627388,1.2321886970312336e-05,0.6259861588478088,0.3929316699504852,4.200333023618441e-06,0.011844684369862,0.0012737753568217,0.0203441865742206,0.0266774054616689,2.696888827813382e-07,0.4010794162750244,5.196499841986224e-05,9.47395847106236e-07,1.6091598808998242e-05,0.0005710968398489,0.8934095501899719,0.9999762773513794,1.1197568738907648e-07,0.0013310848735272,0.9997978806495668,0.0369284376502037,1.9700347256290662e-11,0.9993188381195068,1.2052684041918835e-06,0.9999477863311768,0.0001227622269652,1.8614141938976328e-14,0.9357385635375975,0.1264129728078842,0.3026607930660248,0.3722255825996399,0.984833836555481,0.0017217063577845,0.6205542683601379,0.1556009352207183,0.9883167147636414,0.5667585730552673,6.306185969151556e-05,6.912902608746663e-05,0.6010575294494629,2.3409527784679085e-05,0.7091388702392578,0.3986589908599853,8.553749466955196e-06,0.014451790601015,0.0018570377724245,0.0271888002753257,0.0507634095847606,5.344443820831657e-07,0.6021382212638855,9.500400483375417e-05,1.9429107851465237e-06,2.9847738915123045e-05,0.0009621689678169,0.94083571434021,0.9999722242355348,1.6831775440095953e-07,0.0021704267710447,0.9997939467430116,0.0358073487877845,4.192864111463024e-11,0.9993313550949096,2.0978800421289634e-06,0.9999405145645142,0.0002289655531058,3.5565727609081915e-14,0.9031581878662108,0.144140213727951,0.4344880580902099,0.3952930569648742,0.9871238470077516,0.0036095301620662,0.6909682154655457,0.2374383807182312,0.9924848675727844,0.6133164763450623,0.0001926497061504,0.9955386519432068,0.9999998807907104,0.973137617111206,0.9999998807907104,0.9999994039535522,0.8532137274742126,0.999992847442627,0.999871015548706,0.9999949932098388,0.9999992847442628,0.1531610786914825,0.9999998807907104,0.9952927827835084,0.4416850507259369,0.9888257384300232,0.9997336268424988,1.0,1.0,0.0047397799789905,0.9999314546585084,1.0,0.9999940395355223,9.402097020938528e-07,1.0,0.4071024060249328,1.0,0.9994444251060486,2.2908673569244087e-10,0.9999997615814208,0.9999984502792358,0.9999996423721312,0.99999737739563,1.0,0.9999511241912842,0.9999998807907104,0.9999988079071044,1.0,0.9999997615814208,0.9996165037155152,0.0025377641431987,0.9977219700813292,0.0004837870365008,0.9989778995513916,0.9956403970718384,0.0001275252434425,0.782868504524231,0.1398272067308426,0.8625218272209167,0.9502728581428528,3.798324996751034e-06,0.9975274205207824,0.0029140647966414,1.5405015801661648e-05,0.0007696779211983,0.0748260393738746,0.9998231530189514,0.9999996423721312,1.3349158507480752e-06,0.2032904028892517,0.9999984502792358,0.8992393016815186,2.2938538568606504e-10,0.9999957084655762,2.4228136680903845e-05,0.9999992847442628,0.0147965522482991,2.1859659807103862e-13,0.999543845653534,0.9769882559776306,0.9943007230758668,0.9818559288978576,0.999788463115692,0.3197100162506103,0.9981983304023744,0.9649571776390076,0.9999594688415528,0.998118817806244,0.0152079770341515,0.0497748255729675,0.9997681975364684,0.0088511938229203,0.9998592138290404,0.9992507100105286,0.0019224279094487,0.977158784866333,0.7098824381828308,0.987217366695404,0.9971578121185304,9.698011126602069e-05,0.9998455047607422,0.0464629270136356,0.0004466958635021,0.0170767027884721,0.4926389157772064,0.9999806880950928,0.9999998807907104,1.5732564861536957e-05,0.7967866659164429,0.9999996423721312,0.9863075613975524,4.81229367466085e-09,0.9999990463256836,0.0003689359000418,0.9999997615814208,0.2539658546447754,0.9998061060905457,0.9971617460250854,0.999557077884674,0.9969876408576964,0.9999626874923706,0.8521348237991333,0.999749720096588,0.9980257749557496,0.9999938011169434,0.999724805355072,0.3305796086788177,0.0012186092790216,0.9920875430107116,0.0002742472279351,0.995952844619751,0.9803896546363832,6.707772263325751e-05,0.4913149774074554,0.055976003408432,0.6572988629341125,0.8344286680221558,4.173341494606575e-06,0.9917498230934144,0.0010558879002928,1.585049722052645e-05,0.0004025401431135,0.0218974146991968,0.9992294311523438,0.9999992847442628,1.055997586263402e-06,0.0774217844009399,0.9999953508377076,0.6688341498374939,2.546096389277608e-10,0.9999880790710448,1.4701569853059482e-05,0.9999982118606568,0.0073765334673225,1.8211867018787242e-13,0.9971977472305298,0.9199165105819702,0.9848974347114564,0.9384027123451232,0.9994120597839355,0.1400167942047119,0.993443727493286,0.934162974357605,0.9998676776885986,0.9928756952285768,0.0089044412598013,0.0007360959425568,0.9926277995109558,0.0001833405258366,0.996771275997162,0.9859707951545716,3.846058098133653e-05,0.5119472146034241,0.0449636243283748,0.6464653611183167,0.8257548213005066,2.0441941614990355e-06,0.9916551113128662,0.000995086855255,6.388728252204601e-06,0.0002519552945159,0.0227049253880977,0.9993886947631836,0.9999995231628418,6.902938594066654e-07,0.0578039474785327,0.9999970197677612,0.6932868361473083,1.0232231034690288e-10,0.9999914169311525,8.748222171561792e-06,0.9999988079071044,0.0042343633249402,9.821735303316635e-14,0.9990047812461852,0.9353373646736144,0.9822574257850648,0.9433507919311525,0.9995525479316713,0.1154947057366371,0.995010256767273,0.8914259672164917,0.99990713596344,0.9943411350250244,0.0037564451340585,0.994978964328766,0.9999995231628418,0.9757469892501832,0.9999997615814208,0.9999984502792358,0.867692232131958,0.9999880790710448,0.9998180270195008,0.9999868869781494,0.9999988079071044,0.1584314256906509,0.9999997615814208,0.9946510195732116,0.4850861728191376,0.9870635271072388,0.999717891216278,1.0,1.0,0.0066582253202795,0.9999048709869384,1.0,0.999990701675415,1.0,0.386286973953247,1.0,0.9994705319404602,0.9999994039535522,0.9999958276748656,0.9999992847442628,0.9999942779541016,0.9999998807907104,0.9999220371246338,0.9999995231628418,0.9999977350234984,1.0,0.9999995231628418,0.9995949864387512,1.232246358995326e-05,0.4683971107006073,3.3515511859150138e-06,0.626547634601593,0.3439079821109772,1.0861624559765914e-06,0.0056324009783566,0.0004693000228144,0.0144253289327025,0.0212899893522262,7.333915164053907e-08,0.3844464421272278,1.6327427147189155e-05,2.266434364628367e-07,4.796479970536893e-06,0.0002248545788461,0.8925607204437256,0.999985694885254,2.7059797957917908e-08,0.000480566493934,0.999874234199524,0.0200800765305757,4.518750391230286e-12,0.9994811415672302,3.106844985723001e-07,0.9999728202819824,4.9690504965838045e-05,4.291655904622733e-15,0.919277548789978,0.0965197682380676,0.2708928287029266,0.1742790043354034,0.9752014875411988,0.0010382189648225,0.599876344203949,0.0693504884839057,0.9902252554893494,0.5118966102600098,3.617741822381504e-05,0.0505374893546104,0.9997112154960632,0.0088695604354143,0.999818742275238,0.9991488456726074,0.002419217955321,0.9768506288528442,0.7431640028953552,0.986844539642334,0.9970486760139464,0.0001145542555605,0.99978369474411,0.0470321178436279,0.0004571986792143,0.0190341807901859,0.5356212258338928,0.9999762773513794,0.9999998807907104,1.7158092305180617e-05,0.8408964276313782,0.9999995231628418,0.9868135452270508,5.06239006270448e-09,0.999998927116394,0.0003734511847142,0.9999997615814208,0.2902244627475738,2.941209125209565e-12,0.9997952580451964,0.9961496591567992,0.9994739890098572,0.9976637363433838,0.9999626874923706,0.8445698618888855,0.9996613264083862,0.9982787370681764,0.9999933242797852,0.9996360540390016,0.3476754426956177,0.9926503300666808,0.9999995231628418,0.9607978463172911,0.9999997615814208,0.9999984502792358,0.7961875200271606,0.9999871253967284,0.999798595905304,0.9999852180480956,0.9999986886978148,0.1048863381147384,0.9999997615814208,0.9928613305091858,0.3564045429229736,0.9814894795417786,0.9996284246444702,1.0,1.0,0.0039169252850115,0.9998936653137208,1.0,0.9999905824661256,9.68347876550979e-07,1.0,0.3257531225681305,1.0,0.99922513961792,0.9999995231628418,0.9999957084655762,0.9999991655349731,0.9999943971633912,0.9999998807907104,0.9998939037322998,0.9999995231628418,0.999997615814209,1.0,0.9999994039535522,0.999444544315338,0.0756561905145645,0.9998108744621276,0.015430012717843,0.9999113082885742,0.9995493292808532,0.0024736404884606,0.988314151763916,0.820499837398529,0.9916914701461792,0.9985128045082092,0.0001790714886737,0.9998828172683716,0.0705815702676773,0.0007586003048345,0.0264002028852701,0.6875866055488586,0.9999860525131226,0.9999998807907104,2.613360629766248e-05,0.8954159021377563,0.9999995231628418,0.9926552772521972,7.563267345744862e-09,0.999998927116394,0.0006140173063613,0.9999997615814208,0.3608747720718384,3.77715653893107e-12,0.999853491783142,0.9975409507751464,0.9996939897537231,0.9983977675437928,0.9999682903289796,0.9079604148864746,0.999760091304779,0.9987049102783204,0.9999935626983644,0.9998158812522888,0.4430077672004699,0.0208414308726787,0.9992820620536804,0.0041608531028032,0.9995649456977844,0.9977492690086364,0.0011301258346065,0.9380468726158142,0.4969323575496673,0.9620978236198424,0.9911318421363832,6.102828774601221e-05,0.9994914531707764,0.0181057006120681,0.0002544419839978,0.006971453782171,0.2853715419769287,0.9999457597732544,0.9999997615814208,1.0870000551221892e-05,0.6363856792449951,0.999998927116394,0.9646970629692078,3.286246608169563e-09,0.999997615814209,0.0002210835082223,0.9999995231628418,0.1199163645505905,0.9995121955871582,0.9914207458496094,0.9985955357551576,0.9929215312004088,0.9999147653579712,0.6807266473770142,0.9992664456367492,0.9944737553596495,0.9999837875366212,0.9992448091506958,0.1624288260936737,1.94953690879629e-06,0.0546808540821075,6.146789814920339e-07,0.0663336217403411,0.0284166168421506,1.82998576292448e-07,0.0004473377775866,5.411883830674924e-05,0.0012196294264867,0.0009048894280567,1.1986272419051149e-08,0.0238439440727233,2.579124156909529e-06,3.65671688484781e-08,7.418771588163509e-07,2.858110747183673e-05,0.2277886122465133,0.9998598098754884,5.15696241265573e-09,5.438953303382732e-05,0.9980389475822448,0.0015014110831543,7.653089858887518e-13,0.9911467432975768,5.0562171338697226e-08,0.9997468590736388,5.22575373906875e-06,7.175114452237509e-16,0.4947205781936645,0.0094570415094494,0.0228596944361925,0.0196691397577524,0.8091302514076233,0.0001000026677502,0.083003893494606,0.0063049024902284,0.8371824026107788,0.0449692606925964,2.100837264151778e-06,1.1216357620469353e-07,0.0001640100526856,4.811001730331554e-08,0.0001383847993565,0.0001925452088471,1.9256354732988257e-08,8.225977580877952e-06,2.2029014417057624e-06,1.7929816749528982e-05,6.998229764576536e-06,1.060456833457124e-09,4.479549897951074e-05,1.5946996256843704e-07,3.6491278887496037e-09,5.9537374141882544e-08,1.074646320375905e-06,0.0002440512471366,0.629261314868927,4.74745298628676e-10,2.381552121732966e-06,0.0909896120429039,1.5427363905473612e-05,9.305278308958596e-14,0.0263890102505683,4.370817485721545e-09,0.6283941268920898,2.398644198819966e-07,8.293133488699854e-17,0.0031943896319717,8.09979101177305e-05,9.388608305016533e-05,0.0002476088993716,0.0296175982803106,3.5910281894757645e-06,0.0002844056580215,8.350591087946668e-05,0.0070243962109088,0.0002116743416991,8.074203350361132e-08,0.9942694902420044,0.9999986886978148,0.9769556522369384,0.9999995231628418,0.99999737739563,0.9125306010246276,0.9999735355377196,0.9997639060020448,0.9999855756759644,0.9999955892562866,0.2625060081481933,0.9999995231628418,0.9945592284202576,0.5561471581459045,0.989390194416046,0.9995412826538086,0.9999998807907104,1.0,0.0112708872184157,0.9998719692230223,1.0,0.9999829530715942,2.852935040209559e-06,1.0,0.5743328332901001,1.0,0.9993427395820618,9.048224947072471e-10,0.9999990463256836,0.9999895095825196,0.9999979734420776,0.9999911785125732,0.9999997615814208,0.9998867511749268,0.9999985694885254,0.999996542930603,0.9999998807907104,0.9999985694885254,0.9995157718658448,0.0187538266181945,0.9995156526565552,0.0035416786558926,0.99973326921463,0.9987308382987976,0.000599171675276,0.9548407196998596,0.5165541172027588,0.9744879007339478,0.9937769174575806,4.493686719797552e-05,0.9996521472930908,0.0168308857828378,0.0001787294750101,0.0064621185883879,0.3149348497390747,0.9999624490737916,0.9999998807907104,6.406055035768077e-06,0.6272311210632324,0.9999994039535522,0.9722875356674194,2.144544763993394e-09,0.9999984502792358,0.0001399069005856,0.9999997615814208,0.1184996888041496,1.2241693119266484e-12,0.9997135996818542,0.9936603903770448,0.9991796612739564,0.9938424825668336,0.9999394416809082,0.6928502321243286,0.9995179176330566,0.9956549406051636,0.9999902248382568,0.9994502663612366,0.1614028960466385,2.515764947474963e-07,0.0006517096771858,1.112412775228222e-07,0.0005144574097357,0.0005824482650496,3.8644362376771824e-08,2.153567766072229e-05,5.275632702250732e-06,4.1522471292410046e-05,1.7945178115041927e-05,2.3828445883111726e-09,0.0001820193283492,3.609255543324253e-07,8.170404797169795e-09,1.323159892763215e-07,2.437226839901996e-06,0.0012832774082198,0.971065104007721,1.1340944849891343e-09,5.439071628643433e-06,0.6336862444877625,3.647527046268806e-05,2.0027248360133398e-13,0.2947936654090881,9.79429959357958e-09,0.958565592765808,5.199250381338061e-07,1.7766157403145347e-16,0.0131844636052846,0.0002231821563327,0.0003507786896079,0.0007870635017752,0.1180468201637268,8.659200830152258e-06,0.0009458803106099,0.0002906647860072,0.0357258878648281,0.000738822389394,1.9235088188906962e-07,0.0009641121141612,0.9844003319740297,0.000217916429392,0.9909725189208984,0.9680355787277222,5.617430360871367e-05,0.3908469080924988,0.0386681593954563,0.5477471351623535,0.7467126250267029,3.6097344491281542e-06,0.9835407137870787,0.0012200511991977,1.1585898391786031e-05,0.0003803536528721,0.0213118642568588,0.998336136341095,0.9999982118606568,1.0513192592043197e-06,0.0452623851597309,0.9999881982803344,0.5698984861373901,2.3657387160369575e-10,0.999967098236084,1.7347450921079144e-05,0.9999958276748656,0.0053448174148797,1.983822042186598e-13,0.9962838292121888,0.858331024646759,0.9710611701011658,0.9003357291221619,0.9988977909088136,0.0732679814100265,0.985884726047516,0.8568421602249146,0.9997119307518004,0.9861862659454346,0.0041734278202056,1.0,1.0,1.0,1.0,1.0,1.0,1.0,1.0,1.0,1.0,1.0,1.0,0.9999998807907104,1.0,1.0,1.0,1.0,0.999968409538269,1.0,1.0,1.0,1.0,0.9999997615814208,1.0,1.0,1.0,1.0,1.0,1.0,1.0,1.0,1.0,1.0,1.0,1.0,1.0,5.925256800765055e-07,0.0026231231167912,2.598563639821805e-07,0.0020248650107532,0.0019186876015737,9.043989024348777e-08,6.167941319290549e-05,1.2866188626503572e-05,0.0001155551435658,5.179693471291103e-05,5.640141242935215e-09,0.0006730965105816,8.418105608143378e-07,1.9154773767127157e-08,3.0945997764320055e-07,5.813678853883175e-06,0.0061438954435288,0.9939836859703064,2.618625316586076e-09,1.301509382756194e-05,0.9043008089065552,0.0001204808795591,4.654458784537907e-13,0.7000560760498047,2.2460161730464282e-08,0.9906361699104308,1.2869006695837015e-06,4.112972027998392e-16,0.0481986291706562,0.0007135375635698,0.0012191474670544,0.0027006547898054,0.2984902858734131,2.195363776991144e-05,0.0040066628716886,0.0010239405091851,0.1270164549350738,0.0026572379283607,4.88030480028101e-07,0.970008134841919,0.9999986886978148,0.8535385131835938,0.9999992847442628,0.9999959468841552,0.5285856127738953,0.9999585151672364,0.9992724061012268,0.9999611377716064,0.9999958276748656,0.0230382233858108,0.9999994039535522,0.972331702709198,0.1159940361976623,0.9320772886276244,0.9986262321472168,0.9999998807907104,1.0,0.0011600311845541,0.9996517896652222,1.0,0.9999691247940063,3.0075267432039254e-07,1.0,0.0990532860159874,1.0,0.9968963861465454,0.9999988079071044,0.999988317489624,0.999997854232788,0.9999862909317015,0.9999996423721312,0.9996623992919922,0.9999986886978148,0.9999921321868896,1.0,0.9999984502792358,0.9975464940071106,6.550848041797508e-08,8.790560968918726e-05,2.6512687156809992e-08,8.029309537960216e-05,9.765775030246004e-05,9.512644005837956e-09,4.477319635043386e-06,1.1673678272927646e-06,9.54199640545994e-06,4.178435119683854e-06,6.157257481653743e-10,2.323761691513937e-05,8.914820881500418e-08,2.0521588872668413e-09,3.2874769573254525e-08,5.6733694009381e-07,0.0001040349088725,0.3247064352035522,2.734169002316378e-10,1.1720327393049956e-06,0.0278289970010519,7.500758783862693e-06,4.8696479791263125e-14,0.0089059146121144,2.327015469205662e-09,0.3078925907611847,1.2140505134539126e-07,4.624971614703646e-17,0.0010456164600327,4.159388117841445e-05,5.302559657138772e-05,0.0001029480772558,0.0089155286550521,1.9588458144426117e-06,0.0001262381847482,3.1215513445204124e-05,0.0024940131697803,0.0001036296453094,4.2776314046477644e-08,0.2227649986743927,0.9999666213989258,0.0461503341794014,0.9999842643737792,0.9999077320098876,0.0102056050673127,0.9977291226387024,0.9500823616981506,0.9982078075408936,0.9997310042381288,0.0002282314817421,0.9999741315841676,0.2289331257343292,0.001282408600673,0.0986092090606689,0.8978414535522461,0.9999972581863404,1.0,4.115340925636701e-05,0.9746604561805724,0.9999998807907104,0.9987132549285888,6.218609627239857e-09,0.9999997615814208,0.0011704135686159,1.0,0.7225483059883118,4.136401290932845e-12,0.9999797344207764,0.9996032118797302,0.9999204874038696,0.9996559619903564,0.9999929666519164,0.9813140630722046,0.9999610185623168,0.9996477365493774,0.9999986886978148,0.9999716281890868,0.7713843584060669,1.0,1.0,1.0,1.0,1.0,1.0,1.0,1.0,1.0,1.0,1.0,1.0,1.0,1.0,1.0,1.0,1.0,1.0,1.0,1.0,1.0,1.0,1.0,1.0,1.0,1.0,1.0,1.0,1.0,1.0,1.0,1.701651854091324e-05,0.1034680530428886,6.062385637051193e-06,0.1217409819364547,0.0873741060495376,2.523996045056265e-06,0.0027827450539916,0.0005571671645157,0.0057913251221179,0.0042073307558894,1.567585314887765e-07,0.0741732120513916,2.944439256680198e-05,5.191293439565925e-07,9.19782087294152e-06,0.0002841584791895,0.3851097524166107,0.9996564388275146,5.3820269130255844e-08,0.0005352527368813,0.9960065484046936,0.0060728979296982,1.1553172481193474e-11,0.985608458518982,7.614196420036023e-07,0.9992945194244384,5.2682407840620726e-05,1.0492795122899781e-14,0.5758270621299744,0.0215134713798761,0.0714104101061821,0.0795121267437934,0.908341348171234,0.0005175787373445,0.1247720271348953,0.0395321622490882,0.8587597012519836,0.1214438155293464,2.2531023205374368e-05,3.710091550601646e-05,0.4687241613864898,1.3887687600799836e-05,0.5512851476669312,0.399847000837326,5.34723994860542e-06,0.0106505509465932,0.0013824339257553,0.0272721704095602,0.0183980911970138,2.820681856974261e-07,0.3959465026855469,5.628036524285562e-05,1.062948172148026e-06,1.7914946511154994e-05,0.0005707871750928,0.8796776533126831,0.9999374151229858,1.1730666216180909e-07,0.0014011765597388,0.9994553923606871,0.0249440800398588,2.4752222840818128e-11,0.998225748538971,1.1468463299024734e-06,0.9998890161514282,0.0001230609777849,0.8914369344711304,0.0949416384100914,0.3150632977485657,0.3137326538562774,0.9803631901741028,0.0017939105164259,0.4535638391971588,0.1729009598493576,0.984000027179718,0.4641724526882171,7.57723391870968e-05,9.17164870770648e-05,0.5612951517105103,3.087872755713761e-05,0.7217300534248352,0.5004904866218567,1.094668095902307e-05,0.0168975479900836,0.0023742893245071,0.03738958761096,0.0596334636211395,6.842854531896592e-07,0.605367124080658,0.0001192378404084,2.482165200490272e-06,3.8172573113115504e-05,0.0013830014504492,0.9325186014175416,0.999958634376526,2.32729036042656e-07,0.0027113789692521,0.9996932744979858,0.0504130721092224,5.612856013303968e-11,0.9990532994270324,3.0359537959157024e-06,0.9999067783355712,0.0003247818676754,4.812052110405272e-14,0.9095796346664428,0.1371242403984069,0.4646008312702179,0.3445501327514648,0.983051896095276,0.0039736661128699,0.6358715295791626,0.231499433517456,0.989754855632782,0.6114072799682617,0.00023934066121,0.0003089353849645,0.9237995743751526,7.729219942120835e-05,0.9575438499450684,0.8694823980331421,2.4452994694001973e-05,0.1136790737509727,0.0122813871130347,0.2202703356742859,0.428009420633316,1.7282224007431068e-06,0.9412206411361694,0.0004301206208765,4.463608092919458e-06,0.000146437290823,0.0063172467052936,0.9924359917640686,0.9999955892562866,3.762198161894048e-07,0.0126832202076911,0.9999639987945556,0.2357098013162613,9.375698828417711e-11,0.9998818635940552,5.4535835261049215e-06,0.999991774559021,0.0014303372008726,6.486028755097253e-14,0.9804004430770874,0.5747983455657959,0.8985337018966675,0.6353262066841125,0.9965187311172484,0.0189768597483634,0.933161199092865,0.5957079529762268,0.9989047050476074,0.9189419150352478,0.0011552348732948,2.729974994508666e-06,0.0216096770018339,8.635455515104695e-07,0.0233083255589008,0.0129602383822202,3.209553653960029e-07,0.0003926898352801,6.689203291898593e-05,0.0008014082559384,0.0011093678185716,2.3810736493601325e-08,0.0157576855272054,4.165985046711285e-06,6.957358777981426e-08,1.465483592255623e-06,3.511301474645734e-05,0.1078216508030891,0.996798574924469,6.347383507687709e-09,6.617950566578656e-05,0.9675247669219972,0.0008507897146046,1.5224459063226117e-12,0.8925034999847412,7.188937445334886e-08,0.9954336285591124,7.486958111257991e-06,1.0413360584864508e-15,0.1018020212650299,0.0042519392445683,0.0142432656139135,0.0074426499195396,0.4392191469669342,8.630536467535421e-05,0.0244369562715291,0.0034040000755339,0.5238322019577026,0.0202594455331563,3.0572361993108643e-06,0.0005292241694405,0.9873934984207152,0.0001139616579166,0.9923168420791626,0.971114695072174,3.163687506457791e-05,0.3718184232711792,0.0312170069664716,0.5266947746276855,0.6622197031974792,1.1865304259117693e-06,0.984452486038208,0.0005761953070759,4.76418063044548e-06,0.0002044147258857,0.0103902351111173,0.9987597465515136,0.9999990463256836,4.194950804503606e-07,0.0430171564221382,0.9999935626983644,0.5265445113182068,7.033332943828796e-11,0.999981164932251,4.962265848007519e-06,0.9999983310699464,0.0028735785745084,5.968375072591335e-14,0.9975146055221558,0.8817018270492554,0.9680657386779784,0.9203688502311708,0.9993114471435548,0.0938170999288559,0.9887651205062866,0.8766396641731262,0.9997695088386536,0.988023281097412,0.0033846341539174,2.0465666239033453e-05,0.3871727883815765,7.733426173217595e-06,0.5215909481048584,0.2963422238826751,2.7601113288255874e-06,0.0084619661793112,0.0008360476931557,0.0157384984195232,0.0146901421248912,1.466124786020373e-07,0.3649612367153168,2.933536234195344e-05,5.515225325325446e-07,9.63184083957458e-06,0.000302732019918,0.8801740407943726,0.9999347925186156,6.376740202540533e-08,0.00093546876451,0.999554455280304,0.0178846344351768,1.302197932817606e-11,0.998299777507782,5.955316169092839e-07,0.9999003410339355,7.279579585883766e-05,1.2252029191271283e-14,0.8986135721206665,0.071517527103424,0.2430294603109359,0.2559052407741546,0.9764328598976136,0.0011978951515629,0.4123196899890899,0.1196551322937011,0.9830931425094604,0.4385367035865783,5.6612163461977616e-05,1.065092692442704e-05,0.1975250840187072,2.9958832783449907e-06,0.2621836960315704,0.099369391798973,8.624254519418173e-07,0.0020095587242394,0.0002747318940237,0.0046163788065314,0.0104183917865157,6.667463026133191e-08,0.1839691996574401,1.3687789760297164e-05,2.1890387813527925e-07,5.085487373435171e-06,0.0001479912025388,0.6976315975189209,0.9998999834060668,1.8258067058241068e-08,0.0002872651384677,0.9988113641738892,0.0061304466798901,4.411599557885282e-12,0.995423138141632,2.154071410132019e-07,0.9998315572738647,2.669428431545384e-05,3.254834425866029e-15,0.5491954684257507,0.0316170938313007,0.1178092435002327,0.0472975745797157,0.8943653106689453,0.0005351968575268,0.235311359167099,0.0247517488896846,0.950789749622345,0.1932983696460724,2.0077010049135424e-05,5.908058028580854e-06,0.0632569715380668,2.076247028526268e-06,0.0739641785621643,0.0469093322753906,7.28023564988689e-07,0.000908461108338,0.0001526285486761,0.0026461326051503,0.0016492499271407,4.6978883005976975e-08,0.0297906547784805,9.632640285417438e-06,1.5072444625729986e-07,2.8094759727537166e-06,8.303375943796709e-05,0.2162529975175857,0.9994972944259644,1.7917633599040528e-08,0.0001411973789799,0.9931831955909728,0.0026134266518056,3.3851432941489627e-12,0.977651298046112,2.02609243160623e-07,0.9990189075469972,1.555089511384722e-05,3.0474335382913668e-15,0.4092068672180176,0.014047953300178,0.0375357493758201,0.0307834595441818,0.7935291528701782,0.0002368747664149,0.0907491967082023,0.0113872596994042,0.7701469659805298,0.0560238845646381,5.855700692336541e-06,8.203377365134656e-05,0.7737700343132019,2.9001126677030697e-05,0.8562881350517273,0.7225415706634521,1.2473875358409714e-05,0.04086609557271,0.0049042627215385,0.0784267261624336,0.0695871859788894,7.24919061667606e-07,0.7420098185539246,0.0001688645133981,2.4822409159241943e-06,5.257596058072522e-05,0.0020504167769104,0.9673786759376526,0.9999831914901732,2.403501184744528e-07,0.004912132397294,0.9998501539230348,0.0830896124243736,5.1816054918996095e-11,0.9995608925819396,3.2967534480121685e-06,0.9999626874923706,0.0003158831968903,4.8590156827591977e-14,0.96362042427063,0.2775304913520813,0.6627588868141174,0.5152187943458557,0.993380069732666,0.0044562336988747,0.76301509141922,0.3673706948757171,0.996068000793457,0.7682065367698669,0.0001858132018242,0.0869668126106262,0.9998934268951416,0.0129127893596887,0.999936580657959,0.9996402263641356,0.0019749628845602,0.988831639289856,0.8235516548156738,0.9923102855682372,0.9987514019012452,9.805563604459168e-05,0.9999217987060548,0.0683429092168808,0.0003542480408214,0.0280944108963012,0.6586309671401978,0.9999918937683104,1.0,8.614837497589178e-06,0.8713610172271729,0.9999998807907104,0.9939544796943665,1.975187569058789e-09,0.9999997615814208,0.0003742289845831,1.0,0.3567777872085571,7.879581319022999e-13,0.9999245405197144,0.9988705515861512,0.9997696280479432,0.9978166818618774,0.9999855756759644,0.9320666193962096,0.999902606010437,0.9984028935432434,0.9999980926513672,0.9998952150344848,0.4093270301818847,0.9035975933074952,0.9993720650672911,0.9999961853027344,0.999961256980896,0.999997615814209,1.6249154214165173e-05,0.9998121857643129,1.0,0.9999995231628418,1.0,1.2942118488012966e-08,0.99989116191864,5.5274613259825855e-05,0.6138803958892822,0.5427960157394409,0.8328357338905334,0.9999486207962036,0.9999479055404664,0.9999911785125732,0.999924659729004,1.0,1.0,0.999996542930603,0.9998078942298888,7.238903094730631e-07,5.658380359818693e-07,1.0,0.0001427365350537,0.9999760389328004,1.6553221016124553e-08,0.9999997615814208,0.9999988079071044,0.9999998807907104,0.9996795654296876,1.0,0.9999998807907104,1.0,1.0,0.9999356269836426,0.0284094475209712,0.8511583209037781,0.9996035695075988,0.9972444772720336,0.9998134970664978,1.7777134075913636e-07,0.949614405632019,0.9999966621398926,0.9999827146530152,1.0,1.6076109887741552e-10,0.9826620817184448,1.7075653886422517e-06,0.0154175870120525,0.0071407970972359,0.040093220770359,0.99241042137146,0.9968013763427734,0.9988812804222108,0.9979887008666992,1.0,0.9999998807907104,0.9997472167015076,0.9705640077590942,1.3526589626167151e-08,1.1747913752913064e-08,0.9999998807907104,2.7517587568581803e-06,0.9953084588050842,1.6069671981977507e-10,0.9999924898147584,0.9999250173568726,0.9999912977218628,0.9775100350379944,0.9999998807907104,0.999991774559021,0.9999961853027344,0.9999997615814208,0.9783519506454468,3.282495072198799e-06,0.0001626132434466,0.0386693216860294,0.0204492080956697,0.1531336158514022,2.2721036163630967e-10,0.0005049196188338,0.9137675166130066,0.7694279551506042,0.9999974966049194,3.9211445505490943e-13,0.0015201445203274,5.2446105236469975e-09,4.848004664381733e-06,1.7001847254505265e-06,2.905242399720009e-05,0.0026201994623988,0.0280297137796878,0.0164293963462114,0.6247982978820801,0.999823272228241,0.999014973640442,0.113821841776371,0.001091279904358,6.209808361967717e-11,3.551738070317612e-11,0.9990606904029846,1.206913413653865e-08,0.0022092557046562,2.9886363566225543e-13,0.9444813132286072,0.143388494849205,0.8118640184402466,0.0148253804072737,0.9992130994796752,0.580337405204773,0.8641207814216614,0.9980533123016356,0.0004086355911567,0.1055439710617065,0.9232593774795532,0.99891996383667,0.9952064156532288,0.9994307160377502,1.0508098284844891e-06,0.9627768397331238,0.9999898672103882,0.9998856782913208,1.0,0.98220956325531,5.026594863011269e-06,0.0155060729011893,0.0090812053531408,0.0553811527788639,0.9901719689369202,0.9915430545806884,0.9965194463729858,0.9948264956474304,0.9999997615814208,0.9999995231628418,0.9992658495903016,0.9665845036506652,1.0121256366346645e-07,6.915723105294093e-08,0.9999995231628418,1.83969550562324e-05,0.9925174713134766,1.5478487380704562e-09,0.9999632835388184,0.9994359612464904,0.9999504089355468,0.9375491738319396,0.9999996423721312,0.9999685287475586,0.9999895095825196,0.9999991655349731,0.9806093573570251,9.953307016985492e-05,0.0034713633358478,0.2969231307506561,0.1670023202896118,0.5608325004577637,4.942903863991432e-09,0.0109613249078392,0.991872012615204,0.9372685551643372,0.9999988079071044,1.161802858778982e-11,0.019531374797225,1.0456790278112749e-07,6.896789273014292e-05,2.2945421733311377e-05,0.0003780782863032,0.0287301521748304,0.1838018298149109,0.1442110389471054,0.7943018078804016,0.9999268054962158,0.999803364276886,0.5547019839286804,0.0115403542295098,1.118778181208313e-09,6.242563688196866e-10,0.999817669391632,2.1674244976566118e-07,0.0388523787260055,8.511742526084998e-12,0.9849268198013306,0.4579702317714691,0.9607420563697816,0.0534306243062019,0.9998347759246826,0.959709882736206,0.9854182004928588,0.9995347261428832,0.0110141476616263,0.999998927116394,1.0,1.0,1.0,1.0,0.7142088413238525,1.0,1.0,1.0,1.0,1.0,0.8431464433670044,0.9999886751174928,0.9999876022338868,0.9999947547912598,1.0,1.0,1.0,1.0,1.0,1.0,1.0,1.0,0.058278914541006,0.0270051211118698,1.0,0.9502484202384948,1.0,0.0007352427928708,1.0,1.0,1.0,0.9999998807907104,1.0,1.0,1.0,1.0,1.0,0.0046857926063239,0.3927080929279327,0.9956915974617004,0.97756689786911,0.9984259605407716,4.8729237533962084e-08,0.645760715007782,0.9999724626541138,0.999740183353424,1.0,8.999186118519019e-11,0.8533288240432739,4.11677234524177e-07,0.001257540541701,0.0006854194798506,0.0069399462081491,0.9242143034934998,0.971487522125244,0.980012834072113,0.99030202627182,0.9999996423721312,0.9999992847442628,0.9967026114463806,0.7528497576713562,5.537500680219409e-09,5.120813550973935e-09,0.9999992847442628,1.0237940841761883e-06,0.9423266649246216,5.7056619845452516e-11,0.999897599220276,0.9986487030982972,0.9998549222946168,0.815514862537384,0.9999994039535522,0.9999024868011476,0.9999606609344482,0.9999980926513672,0.7973374724388123,1.0850660601136042e-06,4.3611678847810254e-05,0.006919918116182,0.0054007358849048,0.0363257862627506,1.0047899318132991e-10,9.478555148234592e-05,0.624646782875061,0.4001539349555969,0.9999892711639404,1.3014615155969994e-13,0.0003867489285767,2.4924600161568833e-09,1.6528650803593337e-06,6.258145504034474e-07,8.553774023312144e-06,0.0006497022113762,0.0065740016289055,0.0028653475455939,0.3164147734642029,0.99902606010437,0.9945789575576782,0.0248570442199707,0.0002636992721818,2.5065307468485895e-11,1.6421152632117852e-11,0.9951040744781494,5.4661226656094194e-09,0.0005518763209693,9.88246959851384e-14,0.7663013935089111,0.0298394411802291,0.4394771456718445,0.0032122384291142,0.9956914782524108,0.2266902178525924,0.4825300872325897,0.984793484210968,0.0001051957879099,5.873447207704885e-06,0.000158344686497,0.0221301428973674,0.0185947548598051,0.0960572808980941,7.457105488661853e-10,0.0006398347322829,0.8227272629737854,0.5769625902175903,0.999990701675415,7.754121780431666e-13,0.0018347724108025,1.9436537712635985e-08,1.2098324077669533e-05,4.113297563890228e-06,6.9911424361635e-05,0.0031712520867586,0.0306577794253826,0.0092664891853928,0.6904144883155823,0.9993172883987428,0.9963349103927612,0.0904509127140045,0.0013550324365496,1.866957560769933e-10,1.232983715127034e-10,0.9967203736305236,4.108879991804315e-08,0.0018281927332282,5.213691349308103e-13,0.8407368063926697,0.0649654418230056,0.5885799527168274,0.0140686919912695,0.9973177313804626,0.4001409709453583,0.714970052242279,0.9927035570144652,0.0004410352848935,4.542166642806933e-09,7.071506047395816e-08,3.4984182093467098e-06,5.5049436014087405e-06,9.481890629103871e-06,9.809159777843246e-13,2.284127447182982e-07,9.98253672150895e-05,5.442813198897056e-05,0.6679862141609192,1.1897466069990081e-15,5.777900469183805e-07,2.8885947453427537e-11,8.766718018193842e-09,4.030427547263571e-09,4.0248984589652537e-08,6.855821084172931e-07,3.90878494727076e-06,1.4593553032682394e-06,0.000415360671468,0.0437138080596923,0.0042410353198647,6.700916856061667e-06,3.690444430048956e-07,2.6354509937223663e-13,1.6599148813280231e-13,0.0031096218153834,5.579201683980628e-11,4.191419691323972e-07,7.369628686431761e-16,0.0005279374308884,8.958292710303795e-06,7.418008317472413e-05,6.0858346841996536e-06,0.004931756760925,1.805882857297547e-05,4.680928032030352e-05,0.0016247528837993,1.506918323457285e-07,1.0,1.0,1.0,1.0,1.0,1.0,1.0,1.0,1.0,0.9999998807907104,1.0,1.0,1.0,1.0,1.0,1.0,1.0,1.0,1.0,1.0,1.0,1.0,1.0,1.0,1.0,1.0,1.0,1.0,1.0,0.0021058344282209,0.1599231958389282,0.9681977033615112,0.8934611678123474,0.9879239201545716,4.8725706136565356e-08,0.3673487901687622,0.9998602867126464,0.9984421133995056,0.9999998807907104,1.2586338915543394e-10,0.5404192209243774,6.111887387305615e-07,0.0007774590048938,0.0002727908140514,0.0042686578817665,0.689777672290802,0.8943386673927307,0.914892852306366,0.9729014039039612,0.9999972581863404,0.9999951124191284,0.9880921840667723,0.4015781879425049,8.572020426811378e-09,4.843473622173633e-09,0.9999957084655762,1.6830938420753228e-06,0.7813646793365479,9.502406500550008e-11,0.9995343685150146,0.9842442274093628,0.9991205334663392,0.5178373456001282,0.9999959468841552,0.9994487166404724,0.9998119473457336,0.9999899864196776,0.4516153931617737,0.9999991655349731,1.0,1.0,1.0,1.0,0.9116750359535216,1.0,1.0,1.0,1.0,1.0,0.9999916553497314,0.9999945163726808,0.999996542930603,1.0,1.0,1.0,1.0,1.0,1.0,1.0,1.0,1.0,1.0,1.0,1.0,1.0,0.9999998807907104,1.0,1.0,1.0,1.0,1.0,0.9840302467346193,0.999766767024994,0.999991536140442,0.9999642372131348,0.9999942779541016,0.0001392383856,0.9999005794525146,0.9999998807907104,0.9999980926513672,1.0,2.8123818651693e-07,0.9999167919158936,0.0005312374560162,0.8696982860565186,0.8225857615470886,0.9693964123725892,0.999953269958496,0.999946355819702,0.9999719858169556,0.9998713731765748,1.0,1.0,0.9999938011169434,0.9998632669448853,1.360390342597384e-05,9.165309165837243e-06,1.0,0.0023258675355464,0.9999717473983764,1.7587778700089984e-07,0.9999992847442628,0.999995231628418,0.9999995231628418,0.9996426105499268,1.0,0.9999996423721312,0.9999998807907104,1.0,0.9999409914016724,0.9101815223693848,0.9990732669830322,0.9999905824661256,0.9999314546585084,0.9999935626983644,2.4865177692845464e-05,0.9997418522834778,0.9999998807907104,0.9999984502792358,1.0,0.9998399019241332,6.131651753094047e-05,0.5354263186454773,0.4286024868488312,0.8157904148101807,0.999918818473816,0.999902367591858,0.9999762773513794,0.99981290102005,1.0,1.0,0.999992609024048,0.9996975660324096,1.5233559906846494e-06,1.178206503027468e-06,1.0,0.0002574149984866,0.9999556541442872,3.0134689410488136e-08,0.9999994039535522,0.999995231628418,0.9999994039535522,0.9992043375968932,1.0,0.9999996423721312,0.9999998807907104,1.0,0.999891996383667,0.9587458372116088,0.9990379810333252,0.9999667406082152,0.999863624572754,0.9999754428863524,8.994930249173194e-05,0.9995837807655334,0.9999995231628418,0.999992609024048,1.0,1.8776556487409837e-07,0.9996483325958252,0.000274701276794,0.6365113854408264,0.5669189691543579,0.875885546207428,0.9997925162315368,0.9997476935386658,0.9998868703842164,0.9995726943016052,1.0,1.0,0.9999749660491944,0.9993804693222046,8.327117029693909e-06,6.108838078944245e-06,1.0,0.0013540758518502,0.9998781681060792,1.1746384132038656e-07,0.9999974966049194,0.9999825954437256,0.999997615814209,0.998601734638214,1.0,0.9999986886978148,0.9999995231628418,1.0,0.9997864365577698,0.0312438327819108,0.8486635684967041,0.9994046688079834,0.9968711733818054,0.9997792840003968,2.0245009579866746e-07,0.9470942616462708,0.9999951124191284,0.999966025352478,1.0,3.0502908532348267e-10,0.9818191528320312,1.6596253544776118e-06,0.0091867726296186,0.0046065472997725,0.034328144043684,0.9912505149841307,0.9963433146476746,0.9978448152542114,0.9975106716156006,0.9999998807907104,0.9999998807907104,0.9996123909950256,0.962493896484375,1.8979484650571976e-08,1.4680650473053449e-08,0.9999998807907104,3.7993067962815994e-06,0.9935606718063354,2.68104510814382e-10,0.9999868869781494,0.9997864365577698,0.9999797344207764,0.9580249190330504,0.9999998807907104,0.999985933303833,0.9999953508377076,0.9999996423721312,0.9725939035415648,0.0001698447013041,0.0049281124956905,0.2670033276081085,0.2193667739629745,0.4426832199096679,8.904960324684907e-09,0.0146561609581112,0.9780784249305724,0.819403886795044,0.9999951124191284,0.0268545858561992,1.387142418707299e-07,0.0001001172640826,4.1074836190091446e-05,0.0005255956202745,0.0329993069171905,0.1494318395853042,0.0961217284202575,0.6562084555625916,0.9997126460075378,0.9993300437927246,0.386114090681076,0.0139453001320362,1.7039687438824556e-09,1.0525936788852164e-09,0.9993656277656556,3.62619203997383e-07,0.0353885069489479,1.2326397715034519e-11,0.9479804635047911,0.3597379624843597,0.8865323662757874,0.0567124187946319,0.9994472861289978,0.891100287437439,0.96859210729599,0.9986246824264526,0.0172663144767284,4.3116269807796925e-05,0.002235148102045,0.2828418910503387,0.1886305510997772,0.6239603757858276,2.6707875910858547e-09,0.0066828345879912,0.9918832778930664,0.9509510397911072,0.999998927116394,4.655207209297574e-12,0.0217919945716857,4.270571096753884e-08,4.008394535048865e-05,1.2828771104977932e-05,0.000211371196201,0.0362948775291442,0.1423216015100479,0.1030233204364776,0.8586153984069824,0.9999493360519408,0.999836802482605,0.5389388799667358,0.0109777338802814,5.496825772333125e-10,3.974620355062797e-10,0.9998596906661988,1.0853387522047343e-07,0.0259034018963575,3.1685318431506904e-12,0.9852771162986756,0.5685349702835083,0.968151330947876,0.0732053965330123,0.9998784065246582,0.9503936767578124,0.9859100580215454,0.9997022747993468,0.0078352922573685,0.0002748875413089,0.0052092964760959,0.0947749838232994,0.0970507338643074,0.192608967423439,1.5248030393877343e-08,0.0130008272826671,0.7623396515846252,0.3400453925132751,0.9998561143875122,2.769607113095596e-11,0.0230889786034822,2.2752398365355478e-07,0.0001525063562439,7.019881741143763e-05,0.0008854120969772,0.0228163581341505,0.0584212280809879,0.0333076007664203,0.2720869183540344,0.9926355481147766,0.9834468364715576,0.1193376630544662,0.0117904422804713,2.918926211847861e-09,1.7777610494817962e-09,0.9845685958862304,6.025692869116028e-07,0.0195689499378204,2.241634655675284e-11,0.615841269493103,0.0838601738214492,0.4129438102245331,0.0280236341059207,0.9847182631492616,0.4583277702331543,0.6428919434547424,0.9673457741737366,0.0103308530524373,5.20783984825357e-08,8.92696846221952e-07,4.1396342567168176e-05,7.111686136340722e-05,0.0001553063339088,9.19359813972287e-12,2.709895625230274e-06,0.0017307829111814,0.0011589156929403,0.9818684458732604,8.165223122744321e-15,7.300709057744825e-06,2.6697014043897127e-10,1.0558501628565865e-07,4.70357228721241e-08,4.417595391714713e-07,9.805198715184815e-06,6.631343421759084e-05,2.023298657150008e-05,0.0082319192588329,0.4746631681919098,0.0689786300063133,0.0001135240163421,5.4426568567578215e-06,2.397017263497392e-12,1.553222936552523e-12,0.0623192377388477,5.176965522935005e-10,5.782746029581176e-06,6.314387099808474e-15,0.0069067156873643,0.0001013800138025,0.0010050341952592,7.806851499481127e-05,0.0912237390875816,0.0002812137827277,0.0008216457208618,0.0329656116664409,1.4842861446595634e-06,3.939220150073197e-08,9.139299663729616e-07,6.475662667071447e-05,8.939578401623294e-05,0.0002987238694913,6.137879701023641e-12,2.68855046670069e-06,0.0047451122663915,0.0041007278487086,0.9985785484313964,4.949341412781912e-15,8.4981429608888e-06,1.6780143941019787e-10,7.69275558809568e-08,3.227465938948626e-08,3.274139714903868e-07,1.2306444659770932e-05,7.940374780446291e-05,3.882240707753226e-05,0.0153571050614118,0.8859104514122009,0.3463904857635498,0.0001719034626148,6.571974608959863e-06,1.5010627289757659e-12,9.896640798534584e-13,0.3098321855068207,3.4793182224213126e-10,6.700654466840206e-06,4.146861551520241e-15,0.0271863900125026,0.0002572854573372,0.0035262170713394,0.0001084851246559,0.3836987018585205,0.0005251754191704,0.002312681172043,0.1536333411931991,1.4459189969784347e-06,0.0017151240026578,0.1493439674377441,0.9788526892662048,0.9310569167137146,0.9932221174240112,3.004492654667956e-08,0.3697793185710907,0.9999061822891236,0.9992712140083312,1.0,5.752573417616702e-11,0.5808553099632263,4.270991382782086e-07,0.0006313872872851,0.0002579331048764,0.0031883039046078,0.7465313076972961,0.9327080249786376,0.920470118522644,0.9839821457862854,0.999998927116394,0.9999971389770508,0.9902361035346984,0.4302234053611755,4.9510662236684774e-09,3.6573288841879052e-09,0.99999737739563,9.844089845501005e-07,0.7710875272750854,3.808409837491311e-11,0.9997510313987732,0.9924220442771912,0.9995929598808287,0.6002144813537598,0.999997615814209,0.999586284160614,0.9998847246170044,0.9999945163726808,0.4647705256938934,0.0031760551501065,0.249883234500885,0.9882937669754028,0.9620555639266968,0.9970921277999878,3.963858574707047e-08,0.5191294550895691,0.999943733215332,0.999692440032959,1.0,5.2635656250243905e-11,0.776636004447937,4.860430067310517e-07,0.0012759336968883,0.0006119699100963,0.0045739291235804,0.8472341895103455,0.9722928404808044,0.9714030027389526,0.9888235926628112,0.9999995231628418,0.9999986886978148,0.995296061038971,0.5795581340789795,5.264515046121687e-09,3.4095126721922493e-09,0.9999988079071044,1.0781109267554712e-06,0.9015662670135498,4.7287888882419076e-11,0.999893307685852,0.9965212345123292,0.9998087286949158,0.7606625556945801,0.999998927116394,0.999816596508026,0.9999387264251708,0.9999970197677612,0.6209301948547363,1.0,1.0,1.0,1.0,1.0,0.9999938011169434,1.0,1.0,1.0,1.0,1.0,1.0,1.0,1.0,1.0,1.0,1.0,1.0,1.0,1.0,1.0,1.0,1.0,1.0,1.0,1.0,1.0,1.0,1.0,1.0,1.0,1.0,1.0,0.9999996423721312,1.0,1.0,1.0,1.0,0.9689662456512452,1.0,1.0,1.0,1.0,1.0,0.999997615814209,0.9999982118606568,0.9999988079071044,1.0,1.0,1.0,1.0,1.0,1.0,1.0,1.0,1.0,1.0,1.0,1.0,1.0,1.0,1.0,1.0,1.0,1.0,1.0,2.9438311344165413e-07,7.420750080200378e-06,0.0007898069452494,0.0007831495022401,0.0034899520687758,3.921096086711984e-11,2.033847886195872e-05,0.1130192130804061,0.0500315949320793,0.999920129776001,3.312985397629052e-14,6.933632539585233e-05,9.00671259795871e-10,5.376281819735595e-07,2.1220311907654835e-07,2.3400502868753392e-06,9.293361654272304e-05,0.0005663642659783,0.0003345007717143,0.1005302146077156,0.9920275807380676,0.9300499558448792,0.001970314187929,4.993152469978668e-05,9.468677578117202e-12,6.190800476424396e-12,0.9286646246910096,2.111723684805611e-09,5.236984725343064e-05,2.6908195384866242e-14,0.2164812386035919,0.0037736508529633,0.0503483638167381,0.0009140605689026,0.9443839192390442,0.0115880081430077,0.0664323568344116,0.8624516129493713,1.3747495358984452e-05,0.9999728202819824,0.9999992847442628,1.0,0.9999997615814208,1.0,0.0676934793591499,0.9999997615814208,1.0,1.0,1.0,0.9999996423721312,0.9997819066047668,0.9998239874839784,0.9999017715454102,0.9999997615814208,0.9999997615814208,1.0,0.9999995231628418,1.0,1.0,1.0,0.9999994039535522,1.0,0.4444349408149719,0.9999998807907104,1.0,1.0,1.0,0.9999980926513672,1.0,1.0,1.0,1.0,0.9999998807907104,0.0018752295291051,0.189825177192688,0.9922571182250975,0.9612516760826112,0.997192084789276,3.856822416992145e-08,0.5139725208282471,0.999961256980896,0.9996929168701172,1.0,6.243965761099089e-11,0.7024493217468262,5.155159783498675e-07,0.0012107326183468,0.0004100636288058,0.0044842637144029,0.8691105246543884,0.9639056921005248,0.9637757539749146,0.9911284446716307,0.9999992847442628,0.9999983310699464,0.9952421188354492,0.6579231023788452,5.763231669675406e-09,5.3265107879951765e-09,0.9999984502792358,1.1762967915274205e-06,0.8579649925231934,4.45474178378813e-11,0.9998859167099,0.99763023853302,0.99983549118042,0.7657856345176697,0.9999986886978148,0.9998205304145812,0.9999518394470216,0.9999977350234984,0.6092755198478699,1.0,1.0,1.0,1.0,1.0,0.9999986886978148,1.0,1.0,1.0,1.0,1.0,1.0,1.0,1.0,1.0,1.0,1.0,1.0,1.0,1.0,1.0,1.0,1.0,1.0,1.0,1.0,1.0,1.0,1.0,1.0,1.0,1.0,1.0,0.0002163224125979,0.0078864758834242,0.4184035956859588,0.3325235247611999,0.6235535144805908,1.178932862444526e-08,0.0252044647932052,0.9839672446250916,0.9012357592582704,0.9999943971633912,1.9601433323690465e-11,0.0547227673232555,1.926800621276925e-07,0.0001642770657781,5.38538588443771e-05,0.0007096514455042,0.0825851708650589,0.1846796423196792,0.1408800333738327,0.758334219455719,0.9998112320899964,0.9995137453079224,0.5541698336601257,0.0329962372779846,2.4022297484549422e-09,1.5702696920527615e-09,0.9995204210281372,4.778951279149624e-07,0.0573385208845138,1.3365766826645142e-11,0.9666532278060912,0.5395117998123169,0.9243019819259644,0.0991580858826637,0.9995803236961364,0.932790994644165,0.9811611771583556,0.9990468621253968,0.0303965657949447,8.337590770679526e-06,0.0006781826959922,0.1412130147218704,0.0818598642945289,0.5660821199417114,6.596052593010882e-10,0.0018207610119134,0.9838623404502868,0.9660919308662416,0.9999995231628418,5.447678441163062e-13,0.0076815281063318,1.2283607908614158e-08,1.975764644157607e-05,6.40421012576553e-06,9.061106538865717e-05,0.0135572701692581,0.1986631900072097,0.1085419058799743,0.854276716709137,0.9999701976776124,0.9998512268066406,0.486699640750885,0.0054817330092191,1.2565901097438823e-10,8.040750010263054e-11,0.9998639822006226,2.5538566816862843e-08,0.0161821730434894,5.086101353447836e-13,0.988332450389862,0.4739373624324798,0.9719862937927246,0.0542623028159141,0.9998667240142822,0.9270099997520448,0.9756223559379578,0.9996196031570436,0.0018559562740847,3.722256451510475e-06,8.946442540036514e-05,0.0128825074061751,0.0105862598866224,0.0420511960983276,3.4512873114955767e-10,0.0003101837646681,0.6241528987884521,0.3323761522769928,0.9999680519104004,4.5143806770044093e-13,0.0010699740378186,8.375415028183397e-09,4.885366251983214e-06,1.8050865264740423e-06,2.623343789309729e-05,0.0013537624618038,0.0088228192180395,0.0037516031879931,0.4065585434436798,0.998104214668274,0.989728569984436,0.033438790589571,0.0004923365195281,8.598687734062692e-11,5.674211100981097e-11,0.9902802109718324,1.9839784926034557e-08,0.0008284871582873,3.042714734682872e-13,0.6889522671699524,0.0292815193533897,0.3619258105754852,0.0070449509657919,0.9922665953636168,0.1939315348863601,0.4588783979415893,0.9787464737892152,0.000277834071312,0.0009182547801174,0.0600232891738414,0.7852842807769775,0.6104927062988281,0.9197539687156676,4.1735141564913654e-08,0.1051280945539474,0.9979398846626282,0.9873107671737672,0.9999994039535522,6.311594302754742e-11,0.2195901274681091,5.786177439404128e-07,0.0006291734171099,0.0002338426711503,0.0032153441570699,0.2989277839660644,0.6804265975952148,0.6047350764274597,0.9022523164749146,0.9999769926071168,0.9999392032623292,0.8769265413284302,0.1710957139730453,6.9750276665558886e-09,4.5359245248732805e-09,0.9999467134475708,1.2943830824951874e-06,0.3571328520774841,5.174593392665017e-11,0.994644045829773,0.8586543202400208,0.9905452728271484,0.2335438728332519,0.9999465942382812,0.9923508763313292,0.9972702860832214,0.9998596906661988,0.1502040177583694,2.2802851162850857e-08,5.615610803033633e-07,4.106363485334441e-05,6.095901335356757e-05,0.0001915742905111,3.716704027878493e-12,1.808739625630551e-06,0.0027376201469451,0.0026793668512254,0.9978663325309752,3.268321307968685e-15,6.159504209790612e-06,1.0949307432950306e-10,5.1296435543690684e-08,2.064621007491496e-08,2.140956070206812e-07,7.750799341010861e-06,5.392735329223797e-05,2.531120480853133e-05,0.0111290384083986,0.8353230953216553,0.2492465525865554,0.0001152020849986,4.211873601889238e-06,9.768514122598937e-13,6.258434525827083e-13,0.207837164402008,2.2096834084717187e-10,4.556152362056309e-06,2.695728729690673e-15,0.020084599032998,0.0001686648174654,0.0022504795342683,7.5279145676177e-05,0.2703110575675964,0.0003277898358646,0.0013729627244174,0.0983548611402511,9.619482170819538e-07,4.6739225467717926e-07,1.7654572729952633e-05,0.0031228645239025,0.0020490335300564,0.0176043231040239,6.622106335507638e-11,4.704852835857309e-05,0.5089647769927979,0.277637779712677,0.9999910593032836,6.247565941149004e-14,0.0001675062085269,1.561387685811155e-09,1.0190473176407977e-06,3.668170336368348e-07,4.873421403317479e-06,0.0002751977881416,0.0027487447950989,0.0013665250735357,0.3112418949604034,0.999299168586731,0.994470238685608,0.00967060867697,0.0001358003355562,1.6368397956489922e-11,1.072671725749208e-11,0.9939661622047424,3.518795921308992e-09,0.0001745792978908,4.591131348794658e-14,0.6982320547103882,0.0165572464466094,0.3341633081436157,0.0021781392861157,0.9953770637512208,0.0944532305002212,0.357543021440506,0.984339952468872,3.305818609078415e-05,1.1880670172104146e-06,5.074241562397219e-05,0.0087821474298834,0.0065997340716421,0.0417755506932735,9.901239550469397e-11,0.0001282987796002,0.6340506076812744,0.3892477750778198,0.9999899864196776,1.495774532879468e-13,0.0004244123701937,2.389448194861643e-09,1.4806807939748978e-06,5.504506361830863e-07,8.729212822800037e-06,0.0007288775523193,0.0064454483799636,0.0032327871304005,0.3521393239498138,0.9991570711135864,0.9956567287445068,0.0310778729617595,0.0002834833285305,2.3712308158674308e-11,1.4915653781533145e-11,0.9957017302513124,4.8726427337442155e-09,0.0006877387640997,1.1004040831753133e-13,0.7596138715744019,0.036262322217226,0.4102588891983032,0.0034427074715495,0.9963726997375488,0.2607185840606689,0.4737063348293304,0.9838857650756836,0.0001509693538537,1.8445811633682754e-07,5.218134447204648e-06,0.0005861212266609,0.000637681223452,0.0030175663996487,1.909925689824732e-11,1.305882051383378e-05,0.0850482508540153,0.0430490560829639,0.999866247177124,2.5847024038216582e-14,4.591134711517952e-05,5.415994319690752e-10,2.760122299605428e-07,1.068190158548532e-07,1.4699584198751836e-06,6.91345558152534e-05,0.0006216365727595,0.0002764265809673,0.0713784769177436,0.9890434741973876,0.9192471504211426,0.0025239957030862,3.0472487196675505e-05,5.128077650018437e-12,3.204371880685675e-12,0.9221770763397216,1.055794784932118e-09,5.870558015885763e-05,1.865071004537519e-14,0.1990023255348205,0.0024465464521199,0.0415835306048393,0.0005178551073186,0.938521444797516,0.0165877491235733,0.0394476503133773,0.7655937671661377,1.223058279720135e-05,0.0002162753953598,0.0414095446467399,0.9693137407302856,0.8541128635406494,0.9930102229118348,4.9932489254445045e-09,0.1270356923341751,0.9998756647109984,0.9995342493057252,1.0,3.732446643422982e-12,0.3961217999458313,6.896714666027037e-08,0.0002852575562428,0.0001186273439088,0.0011476031504571,0.6319714188575745,0.9112650156021118,0.9204084277153016,0.9831543564796448,0.9999995231628418,0.9999986886978148,0.9876784682273864,0.3189365863800049,6.690616394244842e-10,5.770455224762826e-10,0.9999986886978148,1.418761144122982e-07,0.6683754324913025,3.860936743926846e-12,0.999853253364563,0.99623703956604,0.9997169375419616,0.5973103642463684,0.9999988079071044,0.9995792508125304,0.999840259552002,0.9999964237213136,0.1716441810131073,0.1338351219892501,1.0,0.999993085861206,1.0,0.9996353387832642,0.9999997615814208,0.9999898672103882,1.0,0.9999972581863404,0.9999865293502808,0.999997854232788,0.9997417330741882,0.0032645729370415,0.9846270680427552,1.0,0.9999266862869264,0.0003381428250577,1.0,1.0,0.9999946355819702,4.572599188179538e-09,1.2897191936644958e-06,1.0,1.0,1.0,0.9999969005584716,0.0002100911078741,0.0035552431363612,0.9999986886978148,0.999996542930603,0.9999985694885254,0.999672532081604,1.0,0.999998927116394,1.0,0.9999998807907104,1.0532765770676631e-09,0.7376030683517456,0.0008846679120324,0.0429716669023036,5.436864967123256e-07,0.0020158351399004,5.959258032817161e-06,0.999667763710022,3.765759538509883e-05,1.0490372915228365e-05,0.000375786999939,1.1882561921083834e-06,1.8536554236003863e-10,1.4137677339931545e-07,0.0206928253173828,1.3355869668885134e-05,3.6274308785942756e-15,2.067411866701896e-11,0.9590504169464112,0.1795414984226226,2.4703040253371e-05,9.037832018082728e-16,8.304590196940577e-14,0.0175378955900669,0.9014514684677124,0.5958950519561768,5.221730316407047e-05,9.951330558199968e-12,6.865140400602597e-11,0.0007163480622693,1.7504327843198553e-05,0.000190194681636,5.126903852215037e-05,0.657281219959259,6.558259997291316e-07,1.00009071662098e-13,0.000183037831448,0.9668030738830566,0.0026028386782854,1.7314988554062438e-06,0.9996973276138306,0.218437910079956,0.9815784692764282,0.0008708701352588,0.6134862899780273,0.0129265198484063,0.9999985694885254,0.0504471808671951,0.006386668421328,0.2604114115238189,0.0010381432948634,1.2272852245587276e-07,0.0001295109832426,0.9698061347007751,0.0042101768776774,5.584991236845527e-12,2.3291079287446337e-08,0.9998586177825928,0.9967255592346193,0.0178875140845775,5.766441469289009e-13,1.1379791553522978e-10,0.9463759064674376,0.9995457530021667,0.998258888721466,0.1916805505752563,1.0340856171353607e-08,7.82433815516015e-08,0.1792145520448684,0.0276208892464637,0.1570738106966018,0.0160693582147359,0.9997491240501404,0.0010172146139666,1.210204020329897e-10,0.1701656281948089,0.999943733215332,0.8586289286613464,1.2877308996905869e-08,0.9505354166030884,0.0081710051745176,0.249328926205635,6.019747615937376e-06,0.0151256639510393,6.55271578580141e-05,0.9999176263809204,0.0003162936191074,9.594565199222416e-05,0.0044135143980383,1.2727773537335452e-05,2.1551238571504427e-09,1.553114088892471e-06,0.1383273005485534,0.0001291509979637,3.837849024582e-14,2.531096165991897e-10,0.9896313548088074,0.6109989881515503,0.0001732181117404,1.1503965267640071e-14,1.0032416520797116e-12,0.1225139275193214,0.971771001815796,0.8674280643463135,0.0007296604453586,1.2014642059021696e-10,8.584074562278943e-10,0.0059191044420003,0.0001407608942827,0.001620580558665,0.0004923210362903,0.9402474164962769,7.125498086679727e-06,1.175039991523075e-12,0.0016172666801139,0.9950791597366332,0.0197076220065355,0.0001325560588156,1.0,0.9995005130767822,0.9999992847442628,0.7283653020858765,0.999976396560669,0.993881344795227,1.0,0.9995755553245544,0.9954671859741212,0.999749481678009,0.8156127333641052,3.758995717362268e-06,0.0475869849324226,0.9999991655349731,0.9843271374702454,7.905030102728361e-11,3.615042487581377e-07,1.0,0.9999998807907104,0.9979401230812072,1.4261448792740604e-11,1.5776188133642675e-09,0.9999979734420776,1.0,0.9999998807907104,0.998924434185028,2.082944945414056e-07,2.468664433763479e-06,0.9999072551727296,0.9984971284866332,0.9998353719711304,0.97270929813385,1.0,0.6997122168540955,1.497524770854852e-09,0.9998725652694702,1.0,0.9999964237213136,3.624418525305373e-07,0.9996918439865112,0.2147089838981628,0.9851104021072388,0.0004654111107811,0.5646995902061462,0.0096182925626635,0.9999986886978148,0.0512237958610057,0.0061206370592117,0.1926902532577514,0.0006073180120438,2.8596220502663527e-08,5.095281085232273e-05,0.9737762212753296,0.0028114267624914,5.154080717773013e-09,0.9998893737792968,0.9969112277030944,0.0174558516591787,1.162309181193533e-13,2.799481826909478e-11,0.9417330622673036,0.999584138393402,0.9981343150138856,0.1493983417749405,2.139694865732622e-09,1.711944364046758e-08,0.2582129836082458,0.0238854344934225,0.1861669868230819,0.009830649010837,0.9997463822364808,0.1774330586194992,0.999948263168335,0.884852409362793,2.842522462742636e-06,0.9999990463256836,0.9749839901924132,0.9999502897262572,0.0219575315713882,0.9979889392852784,0.5532105565071106,1.0,0.9089888334274292,0.4887436330318451,0.9771329164505004,0.0336291082203388,1.7262064488932086e-07,0.0007830738322809,0.9999287128448486,0.2699378430843353,6.918281485884803e-12,2.7081485498570146e-08,0.9999991655349731,0.999990463256836,0.7954068779945374,8.081409348138779e-13,1.4276180237970948e-10,0.999810516834259,0.999997615814209,0.9999935626983644,0.9488259553909302,1.2338931654198861e-08,1.1057534976544049e-07,0.9890224933624268,0.8370592594146729,0.9775620102882384,0.3485043942928314,0.999998927116394,0.0244040861725807,1.30717797697244e-10,0.9852960109710692,0.9999997615814208,0.9995619654655457,1.0577791247079473e-11,0.0001997481740545,7.887930451033753e-07,9.773476449481676e-06,2.1685866435916523e-09,7.757785738249368e-07,1.723361719996319e-08,0.1425611823797226,6.615600511850063e-08,2.2490084461423976e-08,3.577297320589423e-07,4.535336106670229e-09,1.4653065002687149e-12,8.313990051966869e-10,5.293265985528706e-06,3.322062980259943e-08,5.135651087325714e-17,2.2292120948654015e-13,0.0028789788484573,3.178981569362804e-05,4.1354780933033914e-08,8.495335142460481e-18,1.026369409824941e-15,6.606240276596509e-06,0.0011411709710955,0.0002145591424778,1.5207155001917275e-07,9.064755510882623e-14,7.370567914680159e-13,5.114861778565682e-07,3.481385846271223e-08,2.5907914391609665e-07,1.036941981169548e-07,0.0001460017374483,2.6610400549742504e-09,1.176477941759388e-15,2.826177762926818e-07,0.0015138851013034,1.3550638868764509e-06,2.110579657710332e-07,0.9999933242797852,0.808351457118988,0.99931538105011,0.0005721254856325,0.9594593644142152,0.0277434084564447,0.9999998807907104,0.2942736148834228,0.0577128678560256,0.7219555377960205,0.0014307670062407,3.32113181400473e-08,4.705642277258448e-05,0.9988765120506288,0.0403363667428493,5.714477827566122e-13,3.663151337818249e-09,0.9999949932098388,0.999914288520813,0.128933697938919,1.7324999128463111e-13,1.3480594245052212e-11,0.9972807168960572,0.999987244606018,0.9999643564224244,0.2103845179080963,1.895678947150259e-09,1.4731981856641596e-08,0.8598142266273499,0.109823003411293,0.6983321309089661,0.0785499364137649,0.999985694885254,0.000556981365662,1.689543123462034e-11,0.8193483352661133,0.9999977350234984,0.9922893643379213,2.6174191134487046e-06,0.9999995231628418,0.984774887561798,0.999975323677063,0.0213943310081958,0.9988890290260316,0.5756750702857971,1.0,0.9544194340705872,0.6241629123687744,0.9868767261505128,0.0318151377141475,2.422730744910951e-07,0.0006314537604339,0.9999659061431884,0.3924692571163177,6.361311651048585e-12,2.9046155702872056e-08,0.9999994039535522,0.9999954700469972,0.8518959283828735,1.3017699982201258e-12,1.7904872029461671e-10,0.9999295473098756,0.9999986886978148,0.9999964237213136,0.9410859942436218,1.3726400460711831e-08,1.1929620313821945e-07,0.9953774213790894,0.8638512492179871,0.9905633926391602,0.4581156075000763,0.9999991655349731,0.0243140924721956,1.4900136680040532e-10,0.993263840675354,0.9999997615814208,0.9998190999031068,7.651998430446838e-07,0.9993197917938232,0.1472440659999847,0.9527761340141296,0.0003329484898131,0.4639239609241485,0.0080802394077181,0.9999983310699464,0.0277506951242685,0.0038108772132545,0.1463992297649383,0.0006386674358509,6.614995129439194e-08,7.30829851818271e-05,0.9230141043663024,0.0033505829051136,3.2765845158627682e-12,1.1997593141188645e-08,0.9997976422309875,0.9918609261512756,0.0142055070027709,3.858689084403066e-13,5.695397625737897e-11,0.8700751066207886,0.9992910623550416,0.9962523579597472,0.0884291380643844,5.3104520780777875e-09,3.7669401820039645e-08,0.1339813619852066,0.0176919270306825,0.0895473584532737,0.0126655166968703,0.9992976188659668,0.0003760771360248,6.407185199064358e-11,0.0971016809344291,0.999911904335022,0.7390470504760742,2.772517291305121e-05,0.9999997615814208,0.9940333962440492,0.999984622001648,0.1974305808544159,0.9995332956314088,0.9096320867538452,1.0,0.992068648338318,0.9262431263923644,0.9953678846359252,0.1685472875833511,1.5003408861957723e-06,0.0046641817316412,0.999979853630066,0.7674775719642639,5.6887421856499636e-11,2.536108070216869e-07,0.9999996423721312,0.9999972581863404,0.9611967206001282,8.380371917249274e-12,1.3047025682055844e-09,0.9999512434005736,0.9999991655349731,0.999997854232788,0.987485945224762,1.1810872280193509e-07,1.1084347306677955e-06,0.9978653788566588,0.9683283567428588,0.997517228126526,0.7305449843406677,0.9999995231628418,0.1663019210100174,1.125292636849906e-09,0.9980033040046692,0.9999998807907104,0.999937891960144,0.7589856386184692,1.0,0.9999995231628418,1.0,0.9999799728393556,1.0,0.9999994039535522,1.0,0.9999997615814208,0.9999990463256836,0.9999998807907104,0.9999827146530152,0.0506627857685089,0.9989030361175536,1.0,0.999995231628418,0.0042317803017795,1.0,1.0,0.9999996423721312,2.6158760491057365e-08,8.082320164248813e-06,1.0,1.0,1.0,0.9999997615814208,0.9999998807907104,0.9999996423721312,0.9999998807907104,0.9999781847000122,1.0,0.9999998807907104,1.0,1.0,0.0002584756875876,1.0,0.9988511800765992,0.9999979734420776,0.8085742592811584,0.9999321699142456,0.9938067197799684,1.0,0.9993882179260254,0.9939145445823668,0.9993330836296082,0.7871867418289185,6.8060512603551615e-06,0.0601758249104023,0.999997615814209,0.969429612159729,1.363236378892907e-06,1.0,0.9999996423721312,0.9966592788696288,2.1623394047542988e-11,4.594734814844514e-09,0.9999924898147584,0.9999998807907104,0.9999997615814208,0.998847723007202,6.563109309354331e-07,7.667399586352985e-06,0.9997110962867736,0.9976141452789308,0.9997472167015076,0.9336989521980286,1.0,0.9998078942298888,1.0,0.999993085861206,4.322205526818834e-08,0.9964247345924376,0.0569147877395153,0.7950652837753296,2.988159940287005e-05,0.1348673403263092,0.0003765603760257,0.9999902248382568,0.0020424847025424,0.0005439601955004,0.0343280099332332,4.51317937404383e-05,7.102917809476139e-09,5.4462134357891046e-06,0.6600075960159302,0.0006930493982508,1.35838226517776e-13,8.281782482022492e-10,0.998909831047058,0.9591158032417296,0.0009802787099033,3.792840065457159e-14,3.5599357663118614e-12,0.619411051273346,0.9969513416290284,0.985893964767456,0.0054882359690964,4.0613931662214503e-10,2.935256482317072e-09,0.0394125804305076,0.0007691525388509,0.0103713329881429,0.0025280253030359,0.9951979517936708,3.4986529499292374e-05,3.9251423292197e-12,0.0117229633033275,0.9995632767677308,0.1892334818840026,0.0590846389532089,1.0,0.9999489784240724,0.9999997615814208,0.9967155456542968,0.99999737739563,0.9999399185180664,1.0,0.9999672174453736,0.9998425245285034,0.999985933303833,0.9982892870903016,0.0013381451135501,0.9346315860748292,0.9999997615814208,0.999442994594574,3.759130962066593e-08,0.0001804671192076,1.0,0.9999998807907104,0.9999538660049438,3.5090772509960293e-09,7.06473713307787e-07,0.9999994039535522,1.0,0.9999998807907104,0.9999760389328004,9.23277621041052e-05,0.0014038025401532,0.9999864101409912,0.9999563694000244,0.9999825954437256,0.9987573623657228,1.0,0.9963452219963074,5.90913998621545e-07,0.9999873638153076,1.0,0.9999990463256836,1.0,1.0,1.0,1.0,1.0,1.0,1.0,1.0,1.0,1.0,1.0,1.0,1.0,1.0,1.0,1.0,1.0,1.0,1.0,1.0,1.0,1.0,1.0,1.0,1.0,1.0,1.0,0.9916480779647828,1.0,0.9999998807907104,1.0,0.9999985694885254,1.0,1.0,1.0,1.0,0.9999998807907104,1.0,0.9999990463256836,0.636195719242096,0.9999643564224244,1.0,0.9999995231628418,0.1129485294222831,1.0,1.0,1.0,5.759619057243981e-07,0.0002780890208669,1.0,1.0,1.0,1.0,0.0902993008494377,0.7205272316932678,1.0,1.0,1.0,0.9999972581863404,1.0,1.0,1.0,1.0,1.6680741510288755e-10,0.0948867499828338,5.533652802114375e-05,0.001826612278819,4.056202840274637e-08,0.0001113512262236,5.660625674863695e-07,0.9946975708007812,2.3630411760677816e-06,7.094078569025442e-07,3.008257772307843e-05,1.194067351661943e-07,3.016086685958541e-11,1.7282204112234467e-08,0.0008944434230215,1.1051794217564748e-06,4.97914659637166e-16,3.3014769303812974e-12,0.4524611532688141,0.0083100944757461,1.7284994555666344e-06,1.6751631631505391e-16,1.25864327166496e-14,0.0009747294825501,0.2920202612876892,0.0661390498280525,2.6481939130462706e-06,1.5894651046732822e-12,1.0331476993363786e-11,4.0984570659929886e-05,1.214812982652802e-06,1.105708724935539e-05,5.402115220931592e-06,0.0663511678576469,4.933459507583393e-08,1.4163376824442506e-14,1.2994309145142324e-05,0.426107257604599,0.0001128655858337,5.830221638802868e-09,0.972854733467102,0.0061875339597463,0.2976870238780975,3.009755118910107e-06,0.0176995601505041,3.604459197958931e-05,0.999958038330078,0.0001959977380465,5.41320514457766e-05,0.0036056977696716,6.267992375796894e-06,9.876629514238287e-10,7.375457471425761e-07,0.1559558510780334,8.337199687957764e-05,1.7686991533373032e-14,1.1553155654375755e-10,0.9949145317077636,0.6976413726806641,0.0001161108448286,4.7854968651791976e-15,4.4429168460577433e-13,0.1465449333190918,0.9871311783790588,0.9367799758911132,0.0002923289139289,5.4387865738858565e-11,3.8406175462135645e-10,0.0040574488230049,9.488385694567114e-05,0.0011009015142917,0.0002965652383863,0.9604619145393372,3.486664127194672e-06,5.252077527224952e-13,0.0011920575052499,0.997267723083496,0.0185236204415559,7.748180905764457e-07,0.9999984502792358,0.935055136680603,0.9998955726623536,0.003706069663167,0.9941763877868652,0.1533769965171814,1.0,0.7412885427474976,0.1896590888500213,0.9337428212165833,0.0044989478774368,7.584694117213077e-08,0.0001424226065864,0.9998422861099244,0.0998314246535301,1.8767275060393995e-12,9.482210572286933e-09,0.9999984502792358,0.9999845027923584,0.4261237680912018,4.241846945311073e-13,4.826463534390868e-11,0.9996356964111328,0.9999961853027344,0.9999892711639404,0.7307080030441284,4.7062092001226574e-09,3.8780516575798174e-08,0.9698683619499208,0.419001966714859,0.9440067410469056,0.1500985026359558,0.9999974966049194,0.0040592430159449,4.620488713857896e-11,0.959636390209198,0.9999995231628418,0.9991043210029602,0.9999829530715942,1.0,1.0,1.0,1.0,1.0,1.0,1.0,1.0,1.0,1.0,1.0,0.9989401698112488,0.9999998807907104,1.0,1.0,0.9863463044166564,1.0,1.0,1.0,1.0,1.0,1.0,1.0,1.0,1.0,1.0,1.0,1.0,1.0,1.0,1.0,0.9999984502792358,1.0,1.0,1.0,1.0,1.0,1.0,1.0,1.0,1.0,1.0,1.0,0.9999387264251708,1.0,1.0,1.0,0.999240517616272,1.0,1.0,1.0,0.3100672960281372,1.0,1.0,1.0,1.0,1.0,1.0,1.0,1.0,1.0,1.0,1.0,1.0,3.223067324142903e-08,0.9739588499069214,0.019887451082468,0.4247919023036957,1.6443576896563172e-05,0.0384826399385929,0.0001835348521126,0.999950647354126,0.0006314275669865,0.0002045002911472,0.0093460660427808,2.672892514965497e-05,4.583776025413044e-09,3.7090212572366e-06,0.2689991295337677,0.0002687386877369,1.433873094043581e-13,5.946185210881082e-10,0.9942066669464112,0.7872991561889648,0.0004134535847697,2.17234033767031e-14,3.0183468571753917e-12,0.2061192393302917,0.9842516183853148,0.9184665083885192,0.0022912102285772,2.8324012579794555e-10,2.050910552497953e-09,0.012138276360929,0.0003164577356074,0.0028497292660176,0.00130935118068,0.9708652496337892,1.8938706489279863e-05,2.9582677453510176e-12,0.0028936092276126,0.9975777268409728,0.0425360687077045,2.639284346628301e-09,0.2587306499481201,0.0006422651349566,0.011786775663495,1.176361820398597e-06,0.0007851573755033,9.627406143408734e-06,0.9968454241752625,3.246133928769268e-05,1.2311434147704858e-05,0.0002891517651733,2.037625108641805e-06,3.72621211663926e-10,2.798717844143539e-07,0.0059527675621211,1.6658837921568193e-05,1.0158606743890068e-14,5.2267298128461086e-11,0.7526651620864868,0.0411707833409309,2.2233965864870697e-05,1.7652402731213666e-15,2.0992138149295014e-13,0.0057421065866947,0.5554184317588806,0.2102809399366378,8.685712236911058e-05,2.3385147984722465e-11,1.6673330771599382e-10,0.0003494417760521,1.816602525650524e-05,0.0001425234222551,5.444371345220134e-05,0.2259005457162857,1.2820719348383136e-06,2.4210101696835185e-13,0.0001515980256954,0.7709884643554688,0.0010510515421628,4.949432419465438e-09,0.4031714498996734,0.0011591104557737,0.0242033265531063,1.2376972335914616e-06,0.0014512152411043,1.4535520676872691e-05,0.9986327290534972,4.815367719857022e-05,1.864722798927687e-05,0.0005294913426041,3.355747594468994e-06,7.194733142590336e-10,5.329800387698924e-07,0.0117367217317223,2.766780016827397e-05,1.690739596124733e-14,9.66529356549728e-11,0.8621376752853394,0.0798451453447341,3.29735194100067e-05,3.385409213366489e-15,3.3669505443249814e-13,0.0108458334580063,0.7200383543968201,0.3374494910240173,9.544084605295212e-05,4.370962966571135e-11,3.1420130386372586e-10,0.0006463880417868,2.559117274358869e-05,0.0002150925283785,0.0001261711586266,0.3794066309928894,1.4689886711494182e-06,4.494165727498417e-13,0.0002211460960097,0.8782539963722229,0.0015859990380704,1.8553504332885493e-07,0.999975085258484,0.5289902687072754,0.9975503087043762,0.000469585560495,0.9013217687606812,0.0079950029030442,0.9999997615814208,0.1191096380352974,0.0136283468455076,0.419570118188858,0.0005280012846924,3.2279832140602593e-08,3.471646050456911e-05,0.9963411688804626,0.0090488567948341,7.595620096431667e-13,3.383289426395208e-09,0.999980926513672,0.99972003698349,0.0344895645976066,1.706648738346653e-13,1.9925535180154164e-11,0.9903529286384584,0.99995219707489,0.9998607635498048,0.1264484375715255,1.8090179354501854e-09,1.3153853117842118e-08,0.6395673155784607,0.0426264628767967,0.3515619337558746,0.0213374998420476,0.9999563694000244,0.0004443124053068,1.814589971338432e-11,0.4180183410644531,0.9999929666519164,0.9703962802886964,0.7671403884887695,1.0,0.9999986886978148,1.0,0.999950647354126,1.0,0.999998927116394,1.0,0.9999991655349731,0.9999969005584716,0.9999996423721312,0.9999717473983764,0.9986782670021056,1.0,0.9999891519546508,0.0040274844504892,1.0,1.0,0.9999990463256836,1.0,1.0,1.0,0.9999992847442628,0.9999996423721312,0.9999990463256836,0.9999995231628418,0.9999598264694214,1.0,0.9999996423721312,1.0,1.0,0.7299964427947998,1.0,0.9999984502792358,1.0,0.9999146461486816,1.0,0.9999988079071044,1.0,0.9999990463256836,0.9999961853027344,0.9999996423721312,0.9999632835388184,0.9984037280082704,1.0,0.9999873638153076,0.0034913602285087,1.0,1.0,0.9999988079071044,1.0,1.0,1.0,0.9999990463256836,0.9999996423721312,0.9999988079071044,0.9999995231628418,0.9999529123306274,1.0,0.9999996423721312,1.0,1.0,3.387333720183961e-07,0.999758780002594,0.380246490240097,0.9838131666183472,0.0003154212317895,0.6803105473518372,0.0041994731873273,0.9999986886978148,0.0239165555685758,0.0053548216819763,0.2953363060951233,0.0003329999162815,4.0979852400369055e-08,3.526970249367878e-05,0.97182434797287,0.0048966314643621,1.2127466999384273e-12,5.633142841077188e-09,0.99986469745636,0.9973192811012268,0.0095959343016147,2.183549023017373e-13,2.940257065597862e-11,0.9563296437263488,0.999589741230011,0.9986334443092346,0.1034249812364578,2.672551069338169e-09,1.9761193570388972e-08,0.268890380859375,0.0095928888767957,0.0937258601188659,0.0202197469770908,0.9996737241744996,0.0003487257345113,2.7416615852593477e-11,0.1326380372047424,0.9999568462371826,0.8115759491920471,2.3901116037450265e-06,0.9999979734420776,0.962642252445221,0.9998652935028076,0.0097238738089799,0.995020866394043,0.300391137599945,1.0,0.8483198881149292,0.3873701691627502,0.9554230570793152,0.0110572641715407,2.841259743036062e-07,0.0004279213608242,0.9998160004615784,0.2151920944452285,7.481674134390826e-12,3.5861127400949044e-08,0.999997615814209,0.9999792575836182,0.5731192827224731,1.5899958216367138e-12,1.810825933645788e-10,0.9995946288108826,0.9999947547912598,0.9999860525131226,0.8213090896606445,1.850252218105197e-08,1.428298048722354e-07,0.9758682250976562,0.5722256898880005,0.9613649249076844,0.3027694225311279,0.999996304512024,0.0095690619200468,1.8676167556908038e-10,0.9746053814888,0.9999992847442628,0.9991708993911744,1.1546784151050816e-07,0.9999502897262572,0.5347752571105957,0.9964994192123412,0.0001921505609061,0.8307288885116577,0.0050450763665139,0.9999996423721312,0.0732883512973785,0.010682594962418,0.4326412677764892,0.0003349753096699,1.9516555482823605e-08,2.043391577899456e-05,0.9938456416130066,0.0088580232113599,3.821598257031794e-13,2.2480637351662835e-09,0.9999711513519288,0.9994581341743468,0.0253621526062488,1.0384035753659149e-13,8.999283956923065e-12,0.9879676699638368,0.9999300241470336,0.9997825026512146,0.0688486769795417,1.1011517253578518e-09,7.908567134506939e-09,0.5668560266494751,0.0226268526166677,0.3024094700813293,0.0235378369688987,0.9999244213104248,0.0001824678329285,1.0012559358008044e-11,0.4124617278575897,0.99998939037323,0.9564341902732848,0.0008611545781604,0.9999997615814208,0.997938334941864,0.9999920129776,0.8271118402481079,0.9998544454574584,0.9954752326011658,1.0,0.9985294342041016,0.99000084400177,0.999249279499054,0.8726786971092224,2.8227668735780757e-05,0.181998461484909,0.9999901056289672,0.9611585140228271,1.3651458852237395e-09,5.822023922519293e-06,0.9999997615814208,0.9999982118606568,0.9965762495994568,8.951270280554978e-11,2.23497362838998e-08,0.9999761581420898,0.9999992847442628,0.999997854232788,0.9992089867591858,2.5419706162210787e-06,2.8466856747400016e-05,0.9992569088935852,0.9973631501197816,0.9994388222694396,0.9360218048095704,0.9999997615814208,0.8213555216789246,0.9995285272598268,0.9999998807907104,0.9999737739562988,5.888563942013647e-11,0.0272991452366113,2.4253242372651584e-05,0.0006558169261552,2.6880318415578586e-08,3.854128226521425e-05,2.593565398001374e-07,0.9685204029083252,1.7076630456358544e-06,4.5349361244007014e-07,1.103191425499972e-05,6.952437558993553e-08,1.1048047893202906e-11,8.20584045158057e-09,0.0003326993901282,5.919518457631057e-07,1.814630578987308e-16,1.1667878035276358e-12,0.2927024066448211,0.0029168480541557,8.736706149647944e-07,6.212597562350148e-17,4.911593813003998e-15,0.0003836828109342,0.128459170460701,0.0224619414657354,2.0017653241666267e-06,5.615773145985214e-13,3.845275226704858e-12,2.1548763470491394e-05,7.745432526462537e-07,7.438853117491817e-06,1.7602860680199228e-06,0.0161145273596048,3.284474914266866e-08,5.138105669692849e-15,7.977600034791976e-06,0.2266725003719329,6.362076237564906e-05,0.9999997615814208,0.9917314648628236,0.9999804496765136,0.1230611205101013,0.8341212272644043,1.0,0.9823361039161682,0.88057941198349,0.9939990043640136,0.1382336318492889,0.9999736547470092,0.7356032133102417,0.9999997615814208,0.9999969005584716,0.9404395818710328,0.999935269355774,0.9999994039535522,0.9999984502792358,0.9714491367340088,0.997280478477478,0.9464514255523682,0.993413269519806,0.7609657645225525,0.9999994039535522,0.9957563281059264,0.9999998807907104,0.9998619556427002,1.0,1.0,1.0,1.0,1.0,1.0,1.0,1.0,1.0,1.0,1.0,1.0,1.0,1.0,1.0,1.0,1.0,1.0,1.0,1.0,1.0,1.0,1.0,1.0,1.0,1.0,3.704198547893611e-08,0.9986496567726136,0.0772946029901504,0.911546528339386,1.7015381672536023e-05,0.2658718526363373,0.0004487303085625,0.9999964237213136,0.0022075567394495,0.0006177191389724,0.0466503277420997,5.621749733109027e-05,6.844059541322167e-09,5.557115855481243e-06,0.8326365351676941,0.00091201311443,1.0168924621627162e-13,7.434410864703976e-10,0.9995915293693542,0.9831041097640992,0.0017665437189862,3.3143633508276454e-14,3.019037710799699e-12,0.8104867935180664,0.9990060925483704,0.996102213859558,0.0034229184966534,3.4598157672149904e-10,2.349143546354071e-09,0.0669143199920654,0.0012410476338118,0.0132474014535546,0.0038367875386029,0.9974414110183716,1.897460970212705e-05,3.3157769065150777e-12,0.019588217139244,0.999755322933197,0.2817209661006927,4.0124692457510486e-10,0.1550056487321853,9.697363566374406e-05,0.0038224966265261,9.199860784292468e-08,0.0001950847072293,1.4384754649654496e-06,0.996979594230652,5.278365279082209e-06,1.685842562437756e-06,4.678125696955249e-05,3.2078585832096e-07,7.01227687027739e-11,4.5710489615657934e-08,0.0018724317196756,2.323102307855152e-06,1.2897986681242781e-15,8.046008304063434e-12,0.6853114366531372,0.0144378878176212,4.275683750165626e-06,3.409370610774011e-16,3.046615558574203e-14,0.0018066741758957,0.3899727165699005,0.0997648760676384,7.758024366921745e-06,3.83557725511241e-12,2.6411046960550518e-11,8.517998503521085e-05,3.293519739600015e-06,2.233801933471113e-05,9.02487681742059e-06,0.1181253567337989,1.1114349973695425e-07,3.7549783703412504e-14,2.5640936655690894e-05,0.6454557180404663,0.0002088257460854,1.3853413527442626e-08,0.9995183944702148,0.0661973282694816,0.9474917650222778,1.178608181362506e-05,0.2300567924976349,0.0002395237534074,0.9999980926513672,0.0034063286148011,0.0005552588845603,0.0387026146054267,2.429973028483801e-05,2.3381558911239612e-09,2.0952586510247784e-06,0.9021351933479308,0.000629405141808,3.7342155599249735e-14,2.6837568278814667e-10,0.9998338222503662,0.993510901927948,0.0013326768530532,1.2038634486803614e-14,9.84114916294243e-13,0.8287609219551086,0.9995375871658324,0.9982441663742064,0.002595646539703,1.2478937327919934e-10,8.64201710193413e-10,0.0756483897566795,0.0011108048493042,0.020690569654107,0.0018798743840306,0.999098539352417,1.2151744158472866e-05,1.1687188760170497e-12,0.0265388134866952,0.9999158382415771,0.4960073828697204,1.0,1.0,1.0,1.0,1.0,1.0,1.0,1.0,1.0,1.0,0.9999990463256836,1.0,0.9995904564857484,0.9999995231628418,0.999998927116394,1.0,1.0,1.0,1.0,1.0,1.0,1.0,1.0,1.0,1.0,1.0,1.0,9.436553508003141e-15,0.5958482623100281,8.307537990859258e-10,1.6747353726032088e-08,0.3920387923717499,3.823093397414823e-09,0.9660943746566772,0.0033784806728363,0.588529109954834,2.090139560095849e-06,0.0011434322223067,1.5409608311589548e-10,5.850961382058982e-10,0.0015917152632027,2.2203563432299234e-09,0.0002573816163931,0.0966018959879875,2.676698196424354e-09,5.272837810821329e-08,5.219720597589296e-13,0.0081833768635988,3.5088548733241964e-10,2.534178202040493e-05,1.9642093513702508e-17,3.843039309003871e-08,0.0002742948418017,0.0005650063394568,0.0088884020224213,0.0051705804653465,0.000620192324277,1.1059912594646448e-06,3.147833285265661e-13,3.646249979283312e-06,0.0062020854093134,0.0005173508543521,3.520924656186253e-05,0.0683383271098136,0.00353390770033,0.72513347864151,1.0,0.1045371443033218,1.0,0.7778934240341187,1.0,0.9999998807907104,1.0,0.9999924898147584,0.9999998807907104,0.0650459676980972,0.5341934561729431,0.9999998807907104,0.7675699591636658,0.9999979734420776,0.9999998807907104,0.9984073042869568,6.46141343167983e-05,1.0,0.0534663647413253,0.9995346069335938,0.9966666102409364,0.9999995231628418,0.9999982118606568,1.0,0.9999998807907104,0.9999991655349731,0.9998447895050048,0.0001012636930681,0.9999852180480956,0.9999996423721312,0.9999998807907104,0.9999991655349731,1.0,1.0,1.0,1.0,1.0,1.0,1.0,1.0,0.9999711513519288,1.0,0.9999998807907104,0.9999984502792358,1.0,0.9835204482078552,1.0,0.0022260816767811,0.9990971088409424,0.9686592221260072,0.9999996423721312,0.9999982118606568,1.0,1.0,0.9999992847442628,0.9999712705612184,0.9999998807907104,1.0,0.9999992847442628,1.0,1.0,1.0,1.3711287388405626e-14,0.7696559429168701,1.6538348468486672e-09,4.0808259882396676e-08,0.452944278717041,7.799927814744478e-09,0.9675711989402772,0.006743439938873,0.6392123699188232,7.450276825693436e-06,0.0033983832690864,3.155303518465047e-10,1.2353925660235632e-09,0.0036514524836093,5.7636388994808385e-09,0.0005453748744912,0.1571339815855026,5.67667424178353e-09,1.321389504482795e-07,5.24506002866354e-13,0.0188945923000574,7.044386185484085e-10,4.124219776713289e-05,2.4384162801152637e-17,8.773028525865811e-08,0.0007398277521133,0.0014700614847242,0.016422439366579,0.0097064785659313,0.001567403669469,3.064008296860265e-06,5.898743407790896e-13,1.5704010365880094e-05,0.0132021754980087,0.002378046978265,0.0001109256190829,0.1498976498842239,0.0063447272405028,0.782867431640625,1.0,0.0407624468207359,1.0,0.5808357000350952,1.0,1.0,1.0,0.9999933242797852,1.0,0.016805687919259,0.2474088221788406,1.0,0.4896638691425323,0.9999992847442628,1.0,0.9971140623092652,1.0501654287509156e-05,1.0,0.0138056576251983,0.9996825456619264,0.995535969734192,0.9999997615814208,0.9999991655349731,1.0,1.0,0.9999996423721312,0.9998793601989746,2.1790525352116678e-05,0.9999905824661256,0.9999998807907104,1.0,0.9999996423721312,1.0,1.0,1.0,1.4831397616865845e-15,0.0156916994601488,1.789531300921965e-10,3.835860962198012e-09,0.0151321003213524,8.101840309748808e-10,0.3407438695430755,0.0001188815731438,0.0145461838692426,3.297402599855559e-07,5.6580531236249954e-05,3.3938594989901816e-11,1.1778325537115109e-10,6.655562901869416e-05,5.247129397645266e-10,1.506473563495092e-05,0.0020586887840181,5.812519909831336e-10,1.1891700069099898e-08,6.896326093736374e-14,0.000170149753103,7.382885969242636e-11,2.9457794425979955e-06,3.0403922973302687e-18,7.9980679856817e-09,2.00308804778615e-05,5.392359526013024e-05,0.0001574499328853,0.0002038986713159,4.521903247223236e-05,2.2487644457669378e-07,5.863931844436733e-14,6.86626378865185e-07,0.000309961149469,3.575152004486881e-05,3.2149623621080536e-06,0.0017500109970569,0.0001232217327924,0.0230406410992145,1.2462838920590524e-13,0.9816361665725708,1.0466822963905996e-08,2.941872025985504e-07,0.9288882613182068,5.034209493715026e-08,0.99755597114563,0.0752870067954063,0.9611424207687378,6.428305641748011e-05,0.059039082378149,2.4191595393574516e-09,9.019110791541609e-09,0.0381116271018981,3.185122920967842e-08,0.0053621460683643,0.6634793281555176,3.866434639121508e-08,7.792866654199315e-07,6.407231082500298e-12,0.2372579872608184,4.054042879175768e-09,0.000322742795106,2.57706439009891e-16,6.748713872184453e-07,0.0074034486897289,0.0116360802203416,0.2422327399253845,0.122536763548851,0.0165715999901294,2.112206857418641e-05,5.59403174824058e-12,0.000109782522486,0.112055629491806,0.0252290368080139,0.0009876145049929,0.603336751461029,0.109602078795433,0.9895715713500975,3.524030602107629e-15,0.2149170339107513,3.507985013584402e-10,7.932012380251763e-09,0.1299902647733688,1.6726151574886215e-09,0.8710812926292419,0.0007336598937399,0.1791919618844986,8.734106700103439e-07,0.0003047562204301,6.842955369013026e-11,2.373589658155595e-10,0.0002795686596073,1.101626345700879e-09,5.884014535695314e-05,0.0207033026963472,1.2332570520356967e-09,2.6519160201132763e-08,1.613678944157107e-13,0.0013932747533544,1.573029900781009e-10,6.155816663522273e-06,7.367962413805834e-18,1.7274590646820798e-08,9.165293158730492e-05,0.0001186916269944,0.0015487154014408,0.001151148462668,0.0001376264117425,4.1306896036985563e-07,1.379797290963422e-13,1.6544720438105287e-06,0.0013730720384046,0.0001256516407011,1.0065038622997236e-05,0.0134428599849343,0.0007159119704738,0.2656455338001251,1.1552929619906838e-11,0.9999991655349731,1.250038735634007e-06,0.0002628824149724,0.9999839067459106,1.0057114195660688e-05,0.9999994039535522,0.9997676014900208,0.9999970197677612,0.4298303127288818,0.9996421337127686,3.954265253014455e-07,2.2946144326851936e-06,0.999531626701355,9.05502474779496e-06,0.991816222667694,0.9999654293060304,1.6099258573376574e-05,0.0007851049886085,8.060024314637815e-10,0.9999639987945556,6.503805138891039e-07,0.2653943598270416,3.2104127570351665e-14,0.0004758142167702,0.9982742071151732,0.9913841485977172,0.9999486207962036,0.9998741149902344,0.9973946809768676,0.0692148581147193,8.814247109967254e-10,0.4321855008602142,0.9995431900024414,0.9995390176773072,0.9818164110183716,0.9999730587005616,0.9999033212661744,0.9999994039535522,8.227702373575507e-13,0.9998431205749512,8.284063568453348e-08,3.853164798783837e-06,0.9974576830863952,5.162992238183506e-07,0.9999202489852904,0.9066402316093444,0.9995540976524352,0.0017354334704577,0.7579385638237,2.4084059191409324e-08,9.992203331421481e-08,0.8042008876800537,3.572858133793489e-07,0.2418199926614761,0.9936322569847108,4.811144549421442e-07,8.78516675584251e-06,4.043535992148684e-11,0.9840008020401,4.3585071551888184e-08,0.0048451451584696,2.257415225749701e-15,6.353705430228729e-06,0.3200431764125824,0.2880558967590332,0.9761586785316468,0.9342809915542604,0.4534469842910766,0.0002904464781749,4.347399870652247e-11,0.0018664239905774,0.8479607105255127,0.7728751301765442,0.0483190864324569,0.9941938519477844,0.9321659803390504,0.999862790107727,1.0,0.5568922758102417,1.0,0.9775200486183168,1.0,1.0,1.0,0.9999992847442628,1.0,0.3697293102741241,0.9317999482154846,1.0,0.9739896059036256,0.9999998807907104,1.0,0.9998407363891602,0.0003926482750102,1.0,0.3153393566608429,0.9999635219573976,0.9997586607933044,1.0,0.9999998807907104,1.0,1.0,1.0,0.9999890327453612,0.0008383019594475,0.9999990463256836,1.0,1.0,1.0,1.0,1.0,1.0,1.0,0.0483390092849731,1.0,0.653264582157135,1.0,1.0,1.0,0.999994158744812,1.0,0.0242128316313028,0.3080185353755951,1.0,0.600519597530365,0.9999991655349731,1.0,0.997683882713318,1.6559810319449753e-05,1.0,0.020167889073491,0.999725878238678,0.9957854151725768,0.9999997615814208,0.9999991655349731,1.0,1.0,0.9999996423721312,0.9998939037322998,2.6219004212180156e-05,0.9999921321868896,0.9999998807907104,1.0,0.9999996423721312,1.0,1.0,1.0,8.498820950383208e-14,0.9910023808479308,7.59066764999261e-09,2.387035635820212e-07,0.9598046541213988,3.933334014050161e-08,0.99860942363739,0.1711228787899017,0.984411895275116,6.459552969317883e-05,0.0764531567692756,1.8347425800868677e-09,7.002753932283667e-09,0.0617814622819423,2.609646720941328e-08,0.0076076481491327,0.8125095963478088,3.4780345714580114e-08,6.956316838113707e-07,4.639243416509897e-12,0.4238134920597076,3.620536759285642e-09,0.0003119022294413,1.8336271457140572e-16,5.602766464107845e-07,0.0148733174428343,0.0097525538876652,0.3493783473968506,0.2258120328187942,0.0186883378773927,1.570441418152768e-05,4.233257407809665e-12,6.588235555682331e-05,0.173064723610878,0.0358914956450462,0.0013878933386877,0.747379720211029,0.2283397763967514,0.994683802127838,1.0,0.0083019873127341,1.0,0.1699225157499313,1.0,0.9999997615814208,1.0,0.9999561309814452,0.9999997615814208,0.0033442573621869,0.0442600585520267,0.9999997615814208,0.1136423349380493,0.9999955892562866,0.9999998807907104,0.9742995500564576,3.0041289846849395e-06,1.0,0.0024446167517453,0.9985870122909546,0.962740123271942,0.9999985694885254,0.9999953508377076,1.0,0.9999998807907104,0.999997854232788,0.9991596937179564,4.002635705546709e-06,0.999930500984192,0.9999992847442628,0.9999997615814208,0.9999969005584716,1.0,0.9999998807907104,1.0,4.1917268267521735e-12,0.9999414682388306,3.752473389795341e-07,2.0114744984311983e-05,0.9993351101875304,2.000231233978411e-06,0.999972939491272,0.9770499467849731,0.9998277425765992,0.0123530710116028,0.9472349882125854,1.1460958404541088e-07,5.063807293481659e-07,0.935517966747284,1.3397840348261525e-06,0.589776337146759,0.9974982142448424,2.5465735689067515e-06,3.833246228168719e-05,2.401032983545548e-10,0.9954909682273864,1.6064208807620164e-07,0.0222030095756053,1.2903972663081027e-14,3.227567140129395e-05,0.7288286685943604,0.6263452172279358,0.9935687780380248,0.985464870929718,0.8098211288452148,0.0013659883989021,2.6021587662405915e-10,0.0085507314652204,0.9587552547454834,0.9357063174247742,0.2431977391242981,0.9978657364845276,0.9872013330459596,0.9999579191207886,5.4321845822545226e-14,0.9575141072273254,5.023099713952206e-09,1.2515545222413493e-07,0.8020186424255371,2.7525642209980106e-08,0.994324505329132,0.0364130698144435,0.9237614274024964,1.8362057744525373e-05,0.0107497461140155,9.42346534138494e-10,3.4875122789657102e-09,0.0158174857497215,2.0109901299747438e-08,0.0020765983499586,0.4811376631259918,1.8860145445387392e-08,3.977206972649583e-07,2.0591623024757144e-12,0.1057461500167846,2.4334034787187875e-09,0.0001702592999208,9.970855617793387e-17,2.412268429452525e-07,0.0018594142748042,0.0045503671281039,0.083192266523838,0.0401432923972606,0.0062366207130253,8.392491508857347e-06,1.7154220752213514e-12,3.823046063189395e-05,0.0299597773700952,0.0080670565366745,0.0002219739981228,0.3964132070541382,0.0269859582185745,0.967040717601776,1.0,0.9999998807907104,1.0,0.999998927116394,1.0,0.9992080330848694,0.9999986886978148,0.9999986886978148,0.999970555305481,0.9999995231628418,0.5824591517448425,0.9999998807907104,0.0001190926050185,0.98446124792099,0.4055579602718353,0.9999940395355223,0.9999642372131348,0.9999998807907104,0.9999992847442628,0.9999865293502808,0.999106466770172,0.9999969005584716,0.999998927116394,0.999980926513672,0.9999997615814208,0.9999997615814208,1.0,1.558564055592626e-09,1.0,0.0002988686028402,0.2356187254190445,0.9999998807907104,0.0058497632853686,1.0,0.9999991655349731,1.0,0.9993909597396852,0.9999990463256836,0.0001174803692265,0.0013670028420165,0.999998927116394,0.0046522677876055,0.9999771118164062,0.9999996423721312,0.0130036184564232,0.6040863990783691,1.3700864087695666e-07,1.0,0.0001010625564958,0.9867205619812012,5.661041080351481e-12,0.4879738986492157,0.9999951124191284,0.9999743700027466,1.0,0.9999995231628418,0.9999896287918092,0.9908702969551086,1.9534940065568665e-07,0.999262511730194,0.999997615814209,0.9999991655349731,0.999985694885254,0.9999998807907104,0.9999997615814208,1.0,1.0,0.9999914169311525,1.0,0.9999996423721312,1.0,1.0,1.0,1.0,1.0,0.999985694885254,0.9999990463256836,1.0,0.9999995231628418,1.0,1.0,1.0,0.971969723701477,1.0,0.9999797344207764,1.0,1.0,1.0,1.0,1.0,1.0,1.0,1.0,0.9982169270515442,1.0,1.0,1.0,1.0,1.0,1.0,1.0,1.2452759059111607e-14,0.9423037767410278,1.1188869830647263e-09,2.543652577458033e-08,0.718828022480011,7.319811867745329e-09,0.9948496222496032,0.0272158086299896,0.9312396049499512,6.534271506097866e-06,0.0052978475578129,2.116048725131492e-10,7.553286884842692e-10,0.0131999384611845,5.2918069926022335e-09,0.0014847407583147,0.5067951083183289,4.885727378223237e-09,1.052207281304618e-07,4.38368254456617e-13,0.0585684664547443,6.750194847526814e-10,7.579351949971169e-05,1.6457160296520186e-17,6.359722704019077e-08,0.0015986901707947,0.0023569983895868,0.0463630966842174,0.033559001982212,0.0033257864415645,2.8682009087788174e-06,3.275014536906901e-13,1.6916266758926213e-05,0.0387399941682815,0.00397689640522,0.0001314376131631,0.3503292202949524,0.022897183895111,0.9690181612968444,1.835225589275069e-07,1.0,0.0588331669569015,0.9881243109703064,1.0,0.623317301273346,1.0,0.9999998807907104,1.0,0.9999886751174928,0.9999998807907104,0.0300886090844869,0.2998426258563995,0.9999998807907104,0.5583965182304382,0.9999977350234984,0.9999998807907104,0.7933309674263,0.9960970282554626,2.281058914377354e-05,1.0,0.0238200277090072,0.999496579170227,9.355446417558255e-10,0.9944355487823486,0.9999992847442628,0.999997854232788,1.0,0.9999998807907104,0.999998927116394,0.9998095631599426,3.8403188227675855e-05,0.9999792575836182,0.9999996423721312,0.9999998807907104,0.9999986886978148,1.0,1.0,1.0,1.1806130517655331e-09,0.9999114274978638,0.0001275556569453,0.0112031940370798,0.9996546506881714,0.0009168346296064,0.9999699592590332,0.9944281578063964,0.999710500240326,0.6649692058563232,0.9963052272796632,4.015024751424789e-05,0.0002214474225183,0.9877723455429076,0.0006655059987679,0.9415772557258606,0.9976327419281006,0.0009614547016099,0.0280922334641218,6.715630007647634e-08,0.9981951117515564,5.0084800022887066e-05,0.3764278888702392,4.06724220275434e-12,0.0219919588416814,0.977695882320404,0.9385324716567992,0.9986849427223206,0.9961116909980774,0.9751708507537842,0.2091021090745926,8.845933763268476e-08,0.5618091225624084,0.9900972843170166,0.9916894435882568,0.9227563142776488,0.9976997971534728,0.9970790147781372,0.9999525547027588,1.0,1.0,1.0,1.0,1.0,1.0,1.0,1.0,1.0,1.0,1.0,1.0,0.999997615814209,1.0,1.0,1.0,1.0,1.0,1.0,1.0,1.0,1.0,1.0,1.0,1.0,1.0,1.0,2.7082233677866436e-10,0.9999998807907104,3.6753448512172326e-05,0.0171767584979534,0.9999977350234984,0.0004786208737641,0.9999998807907104,0.9999810457229614,0.9999995231628418,0.981839954853058,0.9999792575836182,1.3860073522664608e-05,0.000114638613013,0.9999735355377196,0.0003849320637527,0.9995152950286864,0.999994158744812,0.0007761162123642,0.0566102713346481,2.0610720241620584e-08,0.9999986886978148,1.8006101527134888e-05,0.8108941316604614,9.635097624263733e-13,0.026357889175415,0.9998955726623536,0.9994964599609376,0.9999983310699464,0.99998939037323,0.9997878670692444,0.7870156764984131,2.8545105834609785e-08,0.977975368499756,0.9999574422836304,0.9999816417694092,0.999600112438202,0.9999970197677612,0.9999946355819702,0.9999998807907104,1.2957899727175648e-12,0.9999698400497437,1.1607740901808938e-07,5.935051831329474e-06,0.9994431138038636,6.908134650984721e-07,0.999980926513672,0.9787309169769288,0.9999159574508668,0.0054739397019147,0.944657027721405,3.2265365490502524e-08,1.3962365130737453e-07,0.959495723247528,5.219873173700762e-07,0.6137569546699524,0.9985777139663696,7.218387736429577e-07,1.3611625945486594e-05,5.6346625282310825e-11,0.996949017047882,6.009756958746948e-08,0.0115216681733727,3.138645010667025e-15,1.095573497877922e-05,0.7380027770996094,0.6288912892341614,0.9949954748153688,0.9882331490516664,0.8002256155014038,0.0009111575782299,6.112169798067058e-11,0.0062428419478237,0.97122460603714,0.946686625480652,0.2016689777374267,0.9988654851913452,0.9876376390457152,0.9999722242355348,3.618425220910937e-12,0.999876856803894,3.185065793331887e-07,1.5228303709591272e-05,0.998831570148468,1.648487113925512e-06,0.999958872795105,0.9590854048728944,0.9997158646583556,0.0066234041005373,0.9293022751808168,8.96013219175984e-08,3.466362556991953e-07,0.911856174468994,9.72446741798194e-07,0.5176494717597961,0.996467113494873,2.0015820609842194e-06,2.9350783734116703e-05,1.9704601839087843e-10,0.9909926652908324,1.3599222370430653e-07,0.0260766223073005,1.0535631273108324e-14,2.7000878617400303e-05,0.6832132935523987,0.5770562887191772,0.9877981543540956,0.975642204284668,0.7668203711509705,0.001299631781876,1.967200707886363e-10,0.0076565910130739,0.947998583316803,0.8879899978637695,0.1723122000694275,0.995703399181366,0.975105345249176,0.999919891357422,7.665461147776664e-14,0.9987982511520386,7.269320256853007e-09,2.596433432699996e-07,0.9894022941589355,4.8221643567103456e-08,0.999756157398224,0.5812157392501831,0.9977477192878724,0.0002325943205505,0.3605546355247497,1.592490139756819e-09,5.5769842077779685e-09,0.3114999532699585,3.60862522086336e-08,0.0507910586893558,0.9772207140922546,3.828713701636843e-08,1.2161993936388171e-06,3.5783368455832854e-12,0.8386221528053284,4.231730521553345e-09,0.0011694801505655,1.511641335100728e-16,8.70516828399559e-07,0.1240073889493942,0.0732085257768631,0.7626736760139465,0.7997133135795593,0.1232827752828598,6.103585474193096e-05,2.917435607333041e-12,0.0003471736563369,0.7605190277099609,0.1666066199541092,0.0081639634445309,0.963367223739624,0.7613431215286255,0.9993416666984558,4.650589809085394e-13,0.9996500015258788,4.540678588682568e-08,1.7057733430192457e-06,0.9958428740501404,2.833331791407545e-07,0.9998968839645386,0.8449655771255493,0.999293327331543,0.0010034474544227,0.594891369342804,1.0009824968904011e-08,4.346535575905364e-08,0.6901441216468811,2.0455385651985125e-07,0.1519772112369537,0.9882038831710817,2.2459524018358934e-07,5.173178578843363e-06,1.8256332209865e-11,0.9549981355667114,2.513471741849571e-08,0.0032168251927942,9.170986656182288e-16,3.217431412849692e-06,0.2117138057947158,0.2395891398191452,0.924996256828308,0.8823564052581787,0.4063360691070556,0.0002111735957441,1.912991813568521e-11,0.0015702469972893,0.7862266302108765,0.5620303153991699,0.0249607563018798,0.9857423305511476,0.8745682835578918,0.999756634235382,9.866766691873918e-13,0.999271810054779,9.078157603426008e-08,3.440621640038444e-06,0.9946020841598512,3.70587770248676e-07,0.9998294115066528,0.6582317352294922,0.9981118440628052,0.0009538720478303,0.5646198391914368,2.4051697522509133e-08,9.092072161820397e-08,0.4793628454208374,2.2732119475676882e-07,0.0892915949225425,0.9705162644386292,4.2767177887981234e-07,6.72270516588469e-06,6.687193854215677e-11,0.9287271499633788,3.017592931087165e-08,0.0052133752033114,3.202613362360144e-15,6.701255642838078e-06,0.1527559757232666,0.1451954543590545,0.9133381247520448,0.7897173166275024,0.2253210693597793,0.000225722164032,5.5883499217035386e-11,0.0009247934794984,0.6667593717575073,0.439383864402771,0.0226065684109926,0.9745047688484192,0.7993977069854736,0.999531865119934,0.9999970197677612,5.641674215439707e-05,0.9999620914459229,0.0003515344287734,0.999997854232788,0.9995254278182985,0.99998676776886,0.7718375325202942,0.999298334121704,1.6377658539568074e-05,7.799083687132224e-05,0.9991040825843812,0.0001669841149123,0.9917014241218568,0.9998399019241332,0.0111484332010149,4.682323151428137e-08,0.9999150037765504,1.674017039476894e-05,0.6627999544143677,0.0104457521811127,0.9965333938598632,0.9928100109100342,0.999913454055786,0.999610960483551,0.9970667958259584,0.273537814617157,3.3749060435184226e-08,0.6573762893676758,0.9985023736953736,0.9991463422775269,0.980552613735199,0.9999233484268188,0.9997519850730896,0.999997615814209,1.0,0.9991900324821472,1.0,0.9999758005142212,1.0,1.0,1.0,1.0,1.0,0.9980347752571106,0.9999114274978638,1.0,0.9999781847000122,1.0,1.0,0.9999997615814208,0.0888214856386184,1.0,0.9980317950248718,1.0,0.9999996423721312,1.0,1.0,1.0,1.0,1.0,1.0,1.0,1.0,1.0,1.0,1.0,1.0,1.0,2.54742130167962e-11,0.9999898672103882,2.1554985778493574e-06,0.0001943663519341,0.9998737573623656,1.5685989637859166e-05,0.9999939203262328,0.998105525970459,0.9999603033065796,0.1671026200056076,0.9965066313743592,6.90818808379845e-07,3.360339860591921e-06,0.994810938835144,8.116120625345502e-06,0.9611221551895142,0.999637007713318,2.015126301557757e-05,0.0005139839486218,1.9737977918765637e-09,0.9995469450950624,9.896585879687336e-07,0.1827979832887649,8.553234346914824e-14,0.0003942165640182,0.9829117059707642,0.956064760684967,0.999342143535614,0.9986042380332948,0.984352171421051,0.0243232529610395,1.6743961772647251e-09,0.117979772388935,0.9953493475914,0.993743360042572,0.8705831170082092,0.9996943473815918,0.9989983439445496,0.9999936819076538,1.6968019871110849e-12,0.9979565143585204,1.5402679309772793e-07,5.251702987152385e-06,0.9859100580215454,9.755426617630292e-07,0.9994838237762452,0.6043311357498169,0.9961417317390442,0.0012225727550685,0.3976038098335266,3.835167561305752e-08,1.480046876167762e-07,0.4229725301265716,6.640782999056682e-07,0.091408185660839,0.95970219373703,7.194060458459717e-07,1.5450228602276184e-05,7.662446371847764e-11,0.8530240654945374,8.449145383337965e-08,0.0054486389271914,3.740865107374099e-15,1.0006809134210926e-05,0.1048638373613357,0.1195721477270126,0.8022478222846985,0.6536545157432556,0.1959447115659713,0.0003352970525156,7.521955974754134e-11,0.001433910918422,0.4561878144741058,0.30389004945755,0.0156563874334096,0.931978702545166,0.6364485621452332,0.9985705614089966,8.016776261929316e-13,0.999970555305481,6.800444651844374e-08,4.306786195229506e-06,0.9995325803756714,4.197956400275872e-07,0.9999858140945436,0.9820053577423096,0.9999210834503174,0.0046318653039634,0.9610806703567504,1.904690094534089e-08,8.413268659523966e-08,0.9452545642852784,2.93169449605557e-07,0.5144904851913452,0.9989438652992249,4.847196350965532e-07,9.954574125004e-06,4.819131899092e-11,0.9967955946922302,3.828991879117893e-08,0.0117667755112051,2.1266644671544487e-15,8.073338904068805e-06,0.812719464302063,0.6114920377731323,0.995021104812622,0.9914842247962952,0.7916064858436584,0.0007718703709542,4.1617667645432726e-11,0.0047768335789442,0.982923686504364,0.9339701533317566,0.2036715745925903,0.998854637145996,0.992730677127838,0.999979853630066,8.380862193471672e-13,0.9999852180480956,7.64860033086734e-08,4.914600140182301e-06,0.9996789693832396,5.011351049688528e-07,0.9999892711639404,0.989812195301056,0.9999507665634156,0.0073237377218902,0.982698917388916,2.1070976075066028e-08,9.209956175482149e-08,0.9750681519508362,4.354547797902342e-07,0.7186629772186279,0.9993448853492736,5.255172368379135e-07,1.7116826711571775e-05,4.2046609249890565e-11,0.9988558292388916,4.5276198790134004e-08,0.0153495566919446,1.6676850533663657e-15,1.1794650163210464e-05,0.9046795964241028,0.7325169444084167,0.9975534081459044,0.995439887046814,0.8805276155471802,0.0014785242965444,4.19795379014154e-11,0.0102493613958358,0.9883021712303162,0.9752981662750244,0.3616172969341278,0.999396800994873,0.9955081939697266,0.999987006187439,1.0191875826365965e-13,0.9517310857772828,8.766767756185345e-09,2.252181303674661e-07,0.8720507025718689,4.2982904346899886e-08,0.9954085946083068,0.0552196204662323,0.9412307739257812,3.508265217533335e-05,0.0206015147268772,1.913774694273229e-09,7.567379611828073e-09,0.0266219023615121,2.4683524557644887e-08,0.0048346584662795,0.572287917137146,3.4143560867505585e-08,6.13053202869196e-07,4.76572904403727e-12,0.1498787701129913,3.859602415445806e-09,0.0004061218060087,2.216920539305163e-16,4.849683250540693e-07,0.0045514446683228,0.0093861315399408,0.134739875793457,0.0779889896512031,0.0122133092954754,1.4593493688153105e-05,3.945859698012422e-12,4.883626752416603e-05,0.0732099860906601,0.0110546676442027,0.0005849347217008,0.4538819491863251,0.0635042041540145,0.9728035926818848,3.467095588492036e-14,0.995920181274414,3.334402531862679e-09,1.0015290996534533e-07,0.9652697443962096,2.128571274795377e-08,0.999392867088318,0.2285603433847427,0.9929447770118712,4.176881702733226e-05,0.1054034531116485,7.089677178662156e-10,2.6076651948869767e-09,0.1254946738481521,1.5676191011948504e-08,0.0115576097741723,0.9052544236183168,1.4541919668431548e-08,3.746480672361941e-07,1.3674267881208513e-12,0.5691231489181519,1.9099022363633367e-09,0.0003083895135205,4.762564176051226e-17,2.1667878513653707e-07,0.018259935081005,0.0159468594938516,0.4324907958507538,0.3577983677387237,0.0320509783923625,1.3955822396383157e-05,1.1337662579602448e-12,9.603563376003876e-05,0.2837109863758087,0.0701582804322242,0.0014275828143581,0.8618335723876953,0.2368503659963607,0.9970548152923584,1.915119894401818e-15,0.1293569505214691,1.8358232989346132e-10,3.023393091439175e-09,0.0502250976860523,8.350845570603838e-10,0.7884213328361511,0.0002852077595889,0.1043644770979881,2.9894113140471745e-07,7.926107355160639e-05,3.061223149969372e-11,9.9425509492157e-11,0.0001382737245876,5.29857102637976e-10,2.7334624974173494e-05,0.0094524379819631,6.068425761895924e-10,1.212857902999076e-08,8.536349253331078e-14,0.0005937101086601,7.759484721425736e-11,3.452724286034936e-06,3.3761573156747306e-18,7.207029195654968e-09,2.8222175387782045e-05,7.616992661496624e-05,0.0005541945574805,0.0004112885799258,7.086860568961129e-05,2.1859763421616665e-07,5.202463487135114e-14,7.980339660207392e-07,0.0005209731752984,4.988859291188419e-05,3.410498038647347e-06,0.0068936515599489,0.0002178148570237,0.1774420291185379,0.0785776749253273,0.0011520611587911,1.1611089693885912e-12,5.801111547043547e-05,2.2541906221414806e-13,2.2417834770749323e-05,0.0029127928428351,9.420971558427029e-09,0.924984872341156,0.2920768857002258,0.0032300979364663,0.0009515981073491,2.3825767129892483e-05,7.325882324948907e-05,0.0025719907134771,5.8036103700587205e-11,4.789821872464017e-09,0.248557910323143,1.1158340385009069e-07,0.0160900373011827,1.801213578289662e-08,6.1466475926863495e-06,0.0006279470981098,2.867250259441789e-05,9.935924695850253e-13,0.0003851233341265,2.9258811991894618e-05,6.612298902863856e-11,6.515533357287495e-08,9.31178728933446e-05,0.9480881094932556,1.7197767476773154e-07,0.0112566435709595,2.481762795270015e-09,0.0005980682908557,0.0101584559306502,0.0190602354705333,0.0097333965823054,0.0001055718239513,0.9998158812522888,0.8835117816925049,1.380869085743086e-09,0.1911750435829162,1.7199811019885658e-10,0.0700147822499275,0.9073377847671508,1.09574693851755e-05,0.9999938011169434,0.999955415725708,0.9918795228004456,0.873265266418457,0.077875018119812,0.2290960848331451,0.936887502670288,1.0444450992963541e-07,3.913966338586761e-06,0.9999502897262572,0.0001946814882103,0.9874581694602966,3.3485510357422754e-05,0.0319121778011322,0.9585440158843994,0.1040204986929893,1.2037654206764612e-09,0.9257504343986512,0.3346549272537231,8.37243092632889e-08,4.2935691453749314e-05,0.425248235464096,0.999997615814209,0.000427068240242,0.99908447265625,3.0105156838544644e-06,0.889025866985321,0.9958332180976868,0.9990959167480468,0.9975305199623108,0.6750726103782654,1.0,1.0,1.0,0.0311859752982854,1.0,1.0,0.9999864101409912,1.0,1.0,1.0,1.0,1.0,1.0,1.0,1.0,1.0,0.9999908208847046,1.0,1.0,1.0,1.0,1.0,0.9999229907989502,1.0,1.0,0.9999997615814208,1.0,1.0,1.0,1.0,1.0,1.0,0.9999673366546632,0.977436900138855,7.707879667862017e-09,0.531385600566864,1.1162650803697716e-09,0.4159204363822937,0.9799683094024658,9.25790154724382e-05,0.9999983310699464,0.999992609024048,0.999013900756836,0.9740895628929138,0.2629368305206299,0.4815164506435394,0.9659149050712584,6.045038389856927e-07,1.9128223357256505e-05,0.9999889135360718,0.0016436167061328,0.9960998296737672,0.0001888647821033,0.2155828028917312,0.996948540210724,0.4204548001289367,0.9944472312927246,0.9062723517417908,8.406671258853748e-05,0.8761622905731201,0.9999995231628418,0.0030868733301758,0.9998443126678468,0.9868306517601012,0.9994943141937256,0.9999078512191772,0.9997523427009584,0.9701188802719116,1.0,1.0,0.2013670802116394,1.0,0.0649893432855606,1.0,1.0,0.9999891519546508,1.0,1.0,1.0,1.0,1.0,1.0,1.0,0.9479474425315856,0.9997468590736388,1.0,1.0,0.999993085861206,1.0,1.0,1.0,1.0,1.0,0.9999377727508544,1.0,1.0,0.9999997615814208,1.0,1.0,1.0,1.0,1.0,1.0,0.9997765421867372,0.859542965888977,6.247412032145404e-10,0.0904267728328704,1.1500588675827927e-10,0.0351625457406044,0.858403205871582,5.6103394854289945e-06,0.9999918937683104,0.9999572038650512,0.9894667267799376,0.8706824779510498,0.0309889372438192,0.0897916927933693,0.8253703117370605,4.266069808522843e-08,1.9738345145015046e-06,0.9999364614486694,0.0001093829268938,0.9758085012435912,1.2034539395244792e-05,0.0162756517529487,0.9429717659950256,0.0400844328105449,6.240790106915027e-10,0.9085761904716492,0.2435145825147628,3.9414899788425834e-08,1.313509710598737e-05,0.4087041318416595,0.999997615814209,0.0001821813348215,0.9982088804244996,1.2300275784582482e-06,0.7968113422393799,0.9927085041999816,0.998527765274048,0.9955665469169616,0.5191048383712769,0.9999938011169434,0.9985886216163636,2.036380131187343e-08,0.9581556916236876,3.6879053144645005e-09,0.911117434501648,0.9988219141960144,0.0004933453747071,0.9999997615814208,0.9999984502792358,0.9999221563339232,0.9985443353652954,0.8645502328872681,0.9632821679115297,0.9984538555145264,1.801676035029232e-06,7.011639536358416e-05,0.9999980926513672,0.010696911253035,0.9998076558113098,0.0012808485189452,0.6572718620300293,0.9994723200798036,0.9389745593070984,2.1621902490664983e-08,0.9988515377044678,0.9797979593276978,1.525901893728587e-06,0.0003680045192595,0.9892027974128724,0.9999998807907104,0.0276412982493639,0.9999785423278807,9.070693340618163e-05,0.9986961483955384,0.9999585151672364,0.999986171722412,0.9999690055847168,0.996426522731781,0.9999998807907104,0.9999593496322632,3.054004764635465e-06,0.9988157749176024,4.74414463269568e-07,0.9981120824813844,0.999971866607666,0.052809964865446,1.0,1.0,0.9999977350234984,0.9999716281890868,0.9960432052612304,0.9983747005462646,0.9999099969863892,0.0002479758113622,0.0088298227638006,1.0,0.6546404957771301,0.999992847442627,0.111124537885189,0.9946158528327942,0.9999924898147584,0.9982740879058838,3.018231836904306e-06,0.9999877214431764,0.9998886585235596,0.0001994746853597,0.0402479618787765,0.9998724460601808,1.0,0.8069586753845215,0.9999994039535522,0.0096854260191321,0.9999581575393676,0.9999983310699464,0.9999995231628418,0.999998927116394,0.99993896484375,0.0073229549452662,0.0001258064148714,1.520425495574185e-13,5.936399247730151e-06,3.417160285745964e-14,2.4366690922761336e-06,0.0003919390437658,8.366756731881252e-10,0.4882858395576477,0.0272032544016838,0.0003375395317561,0.0001051717190421,2.857362233044114e-06,7.820593964424916e-06,0.0002415967028355,4.699608757707807e-12,8.135489504290661e-10,0.0207600314170122,1.1992971948870944e-08,0.0016308656195178,1.58375723646742e-09,6.723017804688425e-07,4.098007411812432e-05,3.56762870978855e-06,1.0852030943786161e-13,4.443581201485358e-05,3.3733376767486334e-06,7.661464344888014e-12,1.5560310373530232e-08,1.1523408829816615e-05,0.522950291633606,1.9258814987210823e-08,0.0009341811528429,2.0755282215123566e-10,5.930697807343677e-05,0.0007423784118145,0.0018397166859358,0.0009162500500679,1.166598121926654e-05,0.1444600224494934,0.001736155594699,1.387726522236732e-12,7.890557026257738e-05,2.7691870606479096e-13,2.7731306545319967e-05,0.0046645668335258,1.095149215757374e-08,0.96035236120224,0.4262906908988952,0.0050136819481849,0.0014211661182343,3.349739563418552e-05,0.0001026061363518,0.0037891836836934,6.830450788308795e-11,6.1159899367169154e-09,0.3816801011562347,1.4189681962761824e-07,0.0273020453751087,2.066047066762167e-08,7.77735112933442e-06,0.0008639637962915,4.0244201954919845e-05,1.155920628312379e-12,0.000523867085576,3.8999667594907805e-05,7.827311715447037e-11,8.354963654255698e-08,0.0001372655970044,0.9684566855430604,2.1427474905522106e-07,0.0201413333415985,2.786667119281105e-09,0.0007726181065663,0.0162133406847715,0.0333599187433719,0.0163897816091775,0.0001395001891069,0.9981120824813844,0.3066416680812835,3.7619948822786846e-11,0.0054771290160715,7.105169751164819e-12,0.0022909881081432,0.2754442095756531,3.422121892526775e-07,0.9999650716781616,0.9995939135551452,0.8245510458946228,0.2408046126365661,0.0018131687538698,0.0063933744095265,0.2993777394294739,2.3373178947849733e-09,1.280963033423177e-07,0.9995056390762328,5.378227797336876e-06,0.9342748522758484,9.070434430213936e-07,0.0006400067359209,0.5709343552589417,0.0021222226787358,3.5185031971307617e-11,0.3159991502761841,0.0156804714351892,2.367084972476618e-09,2.216493612650084e-06,0.0215851869434118,0.9999816417694092,9.402218893228564e-06,0.983972668647766,1.034044601055939e-07,0.1593171805143356,0.9028111696243286,0.9807509183883668,0.9379920959472656,0.0335428602993488,0.9994487166404724,0.7131938338279724,2.6557300802920736e-10,0.0521226301789283,3.5374189688575086e-11,0.0233471486717462,0.7201910614967346,2.364614829275524e-06,0.9999879598617554,0.999889612197876,0.9694377779960632,0.6720235347747803,0.018542893230915,0.0665027871727943,0.7920027375221252,2.2319278869531445e-08,9.667460290074814e-07,0.999869465827942,4.140447708778083e-05,0.9763481020927428,7.352721695497166e-06,0.0075640897266566,0.8892441391944885,0.0296163596212863,2.2371210439686704e-10,0.7874379754066467,0.126038908958435,1.5275626097377426e-08,9.621338904253209e-06,0.1654450595378875,0.9999951124191284,9.057088755071165e-05,0.9970133304595948,5.932256499363575e-07,0.667748212814331,0.9879599809646606,0.9973711967468262,0.9926820397377014,0.3172680139541626,0.9999914169311525,0.9939365983009338,2.3189439701809533e-08,0.8720701932907104,2.302920742991432e-09,0.7609118223190308,0.9955716133117676,0.0002371470473008,0.9999995231628418,0.9999979734420776,0.9998283386230468,0.9946828484535216,0.622963011264801,0.8335317969322205,0.9938374161720276,1.8343396277487043e-06,5.23951712239068e-05,0.9999971389770508,0.9992350339889526,0.0007007308886386,0.5400199294090271,0.99913090467453,0.7785063982009888,0.998196303844452,0.968589723110199,0.0002349379647057,0.9645560383796692,0.9999998807907104,0.0111138662323355,0.9999620914459229,0.9968084692955016,0.9998910427093506,0.9999737739562988,0.999935746192932,0.9923037886619568,0.999990701675415,0.9932211637496948,1.1793938270443505e-08,0.7838265299797058,1.6893801912942763e-09,0.643140435218811,0.9934961795806884,0.0001680105633568,0.9999995231628418,0.9999979734420776,0.9997598528862,0.992380917072296,0.488161027431488,0.7263208031654358,0.9878109097480774,9.57978613769228e-07,2.783891068247613e-05,0.9999970197677612,0.0032373231370002,0.9989008903503418,0.0003784300351981,0.4056822061538696,0.9990577101707458,0.6963066458702087,1.2177907571242486e-08,0.9980267882347108,0.96396404504776,8.139740543811058e-07,0.0001338551810476,0.9586008787155152,0.9999998807907104,0.0067182178609073,0.999952793121338,2.929248148575425e-05,0.9950834512710572,0.9998501539230348,0.9999719858169556,0.999926209449768,0.9892603158950806,0.9917495250701904,0.1739519983530044,1.5247986207000963e-10,0.015665927901864,2.678447220960667e-11,0.0063550886698067,0.2061269283294677,1.6244055132119684e-06,0.9998217225074768,0.9982923865318298,0.8455560803413391,0.1840704530477523,0.0047251232899725,0.0126137193292379,0.2878283560276031,1.4231796185981692e-08,3.605842380238755e-07,0.9976955056190492,2.7646148737403564e-05,0.6606450080871582,5.599734322458971e-06,0.0037936428561806,0.5925005674362183,0.0063588172197341,1.5856031765348888e-10,0.3183610439300537,0.0272988602519035,9.392999267276993e-09,1.7067088720068568e-06,0.0318878218531608,0.9999493360519408,5.210950257605873e-05,0.9582797288894652,4.580120958053158e-07,0.30673947930336,0.9370720386505128,0.9775940179824828,0.9465866088867188,0.1458659619092941,1.0,1.0,0.9999995231628418,0.0040046102367341,0.9999996423721312,1.0,0.997481882572174,1.0,1.0,1.0,1.0,0.9999983310699464,0.9999992847442628,1.0,1.0,1.0,0.9981891512870787,0.9999971389770508,1.0,0.9999995231628418,1.0,1.0,0.9897382855415344,1.0,1.0,0.9999430179595948,1.0,1.0,1.0,1.0,1.0,1.0,1.0,0.9999998807907104,0.999996542930603,7.24001438356936e-05,0.999997615814209,0.9999998807907104,0.9671285152435304,1.0,1.0,1.0,0.9999998807907104,0.9999878406524658,0.9999953508377076,0.9999997615814208,1.0,1.0,0.9824804663658142,0.9999778270721436,1.0,0.9999969005584716,1.0,0.9999997615814208,0.9196986556053162,0.9999997615814208,1.0,0.9994388222694396,1.0,0.9999998807907104,1.0,1.0,1.0,0.9999998807907104,0.2223857641220092,0.0016969514545053,1.1465926949213998e-12,6.013767415424809e-05,2.433988340738713e-13,2.1401472622528672e-05,0.0046741915866732,7.75931585650369e-09,0.9793055653572084,0.5902872085571289,0.0055337757803499,0.0014709879178553,2.5212697437382303e-05,8.4162806160748e-05,0.003170738229528,4.191816685428229e-11,5.681202175367161e-09,0.5215451121330261,1.1104327768407529e-07,0.0344361811876297,1.4395438618919344e-08,6.0267843764449935e-06,0.0007559806690551,3.096589716733433e-05,9.292211097799985e-13,0.0005790377035737,3.5464785469230264e-05,6.280143766135282e-11,9.468154615888125e-08,0.000127673803945,0.9812734127044678,1.7049504208443977e-07,0.0249206107109785,1.956757422760802e-09,0.0006027491763234,0.0163286197930574,0.0410817004740238,0.0184047631919384,0.000116781287943,1.0,0.999987006187439,0.9995006322860718,0.9994829893112184,0.9999933242797852,0.1533913761377334,1.0,1.0,0.9999992847442628,0.9999905824661256,0.9992258548736572,0.9999682903289796,1.0,0.9999979734420776,0.9975728392601012,0.9999980926513672,0.9993849992752076,0.9999969005584716,0.9999700784683228,0.1408891975879669,0.999958634376526,1.0,0.9041958451271056,0.9999998807907104,0.9999998807907104,0.9999997615814208,0.99998140335083,0.8881575465202332,0.0357323326170444,1.8555114042473345e-11,0.0013469015248119,4.044336913977542e-12,0.0005777329206466,0.0609569437801837,1.5799763275481382e-07,0.9988892674446106,0.9766627550125122,0.1613819450139999,0.0241008978337049,0.0005843067774549,0.001561363460496,0.072803646326065,1.521345160959697e-09,5.96593494606168e-08,0.9713070392608644,2.842004960257327e-06,0.2950382530689239,4.130536126467632e-07,0.0002266860101372,0.0351590290665626,0.0005609272047877,1.917393674388812e-11,0.0172456372529268,0.0009271592716686,1.2678408323196775e-09,6.295450134530256e-07,0.0023965176660567,0.9992825388908386,4.576825176627608e-06,0.5680524110794067,5.6471844089855956e-08,0.0245553664863109,0.3874458968639374,0.6430578827857971,0.4081876873970032,0.0047655552625656,1.0,0.9999860525131226,1.1491893019410782e-06,0.9990699887275696,1.781482836804571e-07,0.9991772770881652,0.9999914169311525,0.0424914620816707,1.0,1.0,0.9999994039535522,0.9999876022338868,0.9963979721069336,0.9985522627830504,0.9999395608901978,0.0001025331730488,0.0039364146068692,1.0,0.999997854232788,0.0704048350453376,0.9945637583732604,0.999997854232788,0.9991360306739808,0.9999969005584716,0.999964714050293,0.0321922078728675,0.999946355819702,1.0,0.7832755446434021,0.9999998807907104,0.9999868869781494,0.9999995231628418,0.9999998807907104,0.9999997615814208,0.9999829530715942,0.9999960660934448,0.992687463760376,1.882918931883637e-09,0.5462170243263245,2.5982507811939115e-10,0.4324934184551239,0.993464171886444,2.706442319322377e-05,0.9999998807907104,0.9999994039535522,0.9997716546058656,0.9923382997512816,0.2072251886129379,0.4724288880825043,0.981298327445984,1.431715617172813e-07,6.305301212705672e-06,0.9999988079071044,0.0006505359197035,0.9995751976966858,4.868110045208596e-05,0.1444888710975647,0.9990198612213136,0.4685263335704803,1.4324027519663216e-09,0.9981938004493712,0.9423632025718688,1.1114222786545724e-07,7.107861893018708e-05,0.9386779069900512,1.0,0.0011517889797687,0.9999682903289796,3.221591441615601e-06,0.9938349723815918,0.9998125433921814,0.999976634979248,0.9999232292175292,0.981833279132843,0.9890859127044678,0.0927077904343605,7.2547519207322164e-12,0.0007591394241899,1.5263682245220125e-12,0.0002219996240455,0.103395365178585,4.918333118553164e-08,0.9998445510864258,0.9983298182487488,0.3441815674304962,0.0620608702301979,0.0003161398926749,0.0010227939346805,0.070682980120182,4.5157483308244645e-10,2.9300894155426253e-08,0.9974234104156494,7.857597665861249e-07,0.6348617076873779,9.526774391588333e-08,8.46366019686684e-05,0.0943398475646972,0.0003005275211762,5.916402784356123e-12,0.0595320053398609,0.0016663530841469,3.9134026574849656e-10,7.974291520440602e-07,0.0044564343988895,0.9999605417251588,1.0567874824118917e-06,0.8356262445449829,1.2886966160863269e-08,0.0208972319960594,0.4041236639022827,0.8040466904640198,0.5441288352012634,0.0038860084023326,0.999946117401123,0.982312023639679,7.193282414164059e-09,0.7047105431556702,1.368707480686737e-09,0.6240353584289551,0.9910740256309508,0.0001080065121641,0.999997854232788,0.9999865293502808,0.9991543292999268,0.9812698364257812,0.3950906693935394,0.7107046842575073,0.9871588945388794,6.478727527792216e-07,2.270409277116414e-05,0.9999836683273317,0.0015559847233816,0.9978402853012084,0.0001975838240468,0.1783462315797805,0.9943028688430786,0.4966106414794922,7.778133692681877e-09,0.9878679513931274,0.7902436852455139,5.203322643865249e-07,0.0001133086916524,0.8704206943511963,0.9999992847442628,0.0026892102323472,0.9997997879981996,2.2429043383453973e-05,0.9853639006614684,0.9996598958969116,0.999885082244873,0.9997438788414,0.9687641263008118,1.0,1.0,1.0,1.0,0.999977707862854,1.0,1.0,1.0,1.0,1.0,1.0,1.0,1.0,1.0,1.0,1.0,1.0,0.9999040365219116,1.0,1.0,0.9999995231628418,1.0,1.0,1.0,1.0,0.992853820323944,0.1515316218137741,4.4593492093403235e-11,0.0031631721649318,9.337610545889774e-12,0.0012983327032998,0.2265886664390564,3.818555569523596e-07,0.9997922778129578,0.9984562397003174,0.6284964084625244,0.16780886054039,0.0012238072231411,0.003885899670422,0.2166143655776977,2.7602804486548393e-09,1.7047229050604076e-07,0.997945249080658,5.0496910262154415e-06,0.7893697023391724,7.635356951141148e-07,0.0004835069412365,0.2272060364484787,0.0012923637405037,4.006013229473915e-11,0.1288431733846664,0.0045773736201226,2.833121515166681e-09,2.4825012587825768e-06,0.0141444047912955,0.9999210834503174,7.286408163054148e-06,0.9224111437797546,1.0190759525130488e-07,0.0840696319937706,0.7770971059799194,0.935438871383667,0.8163800835609436,0.0160090327262878,0.9996227025985718,0.8388696908950806,4.1474257361784334e-10,0.0562274008989334,8.399706624695469e-11,0.0271524749696254,0.8517228960990906,3.617615675466368e-06,0.9999847412109376,0.9999114274978638,0.9871190786361694,0.838594377040863,0.0181927196681499,0.0706425905227661,0.8315535187721252,2.6983983048012306e-08,1.4576208968719584e-06,0.999894380569458,4.8985333705786616e-05,0.9884675145149232,7.602633104397682e-06,0.0060688871890306,0.9345126748085022,0.0228050537407398,0.8387026786804199,0.1024019867181778,1.3066009159956591e-05,0.2796232104301452,0.9999939203262328,7.66616576584056e-05,0.9980326294898988,0.7046879529953003,0.9916908740997314,0.99804949760437,0.9942336678504944,0.3529237508773803,1.0,1.0,1.0,1.0,0.9999715089797974,1.0,1.0,1.0,1.0,1.0,1.0,1.0,1.0,0.9999998807907104,1.0,1.0,1.0,0.9998449087142944,1.0,1.0,0.9999992847442628,1.0,1.0,1.0,1.0,1.0,0.9999991655349731,6.545209180330858e-05,0.999984622001648,9.661391231929883e-06,0.9999876022338868,0.9999995231628418,0.7961992025375366,1.0,1.0,1.0,0.9999992847442628,0.9999547004699708,0.999984622001648,0.9999984502792358,0.0042159561999142,0.2481966167688369,1.0,0.9905053973197936,0.9999998807907104,0.9111541509628296,0.999881148338318,0.9999997615814208,0.9999878406524658,6.368978210957721e-05,0.9999995231628418,0.99999737739563,0.0031613758765161,0.6686072945594788,0.99999737739563,1.0,0.9970229268074036,1.0,0.3316052854061126,0.9999992847442628,1.0,1.0,1.0,0.9999992847442628,0.9999986886978148,0.9993027448654176,2.0980222004141073e-08,0.9398291110992432,2.307237956244989e-09,0.9203490614891052,0.9993671774864196,0.0002426926512271,1.0,0.9999997615814208,0.9999537467956544,0.9991974234580994,0.8158589601516724,0.944023072719574,0.998704195022583,1.7178750795210362e-06,6.942703475942835e-05,0.9999996423721312,0.0071016415022313,0.9999281167984008,0.0006623409572057,0.6173149943351746,0.9997797608375548,0.9357321858406068,1.5840750933193704e-08,0.9996551275253296,0.9939084053039552,1.167611458186002e-06,0.0008211260428652,0.993490993976593,1.0,0.0138714341446757,0.9999938011169434,3.883400131599046e-05,0.9991186261177064,0.9999662637710572,0.9999947547912598,0.9999866485595704,0.9979913234710692,0.0025897067971527,4.845688454224728e-05,3.48568118542069e-14,1.8572494582258516e-06,8.775691626291757e-15,7.633267387063825e-07,0.0001005414742394,2.442246405109927e-10,0.2241681069135666,0.0085340198129415,7.931459549581632e-05,3.5203171137254685e-05,9.337990150015684e-07,2.4883913738449337e-06,6.528745871037245e-05,9.256532172707832e-13,2.1448094689180408e-10,0.0066007496789097,4.263212005639616e-09,0.0007046107202768,5.01897912119631e-10,2.180818654551331e-07,1.1659174560918473e-05,1.1764224154831029e-06,2.4146678241437035e-14,1.714432073640637e-05,1.250606374014751e-06,1.685145946395128e-12,4.427082256341919e-09,4.180332325631753e-06,0.1905481219291687,6.728178902903892e-09,0.0003364600706845,6.225675530657782e-11,2.0115207007620484e-05,0.0001639207766856,0.0004333364486228,0.0002081760467262,3.4969800708495318e-06,0.9999983310699464,0.9993152618408204,2.2509865971187537e-08,0.9571601748466492,3.985523466809582e-09,0.9291837811470032,0.9993163347244264,0.000350210990291,0.9999998807907104,0.9999996423721312,0.9999704360961914,0.9994891881942748,0.8332595229148865,0.950399935245514,0.9984556436538696,1.989011934711016e-06,6.948922964511439e-05,0.9999995231628418,0.0075951628386974,0.9999231100082396,0.0006287807482294,0.6369120478630066,0.9998562335968018,0.9379332661628724,2.2895463303029828e-08,0.9997904896736144,0.995630979537964,1.6111387139972069e-06,0.0005469999159686,0.9960916638374328,1.0,0.0164485536515712,0.9999945163726808,5.286297528073192e-05,0.9991311430931092,0.999976634979248,0.9999954700469972,0.9999873638153076,0.9981496334075928,0.8782026171684265,0.01228888053447,2.3374835053657783e-12,0.0002911945339292,4.869529801089513e-13,8.854195766616613e-05,0.0405839011073112,1.2085996203836658e-08,0.9988827109336852,0.9751195311546326,0.082615815103054,0.0129614090546965,0.0001141196698881,0.0004233561048749,0.0259492918848991,9.194181527227839e-11,1.34463586931588e-08,0.966850757598877,2.288267779704256e-07,0.3010724484920501,2.8566237375571294e-08,2.2669410100206733e-05,0.0069311610423028,0.0001116533021559,1.5850451376767105e-12,0.0043958933092653,0.0001412085548508,1.137640606718726e-10,2.790429505239445e-07,0.0007205653237178,0.9992926120758056,3.3884742833834025e-07,0.3288036584854126,3.5225626859869404e-09,0.0034391188528388,0.1487854719161987,0.4595497250556946,0.2244977504014969,0.000704844482243,1.0,0.9999997615814208,0.9999878406524658,0.9999997615814208,0.8004619479179382,1.0,1.0,1.0,0.9999997615814208,0.9999719858169556,0.9999988079071044,1.0,1.0,0.9999117851257324,1.0,0.999984622001648,0.9999998807907104,0.6466872692108154,0.9999990463256836,1.0,0.9975391626358032,1.0,1.0,1.0,0.9999996423721312,0.9988598823547364,0.4541487991809845,9.354889085599892e-11,0.0101567152887582,2.0860445315573628e-11,0.004501461982727,0.4490126967430115,8.907993560569594e-07,0.9999665021896362,0.999771773815155,0.8985212445259094,0.4346785843372345,0.0038868943229317,0.0115146599709987,0.4791035652160644,8.588369126982798e-09,3.433229380789271e-07,0.9997063279151917,0.916269838809967,2.125321316270856e-06,0.0019180057570338,0.6797638535499573,0.0042640250176191,0.50783371925354,0.0282341595739126,3.639333499450004e-06,0.0567655153572559,0.9999876022338868,1.953868195414543e-05,0.989809513092041,0.3134810626506805,0.9347690343856812,0.986164689064026,0.9594581723213196,0.0801570490002632,0.9503139853477478,0.0156043926253914,2.8791819189216694e-12,0.0002270109107485,7.168969736424946e-13,0.0001030135681503,0.0207052696496248,3.0626061686689354e-08,0.999508500099182,0.9916471242904664,0.0923102647066116,0.0120953200384974,0.000100684526842,0.0003024077741429,0.0178941935300827,1.8713855465257723e-10,1.1415520972946071e-08,0.9897594451904296,0.3167941272258758,6.252079032265101e-08,3.0367034923983734e-05,0.0288670100271701,0.0001098104694392,0.0093889124691486,0.0003146805684082,1.8056790906939568e-07,0.0010545061668381,0.9997534155845642,6.411185040633427e-07,0.5730805993080139,0.0064573194831609,0.1811561435461044,0.5077672600746155,0.2448887676000595,0.0009761768742464,0.9958564639091492,0.2089674323797226,2.2207308908450685e-11,0.002737961243838,5.0436365153783136e-12,0.0015035801334306,0.253722220659256,2.457034895542165e-07,0.9999450445175172,0.9992000460624696,0.7443985342979431,0.1798781007528305,0.001034012529999,0.0033224308863282,0.2059206217527389,1.438867580638714e-09,7.932349177508513e-08,0.9990886449813844,2.89666559183388e-06,0.8719820976257324,4.810745508621039e-07,0.00028786144685,0.3617718517780304,0.0011209932854399,2.0866771852090515e-11,0.1479414403438568,0.0040279603563249,1.461348264619744e-09,9.33098476707528e-07,0.0130580822005867,0.999972939491272,5.054672783444403e-06,0.969089150428772,5.6912902834938e-08,0.0955040827393531,0.8457474112510681,0.9678167700767516,0.90381920337677,0.0187140870839357,0.996911883354187,0.2132473886013031,1.765375345907927e-11,0.0023032538592815,4.0649541024895256e-12,0.0013116465415805,0.2598201930522918,1.9840453546748907e-07,0.9999610185623168,0.9994462132453918,0.7501871585845947,0.1772996485233307,0.0008983715088106,0.0028126635588705,0.187349185347557,1.1657907972306703e-09,6.492236082067393e-08,0.9993444085121156,2.317667394891032e-06,0.8866050839424133,3.727683974830144e-07,0.0002367905399296,0.3850772082805633,0.0009594708099029,1.6489511145412195e-11,0.1575839519500732,0.0040185218676924,1.1727623316915015e-09,7.952320970616711e-07,0.0122677162289619,0.999980926513672,4.135584276809823e-06,0.975371241569519,4.4969812762474255e-08,0.0971742197871208,0.8412888646125793,0.97079336643219,0.9085530638694764,0.0185006204992532,0.9999127388000488,0.8746558427810669,2.261075077170105e-10,0.0469680950045585,4.505241665841986e-11,0.0300864335149526,0.8881999254226685,2.9064362934150267e-06,0.9999970197677612,0.9999827146530152,0.992626965045929,0.8505653738975525,0.0133463284000754,0.0428253710269928,0.7880700826644897,1.6576443329086032e-08,7.341107561842364e-07,0.999975562095642,3.457290949882008e-05,0.992064654827118,4.872264071309473e-06,0.0056306044571101,0.9686613082885742,0.0197399742901325,2.1825906360017908e-10,0.9192099571228028,0.1689773499965667,1.5837185785017027e-08,6.171869699755916e-06,0.2927060723304748,0.999998927116394,5.85788038733881e-05,0.999294638633728,5.39509017016826e-07,0.7956943511962891,0.9941609501838684,0.9993233680725098,0.9976660013198853,0.4789811670780182,0.542073667049408,1.5410026321660553e-07,0.9999004602432252,6.549848308168293e-08,1.1961490145040443e-06,8.047221200513378e-08,0.0446057058870792,0.9659202694892884,0.6890047192573547,7.238316470647987e-07,4.308246843720554e-07,6.6765751398634166e-06,3.067617687646518e-11,7.913126864877995e-08,0.4427497684955597,2.888422841351712e-06,0.106659285724163,0.0042682262137532,0.0031284349970519,6.365196014712637e-08,2.580693658771338e-09,0.950285255908966,0.0162744615226984,0.7307487726211548,0.0001198583122459,0.7015169858932495,0.0848341584205627,0.9980939030647278,7.337045644817408e-06,0.0401101447641849,0.9496924877166748,2.58185053780835e-07,0.9816012382507324,0.2719421684741974,1.0,0.0034933700226247,9.939062147168444e-05,2.3171583052317146e-07,1.0,1.0,0.9965872764587402,0.999840259552002,0.9989107847213744,1.0,1.0,1.0,0.9993177652359008,0.999993085861206,1.0,0.9992868304252625,1.0,1.0,1.0,0.9993833303451538,1.0,1.0,1.0,0.9999997615814208,1.0,1.0,1.0,0.9999831914901732,1.0,1.0,1.0,1.0,1.0,1.0,0.999996304512024,0.9992965459823608,0.0002267497911816,1.127533399980507e-09,0.8659217953681946,4.987820712010205e-10,7.902595910991295e-09,8.010735408348069e-10,2.7785015845438465e-05,0.0045151133090257,0.0009160134359262,4.7587698226436714e-09,1.926395043483353e-09,4.151165455823502e-08,2.814775864647124e-13,5.693521765159915e-10,0.0006036247941665,1.741588917525405e-08,0.0001042475269059,3.992711299360963e-06,6.219967872311827e-06,6.200165381109456e-10,2.846584253035633e-11,0.0118676619604229,1.2727116882160772e-05,0.0011170896468684,3.630801188592159e-07,0.0006575223524123,4.3581741920206696e-05,0.1417893767356872,4.6340257853216826e-08,1.9767467165365812e-05,0.0048708547838032,1.5067674885571591e-09,0.0183459687978029,0.0001763766049407,0.9999079704284668,3.888585069944384e-06,2.485568586507725e-07,2.1172406050595782e-09,1.0,0.1336843818426132,1.0,0.4600383639335632,0.968536615371704,0.7232505083084106,0.9999998807907104,1.0,1.0,0.8973203897476196,0.9983487129211426,0.9995113611221312,0.0002399930672254,0.8924291133880615,0.9999994039535522,0.9309312105178832,0.9999996423721312,0.9999995231628418,0.9999992847442628,0.808609664440155,0.0008485572179779,1.0,0.9999997615814208,1.0,0.9999701976776124,1.0,0.9999998807907104,1.0,0.9983878135681152,0.9999997615814208,1.0,0.9473602771759032,1.0,1.0,1.0,0.9999992847442628,0.999630331993103,0.90885192155838,0.9999997615814208,0.0057100099511444,1.0,0.0118572991341352,0.3169058561325073,0.0369897559285163,0.9999983310699464,0.9999998807907104,0.9999991655349731,0.1310714483261108,0.9757423400878906,4.66809206045582e-06,0.999990701675415,0.2285694330930709,0.9999914169311525,0.9999818801879884,0.9999805688858032,0.0648077577352523,3.4833956306101754e-05,0.9999992847442628,0.9999927282333374,0.9999991655349731,0.998144030570984,0.9999997615814208,0.9999970197677612,1.0,0.9291125535964966,0.999994158744812,0.9999997615814208,0.1383425146341323,0.9999998807907104,0.9999994039535522,1.0,0.9999780654907228,0.9832699298858644,0.0945170000195503,1.0,0.3125002682209015,1.0,0.8382318019866943,0.9956848621368408,0.9297330975532532,1.0,1.0,1.0,0.9801855087280272,0.9999228715896606,0.000882510037627,1.0,0.98774254322052,1.0,1.0,1.0,0.959684193134308,0.0010315044783055,1.0,1.0,1.0,0.99999737739563,1.0,1.0,1.0,0.9998119473457336,1.0,1.0,0.9917084574699402,1.0,1.0,1.0,0.9999998807907104,0.9999576807022096,0.9767380356788636,0.9997585415840148,2.353258423681837e-06,0.9999995231628418,1.649606815590232e-06,3.218975689378567e-05,1.8366433778282956e-06,0.993777632713318,0.9999706745147704,0.999619722366333,2.2330843421514143e-05,9.35725329327397e-05,0.000586827751249,6.149217801620921e-10,2.612837761262199e-06,0.9977905750274658,7.977335917530581e-05,0.9951468110084534,0.8726984858512878,0.7903406620025635,1.816007511479256e-06,2.930329756622996e-08,0.9998985528945924,0.9622554183006288,0.999680757522583,0.0637042298913002,0.9998550415039062,0.994084656238556,0.9999964237213136,0.0002543881419114,0.977782130241394,0.9999291896820068,9.754713573784102e-06,0.9999769926071168,0.9988924860954284,1.0,0.8440956473350525,0.0090107070282101,5.012090696254745e-06,0.3548579812049866,1.6811650738191023e-08,0.999908685684204,8.808150653294433e-09,1.5563550448405294e-07,7.712174010521267e-09,0.0143510205671191,0.911749303340912,0.4225604832172394,8.452788335944207e-08,7.108301502967151e-08,9.46529723933054e-07,3.138985165546116e-12,7.183068362337508e-09,0.2841781675815582,4.427777184901061e-07,0.0682536736130714,0.0008359628845937,0.0009323552949354,7.774455745845898e-09,3.233470435848318e-10,0.9071390628814696,0.0034619788639247,0.4729770720005035,2.5786324840737507e-05,0.626569390296936,0.0195802748203277,0.9975656270980836,7.511198987231182e-07,0.0064570135436952,0.8721113801002502,3.0334973644130514e-08,0.9712079763412476,0.1317736506462097,1.0,0.0006785030127502,1.953694845724385e-05,2.4074461535406044e-08,0.7565248608589172,1.045517450393163e-07,0.9999098777770996,6.159024934504488e-08,9.305143180426968e-07,6.35663042203305e-08,0.0993750691413879,0.9725801944732666,0.728118896484375,6.005917043694353e-07,1.4771436553928652e-06,8.0590234574629e-06,3.509354959407851e-11,8.274290053122969e-08,0.4970414340496063,2.339920683880337e-06,0.1518292129039764,0.0060188579373061,0.0073008523322641,7.023531622962764e-08,1.9576085197314796e-09,0.9291815161705016,0.0226701293140649,0.7594407796859741,0.0002037113299593,0.8399369120597839,0.0920714810490608,0.9983371496200562,4.623688255378511e-06,0.0334327481687068,0.9498631358146667,1.8932126977233565e-07,0.9872004985809326,0.4421983957290649,1.0,0.0053640617989003,0.0001227161119459,2.172148612089586e-07,1.0,0.0174444876611232,1.0,0.0722165778279304,0.8112264275550842,0.1347140371799469,0.9999997615814208,1.0,0.9999998807907104,0.3641998469829559,0.9793888926506042,0.9907163977622986,2.73264704446774e-05,0.2192796468734741,0.9999986886978148,0.6366977095603943,0.9999990463256836,0.9999969005584716,0.9999964237213136,0.2298776060342788,5.6293298257514834e-05,0.9999998807907104,0.999998927116394,0.9999998807907104,0.9998427629470824,1.0,0.9999994039535522,1.0,0.980026364326477,0.9999988079071044,1.0,0.6923230290412903,1.0,0.9999998807907104,1.0,0.9999955892562866,0.9977082014083862,0.2978338301181793,1.0,1.0,0.0337951891124248,0.9999997615814208,1.0,0.9999998807907104,0.2920978963375091,0.9906710386276244,0.9999995231628418,0.5700245499610901,0.9999996423721312,0.999997615814209,0.9999958276748656,1.0,0.9999990463256836,0.9999998807907104,0.9998261332511902,1.0,0.9999995231628418,1.0,0.9999990463256836,1.0,1.0,1.0,1.0,0.999996542930603,0.998467743396759,0.2914959490299225,0.9999997615814208,0.0011624414473772,1.0,0.0019719039555639,0.0898556858301162,0.0051882779225707,0.9999982118606568,1.0,0.9999991655349731,0.0404905527830123,0.6047307848930359,0.8425566554069519,8.375064908250351e-07,0.0133337648585438,0.9999908208847046,0.047551155090332,0.999992609024048,0.9999732971191406,0.9999680519104004,0.0088931499049067,3.485387424007058e-06,0.9999994039535522,0.9999911785125732,0.9999992847442628,0.997439742088318,0.9999997615814208,0.999996781349182,1.0,0.6364198327064514,0.9999923706054688,0.9999997615814208,0.0339514017105102,0.9999998807907104,0.9999992847442628,1.0,0.999963641166687,0.9432917833328248,0.0150235360488295,1.0,1.0,0.9999423027038574,0.9999979734420776,0.999988317489624,1.0,1.0,1.0,0.9999854564666748,0.9999998807907104,1.0,0.9999897480010986,1.0,1.0,1.0,0.9999943971633912,1.0,1.0,1.0,1.0,1.0,1.0,1.0,0.9999998807907104,1.0,1.0,0.9999977350234984,1.0,1.0,1.0,1.0,0.9999998807907104,0.9999947547912598,1.0,1.0,0.9966716766357422,1.0,1.0,1.0,0.9989535808563232,0.9999983310699464,1.0,0.9998020529747008,1.0,1.0,1.0,1.0,1.0,1.0,0.9999998807907104,1.0,1.0,1.0,1.0,1.0,1.0,1.0,1.0,1.0,0.999998927116394,0.9995177984237672,0.3672893643379211,1.5218907378766747e-07,0.9994031190872192,7.390603684598318e-08,1.018985130940564e-06,9.775640563702837e-08,0.0324367955327034,0.8924297094345093,0.3720531761646271,8.474950732306752e-07,1.2711778936136398e-06,7.720257599430624e-06,4.7219748944282713e-11,1.1424869938991833e-07,0.1258912235498428,1.8642997474671572e-06,0.0313595198094844,0.0027201340999454,0.0030329176224768,8.822917152429e-08,2.5888184929101503e-09,0.7847320437431335,0.0136752622202038,0.4162933528423309,0.0001353699335595,0.5280138254165649,0.041443221271038,0.9916428327560424,6.91156219545519e-06,0.0235948823392391,0.8304170370101929,2.4734475800869404e-07,0.933586835861206,0.2538528144359588,0.9999997615814208,0.0022509195841848,8.350965799763799e-05,2.878512930237776e-07,0.9999972581863404,0.0014833940658718,0.9999998807907104,0.0024545020423829,0.049378827214241,0.0093221766874194,0.999979853630066,0.9999994039535522,0.9999923706054688,0.0268815774470567,0.5680047869682312,0.8123214244842529,1.6521228189958492e-06,0.0199300497770309,0.9999088048934937,0.038438145071268,0.999886989593506,0.9997625946998596,0.9997453093528748,0.0108935330063104,1.630413498787675e-05,0.9999940395355223,0.999915361404419,0.999992847442627,0.9757999777793884,0.9999972581863404,0.9999650716781616,0.9999998807907104,0.619554877281189,0.9999319314956664,0.9999982118606568,0.0226704385131597,0.9999992847442628,0.9999932050704956,1.0,0.999702513217926,0.8452910780906677,0.0239115562289953,0.0252747237682342,8.35967828294315e-09,0.9975816011428832,3.838671602807153e-09,7.063039930699233e-08,3.901167389130933e-09,0.0014054438797757,0.3610491156578064,0.0793653801083564,3.498126233125731e-08,4.986263402173563e-09,3.110637010195205e-07,1.3498906853426362e-12,2.760728312622973e-09,0.0380564853549003,1.7126424722846425e-07,0.0082610864192247,9.482587483944371e-05,0.0001317893911618,3.259348346773549e-09,1.2383384595526792e-10,0.5797629952430725,0.0004854264261666,0.0929011330008506,8.637533937871922e-06,0.0873877182602882,0.0038797338493168,0.9360148310661316,4.799975954483671e-07,0.0012832462089136,0.3681732416152954,1.4993316810318902e-08,0.595656156539917,0.0078105661086738,0.999997615814209,9.214736201101914e-05,4.875815648119897e-06,1.1705663105487929e-08,0.9495059847831726,2.23233939777856e-07,0.9999737739562988,1.105232598774819e-07,2.021560021603364e-06,1.2083465605883248e-07,0.3753697276115417,0.995606243610382,0.9406183958053588,1.4424715573113644e-06,1.8751251218418476e-06,1.477819387218915e-05,7.193028117580269e-11,1.913564631195186e-07,0.7996512055397034,4.652487405110151e-06,0.495018720626831,0.0181132182478904,0.0281364265829324,1.378767393589442e-07,3.241851898039272e-09,0.9875491857528688,0.100092776119709,0.9472877383232116,0.0006927512586116,0.9711369276046752,0.3956181108951568,0.9996657371520996,1.0823141565197147e-05,0.1689304411411285,0.9915145635604858,4.639531709926814e-07,0.9973959922790528,0.8378620743751526,1.0,0.0153953451663255,0.0002496291999705,4.098157830867422e-07,0.9999631643295288,2.250557554361876e-05,0.9999997615814208,1.3672159184352496e-05,0.0003073390107601,2.1194970031501725e-05,0.9992018342018129,0.9999933242797852,0.9998663663864136,0.0003968181554228,0.0011351612629368,0.0103808613494038,6.076745329153255e-09,4.430784611031413e-05,0.9991594552993774,0.0006392465438693,0.9989318251609802,0.9875308871269226,0.9773069024086,1.8689601347432472e-05,1.6055845719620265e-07,0.9999487400054932,0.9954645037651062,0.9998735189437866,0.3283899426460266,0.999966025352478,0.9988818764686584,0.9999986886978148,0.0040768389590084,0.9968403577804564,0.9999759197235109,0.0001425537338946,0.9999912977218628,0.9997521042823792,1.0,0.9825169444084167,0.1117749512195587,7.646752055734396e-05,1.0,0.0706575065851211,1.0,0.3773747086524963,0.976371169090271,0.6721624135971069,1.0,1.0,1.0,0.9085503220558168,0.9996260404586792,6.37873963569291e-05,0.9999998807907104,0.9336159229278564,0.9999998807907104,0.9999998807907104,0.9999998807907104,0.7441282272338867,0.0001404013601131,1.0,1.0,1.0,0.9999924898147584,1.0,1.0,1.0,0.9990081191062928,1.0,1.0,0.9480440020561218,1.0,1.0,1.0,0.9999998807907104,0.9998257756233216,0.8798204064369202,1.0,1.0,0.9999607801437378,0.9999977350234984,0.9999924898147584,1.0,1.0,1.0,0.999984622001648,0.9999998807907104,1.0,0.9999886751174928,1.0,1.0,1.0,0.999996542930603,1.0,1.0,1.0,1.0,1.0,1.0,1.0,0.9999997615814208,1.0,1.0,0.9999970197677612,1.0,1.0,1.0,1.0,0.9999997615814208,0.999996304512024,0.0084250746294856,1.3543189680831348e-08,0.9950030446052552,6.670092478344713e-09,1.1657140674969925e-07,6.507432814828462e-09,0.0009084095363505,0.1273206025362014,0.0348889268934726,6.007442010513843e-08,2.3778694568932224e-08,5.959412305855949e-07,2.506056343345997e-12,4.6786161611578345e-09,0.02895487844944,2.8325160883468925e-07,0.0051579978317022,0.0001077502529369,0.0001319546281592,6.476748470873872e-09,2.7602320429309657e-10,0.292801171541214,0.0003254432813264,0.0411978624761104,8.815649380267132e-06,0.0224675927311182,0.0013136932393535,0.8408776521682739,6.410097057596431e-07,0.0005487663438543,0.1454230099916458,2.2567990143329556e-08,0.4174704551696777,0.006040065549314,0.999996304512024,0.000111559209472,5.8588452702679206e-06,1.9334599699050162e-08,0.9907578229904176,2.284656517304029e-07,0.9999966621398926,1.117037271569643e-07,2.227257937192917e-06,1.2590210474172636e-07,0.7867438793182373,0.9992917776107788,0.9861167073249816,1.6171884453797247e-06,2.529420044083963e-06,2.361798215133604e-05,5.32929950169958e-11,1.4693736716253625e-07,0.94578754901886,6.421621492336271e-06,0.8936436772346497,0.1141175702214241,0.1002607345581054,1.223565391228476e-07,3.009573035228641e-09,0.9982372522354126,0.3155209720134735,0.9884259700775146,0.0017987139290198,0.9967879056930542,0.7187132239341736,0.9999619722366332,1.4560950148734264e-05,0.4516870081424713,0.9982659220695496,8.668237114761723e-07,0.9995094537734984,0.9615756273269652,1.0,0.0847589448094368,0.0005474211066029,3.552059126832319e-07,0.6836223602294922,9.658801758405389e-08,0.9998749494552612,5.4523283665730566e-08,7.833311315152969e-07,5.7869392833254096e-08,0.079333372414112,0.965229630470276,0.6501068472862244,5.451278184409603e-07,1.335543629465974e-06,7.433010068780277e-06,2.8784200717391076e-11,7.884908370670018e-08,0.4010146856307983,1.90445405223727e-06,0.1083214357495307,0.0052159130573272,0.0060066184960305,6.30137932944308e-08,1.58754076551304e-09,0.9108577966690063,0.020444830879569,0.6888254284858704,0.0001639929978409,0.7993686199188232,0.0744541063904762,0.99782133102417,4.0930008253781125e-06,0.0299314074218273,0.935178816318512,1.5441727896359225e-07,0.9828597903251648,0.3929625749588012,0.9999998807907104,0.0045308656990528,0.0001057397676049,2.0017699853269733e-07,0.999985694885254,3.890995139954612e-05,1.0,2.7782209144788798e-05,0.0012390975607559,5.398544453782961e-05,0.9995954632759094,0.9999974966049194,0.999963641166687,0.0003960387257393,0.0018535851268097,0.0288817379623651,9.211444940149251e-09,7.523809472331777e-05,0.9997956156730652,0.0020058623049408,0.9997469782829284,0.9953776597976683,0.9908636212348938,4.988093860447407e-05,3.350597523876786e-07,0.9999896287918092,0.9983028173446656,0.9999674558639526,0.5928856134414673,0.9999908208847046,0.9995598196983336,0.9999996423721312,0.0159663036465644,0.9989894032478333,0.9999933242797852,0.0004415318835526,0.9999972581863404,0.999930739402771,1.0,0.9936007857322692,0.2297079712152481,0.00015891235671,0.1301239132881164,4.4290942469160655e-08,0.9997265934944152,1.902025381639305e-08,3.684799878556078e-07,2.1218221846197597e-08,0.006118647288531,0.811745822429657,0.3264790773391723,1.943487717426251e-07,4.051052826525847e-08,1.6504296809216612e-06,7.008463254187802e-12,1.402468186029182e-08,0.1973095536231994,9.908532092595124e-07,0.0372039899230003,0.0005421324749477,0.0004615196085069,1.6229803279088628e-08,8.654090222215415e-10,0.878422737121582,0.0022937506437301,0.3794205784797668,2.594602119643241e-05,0.2902103960514068,0.016278376802802,0.9916571378707886,2.1778141672257334e-06,0.0065158372744917,0.792383074760437,8.122442096691884e-08,0.9206664562225342,0.0388087704777717,0.9999997615814208,0.0004711891815531,2.755040077317972e-05,6.294484222735265e-08,0.9936069250106812,3.3158758583340386e-07,0.999996781349182,1.873028878662808e-07,3.027364300578484e-06,1.9931805184114642e-07,0.8542921543121338,0.9994964599609376,0.9920917749404908,2.8499380277935416e-06,1.1149420970468782e-05,4.044550223625265e-05,8.071989604507833e-11,3.629132834248594e-07,0.9615615606307985,7.66123048379086e-06,0.8678840398788452,0.1966624408960342,0.1949963420629501,2.06555128556829e-07,4.346633275531531e-09,0.99861478805542,0.5121062994003296,0.9933184385299684,0.0039364276453852,0.9971874356269836,0.8419066667556763,0.9999661445617676,1.8583921701065265e-05,0.6447433233261108,0.9990121126174928,9.199155783790048e-07,0.999756634235382,0.9809420108795166,1.0,0.1553238332271576,0.0007661978597752,5.390749606704048e-07,0.0007018549949862,2.731006754075338e-09,0.965295910835266,1.6281913595150852e-09,2.4451434654793047e-08,1.6409302805442392e-09,8.523857104592025e-05,0.0114426389336586,0.0034897367004305,9.06000785505512e-09,2.890366612717798e-09,1.2067609134192028e-07,5.859529441515354e-13,8.40139402491502e-10,0.0035866973921656,6.327356771862469e-08,0.0006747136940248,1.294938920182176e-05,1.6976789993350394e-05,1.5739939351888663e-09,7.05783209653532e-11,0.0482179597020149,3.0028546461835504e-05,0.0040453020483255,1.2249936389707727e-06,0.0022070358972996,0.0001316890266025,0.3606213629245758,1.216503875411945e-07,5.4932421335252e-05,0.016452258452773,4.850212675933108e-09,0.0584643296897411,0.0004017398459836,0.9999741315841676,1.391297973896144e-05,1.0041214864031645e-06,4.525821939438401e-09,0.9999998807907104,0.001936373882927,1.0,0.004240674432367,0.1558077037334442,0.0108081558719277,0.9999985694885254,1.0,0.9999992847442628,0.0786313265562057,0.938201069831848,1.3390496178544709e-06,0.9999922513961792,0.1031806766986846,0.999991774559021,0.9999808073043824,0.999979853630066,0.0190623048692941,6.9722759690193925e-06,0.9999994039535522,0.9999938011169434,0.9999994039535522,0.9976896047592164,0.9999997615814208,0.99999737739563,1.0,0.8178382515907288,0.999994158744812,0.9999998807907104,0.0683589130640029,1.0,0.9999992847442628,1.0,0.9999775886535645,0.9760578274726868,0.0305805653333663,0.9968560934066772,6.658210054411029e-07,0.999996781349182,3.404907431558968e-07,6.069513347028988e-06,4.268051441158605e-07,0.9379281401634216,0.9997678399086,0.9947147965431212,8.048808012972586e-06,2.103553015331272e-05,0.0001145449641626,2.2999389892586206e-10,8.933449180403841e-07,0.9666300415992736,1.4831450243946165e-05,0.9425278306007384,0.3603693842887878,0.3248594999313354,5.772337772214087e-07,7.574787908026792e-09,0.9988082647323608,0.7159752249717712,0.9950410723686218,0.0086180083453655,0.9985522627830504,0.9110056161880492,0.9999775886535645,4.111131784156896e-05,0.7844445109367371,0.9993391633033752,1.600596192474768e-06,0.9998214840888976,0.9892143607139589,1.0,0.3232807219028473,0.0021375878714025,1.4620479760196758e-06,0.1324550658464431,5.505383171566791e-08,0.9988983869552612,3.2206216360464175e-08,5.049518563282618e-07,3.187341235388885e-08,0.0077158864587545,0.631122887134552,0.157647430896759,2.646434325015435e-07,3.228165610380529e-07,2.8452154765545856e-06,1.3940570052495271e-11,2.8156261322465074e-08,0.1049897745251655,1.1220803344258456e-06,0.0198039039969444,0.0007573791663162,0.0009817515965551,3.744483123568898e-08,1.0648124604273335e-09,0.5823678374290466,0.0023701277095824,0.1772907674312591,4.713002999778837e-05,0.2715009152889251,0.007945854216814,0.9762646555900574,2.508654461053084e-06,0.0038591853808611,0.5203024744987488,1.0797060667755433e-07,0.8162330389022827,0.0649888664484024,0.9999994039535522,0.0006893572863191,3.005625512741972e-05,9.646650767081157e-08,1.0,1.0,0.1909647732973098,0.9464897513389589,0.5522428154945374,1.0,1.0,1.0,0.6357778310775757,0.999350607395172,1.9704641090356745e-05,0.9999998807907104,0.9189668893814088,0.9999998807907104,0.9999997615814208,0.9999995231628418,0.6693463921546936,0.0003518695593811,1.0,0.9999998807907104,1.0,0.9999490976333618,1.0,1.0,1.0,0.9983742237091064,0.9999998807907104,1.0,0.7953469157218933,1.0,1.0,1.0,0.9999996423721312,0.9993721842765808,0.7255531549453735,0.1214444041252136,1.5233235117761982e-08,0.9997264742851256,8.082320590574454e-09,1.515426930609465e-07,6.858447143542889e-09,0.0045022936537861,0.7065589427947998,0.2223825007677078,6.787421824583363e-08,3.7947117448311474e-08,8.33010687983915e-07,2.928547161717976e-12,5.5082374217363395e-09,0.1895813941955566,4.5068213694321457e-07,0.0424448549747467,0.0003057856229133,0.0005101839778944,7.1744832297326874e-09,3.3152933176516797e-10,0.7892299294471741,0.0010765679180622,0.2566949725151062,2.156226946681272e-05,0.2676899135112762,0.0076233707368373,0.9890341758728028,7.829009973647771e-07,0.0018896061228588,0.6522434949874878,2.9410021085141125e-08,0.8898653984069824,0.0346826240420341,0.9999998807907104,0.0003193780139554,1.3360124285100028e-05,2.1677525552377123e-08,0.7975185513496399,1.5477938575259034e-07,0.9999219179153442,1.0264360383871465e-07,1.92934317055915e-06,7.653022038311974e-08,0.1491854190826416,0.9814434051513672,0.8361120223999023,1.125548578784219e-06,5.560045792663004e-07,1.3974547982797958e-05,3.409808199683617e-11,1.1605039418327578e-07,0.6603651642799377,4.50636707682861e-06,0.3611708879470825,0.0110362442210316,0.0108531164005398,7.220364750537557e-08,1.640557689697175e-09,0.9797173142433168,0.042399626225233,0.8543336987495422,0.000556370941922,0.9137097001075744,0.2225414216518402,0.99904066324234,1.239020912180422e-05,0.0846229344606399,0.9722589254379272,4.6041114387662674e-07,0.9892181158065796,0.442118227481842,1.0,0.0100696943700313,0.0002227803634013,2.324420336208277e-07,7.481929742425564e-07,1.588529481566514e-11,0.0161111950874328,4.946781699544101e-12,6.256602874676885e-11,1.1193811502718807e-11,1.904336386360228e-07,1.594203058630228e-05,3.825783551292261e-06,5.8193835167363866e-11,1.3156969437544408e-11,3.332544240564061e-10,5.105029033102568e-15,8.346696597771874e-12,2.013790208366117e-06,1.5765531935496568e-10,6.328889412543504e-07,2.6564519473026852e-08,4.451876733924109e-08,8.090745087785399e-12,4.4791983165072556e-13,7.380526221822947e-05,9.955734725508593e-08,4.862029072683072e-06,2.479633609553389e-09,3.454894795140717e-06,3.014188223460224e-07,0.0008855964406393,4.37576169742826e-10,1.6562228211114419e-07,2.447016413498204e-05,1.349170775100106e-11,8.726417581783608e-05,7.652758426957007e-07,0.95029616355896,2.8160339837768333e-08,2.493563133754151e-09,2.8188994541378243e-11,0.9982841610908508,1.036074650073715e-06,0.999997615814209,6.236155059013981e-07,1.076124590326799e-05,7.688074674661038e-07,0.9576542973518372,0.9998314380645752,0.9977678060531616,9.887380656437015e-06,2.898075217672158e-05,0.0001264642050955,4.2012560097504087e-10,1.4713468772242777e-06,0.9844571948051452,2.343016785744112e-05,0.9490775465965272,0.4227717816829681,0.4530673325061798,9.33023727611726e-07,1.407852678880772e-08,0.9992367029190063,0.7917401194572449,0.9979116320610046,0.0111159002408385,0.9988260865211488,0.9605396389961244,0.9999812841415404,6.638233026023954e-05,0.866464376449585,0.9996373653411864,3.0467754186247475e-06,0.9998795986175536,0.993995726108551,1.0,0.3823484778404236,0.0024952651001513,2.4139444576576352e-06,0.9997468590736388,0.0002112229267368,0.9999958276748656,0.0002307057147845,0.0053562493994832,0.0003866248880513,0.9982585310935974,0.9999328851699828,0.9993388056755066,0.0022608882281929,0.0178703684359788,0.1370067447423935,8.991752764586637e-08,0.0007875094306655,0.9949276447296144,0.0049313846975564,0.9939876794815063,0.9836681485176086,0.9830369353294371,0.0004999589873477,1.4641913139712417e-06,0.9994749426841736,0.9924773573875428,0.9993683695793152,0.6439605355262756,0.9997679591178894,0.9970920085906982,0.9999843835830688,0.051837783306837,0.9948047995567322,0.999822437763214,0.0017293295823037,0.9999221563339232,0.99936181306839,1.0,0.9812284111976624,0.231409877538681,0.0013499163324013,1.0,0.3016196191310882,1.0,0.8403277397155762,0.9968613386154176,0.9436349272727966,1.0,1.0,1.0,0.97639262676239,0.9998030066490172,0.9999337196350098,0.00069727684604,0.9727559685707092,1.0,0.9917203187942504,1.0,1.0,1.0,0.9670266509056092,0.001448187045753,1.0,1.0,1.0,0.999997854232788,1.0,1.0,1.0,0.999839186668396,1.0,1.0,0.9935761094093324,1.0,1.0,1.0,1.0,0.9999593496322632,0.9754573106765748,0.4741867482662201,1.246644728780666e-06,1.1080790729423031e-09,0.9237682223320008,0.0005312792491167,9.712337487144396e-05,9.248044079868125e-06,1.4073202603270831e-09,3.954687599616591e-07,0.1000021174550056,0.0039125704206526,5.019582545173762e-07,2.1809942154504824e-06,3.740771248317287e-08,1.5336908631979898e-07,2.456785885840418e-10,0.0167906433343887,2.071311371310003e-07,0.0593792013823986,0.0384841561317443,1.786914981494192e-05,0.0017507176380604,0.0002051087649306,8.1018458786275e-07,1.0153628632325605e-10,0.4959074556827545,1.976066414499656e-06,1.8820294656052283e-08,0.0002894860808737,9.245409273717088e-07,6.924215540493606e-06,7.728180207777768e-05,6.186112841533031e-06,0.99998140335083,0.1842191517353058,0.0001448811672162,0.9999990463256836,3.6338001052627085e-08,0.9985230565071106,0.9933102130889891,0.9722034335136414,3.0269744456745684e-05,0.1143698543310165,0.9999362230300904,4.339923087570696e-09,0.9998270869255066,0.0161986388266086,0.4392054378986358,0.7581509947776794,0.0004894837620668,0.0298733841627836,2.799155254251673e-06,0.9998458623886108,0.0538141652941703,0.9999183416366576,0.9999438524246216,0.8582391738891602,0.9979007244110109,3.095373957151537e-09,0.9955037236213684,0.0255354028195142,8.562438438275422e-07,0.9999927282333374,0.357911467552185,0.0004882315988652,0.9972586631774902,0.2042697519063949,0.8686977624893188,1.1792367331509013e-05,0.9958314299583436,0.3608722984790802,1.0,0.9999880790710448,0.9472877383232116,1.0,0.0002372981543885,1.0,1.0,1.0,0.8834800720214844,0.9999953508377076,1.0,0.0002240204630652,1.0,0.9998987913131714,0.9999992847442628,0.9999997615814208,0.9708240628242492,0.9998860359191896,0.0851569548249244,1.0,0.9999868869781494,1.0,1.0,0.9999998807907104,1.0,0.0002081129496218,1.0,0.9999183416366576,0.0034666112624108,1.0,0.9999984502792358,0.9912019968032836,1.0,0.9999955892562866,0.9999998807907104,0.725166916847229,1.0,0.9999972581863404,0.0380690693855285,6.895977833210054e-08,5.4738054366954e-11,0.1792728155851364,3.5107905623464613e-13,2.4225064407801256e-05,8.930842341214884e-06,5.016371460442315e-07,8.053519656714414e-11,2.2569064839217393e-08,0.0042200284078717,1.0848321955916722e-14,0.0001207969980896,4.51175585780561e-09,2.418648747948282e-08,1.1203934491277324e-07,1.6571913841190167e-09,7.980999860990323e-09,1.2815152584944034e-11,0.0006625376408919,1.2204836252749374e-08,0.0015299048973247,0.0011150232749059,7.883343187131686e-07,0.0001154429119196,5.3244520710558465e-15,8.950163646659348e-06,4.1096871683521385e-08,5.315176250519915e-12,0.0310761146247386,1.128390820781533e-07,9.177384407976773e-10,9.960594070435036e-06,5.309380668450103e-08,3.84379831075421e-07,2.6053608923048976e-11,3.1486388252233155e-06,2.650981230090111e-07,0.9999996423721312,0.9998250603675842,1.0,1.0,1.0,1.0,0.9999996423721312,1.0,1.0,1.0,1.0,0.9999979734420776,1.0,0.9999991655349731,1.0,1.0,1.0,1.0,1.0,0.9999959468841552,1.0,0.9999997615814208,1.0,0.9999996423721312,1.0,1.0,0.9999996423721312,0.999875783920288,0.0074935178272426,2.2159483705763705e-06,0.9999946355819702,2.137043875194422e-09,0.947519063949585,0.5231529474258423,0.142365351319313,6.052202934370143e-07,0.0009481288143433,0.9991484880447388,0.9966986775398254,0.0002357848425162,0.0037683448754251,0.0278610996901989,1.5660056305932812e-05,0.0004682399448938,1.1052116377641141e-07,0.9981505274772644,0.000381493155146,0.9993351101875304,0.9993993043899536,0.1860478520393371,0.9600568413734436,0.857658863067627,0.0009739640518091,2.5816994764227278e-08,0.9999196529388428,0.0076367259025573,8.147691914928146e-06,0.934348165988922,0.0019506354583427,0.080679602921009,0.8319324851036072,0.0167216844856739,0.999903678894043,0.0002898459206335,1.8296211123924882e-07,0.999991536140442,3.087058941808607e-10,0.9411727786064148,0.4792389273643493,0.067755177617073,1.1773256147762369e-07,0.0002261044865008,0.9994452595710754,1.2313873878899706e-11,0.9938235282897948,2.1096502678119577e-05,0.0003896558482665,0.0022584670223295,3.4905499433079967e-06,2.4188704628613777e-05,1.697410567658153e-08,0.9980282187461852,0.0001048057019943,0.9992747902870178,0.9993579983711244,0.0421641506254673,0.9747612476348876,7.2519160815298625e-12,0.8114455938339233,0.0001271756336791,7.0757657510966965e-09,0.9999330043792723,0.0020180263090878,1.6680047565387213e-06,0.8574209809303284,0.0005001508397981,0.0220819842070341,4.5034269646748726e-08,0.6310421228408813,0.0033141940366476,0.9999912977218628,0.0090467622503638,1.97012582248135e-06,0.9999995231628418,1.7496654125537246e-09,0.9968734383583068,0.9539102911949158,0.6180799007415771,6.873405027363333e-07,0.0032156591769307,0.9999524354934692,8.350171942783645e-11,0.999788463115692,0.0004182370903436,0.0122579326853156,0.0912727713584899,2.084778316202573e-05,0.0006310774479061,1.0907220371336734e-07,0.9999133348464966,0.0011455455096438,0.9999573230743408,0.999963879585266,0.5256394147872925,0.9984428286552428,5.913641798471758e-11,0.9900842905044556,0.0015405839076265,3.6772867417766975e-08,0.9999955892562866,0.0284904967993497,1.075476120604435e-05,0.9946340322494508,0.0060075921937823,0.3573077619075775,2.570887147612666e-07,0.9801279306411744,0.0405310690402984,1.0,0.999919891357422,0.7144154906272888,1.0,1.0,0.9999995231628418,0.9999994039535522,0.3264706432819366,0.9999194145202636,1.0,1.0,0.9999911785125732,0.9999970197677612,0.2901842296123504,0.9992690682411194,0.0145050650462508,1.0,0.999788224697113,1.0,1.0,0.999997854232788,0.9999998807907104,0.9999998807907104,0.9989557266235352,0.0008583123562857,1.0,0.9999735355377196,0.8710819482803345,1.0,0.9999349117279052,0.9999986886978148,1.0,0.9999642372131348,0.9999933242797852,0.1450155377388,6.510324601549655e-05,0.9999997615814208,1.9860038946717395e-08,0.9991227984428406,0.9874595403671264,0.9468385577201844,8.611691555415746e-06,0.0365888103842735,0.9999693632125854,3.227895284396709e-09,0.9999403953552246,0.0079182889312505,0.1894690096378326,0.6458622217178345,0.0001756837591528,0.008909530006349,1.398079461978341e-06,0.9999440908432008,0.0127377258613705,0.9999732971191406,0.9999828338623048,0.8789218664169312,0.9991292357444764,1.770222302077684e-09,0.997216820716858,0.0150386951863765,3.460116886344622e-07,0.999996781349182,0.2123114019632339,0.000103912949271,0.9988316893577576,0.0718872398138046,0.8539788722991943,2.915166533057345e-06,0.9972622394561768,0.2824036478996277,0.8378725051879883,4.879666903434554e-06,3.317312646800019e-09,0.9844074249267578,2.2613111036462463e-11,0.0030447777826339,0.0003802204155363,3.954642670578323e-05,5.291918458993905e-09,1.6307755004163482e-06,0.3569190800189972,6.648524504375419e-13,0.0308130364865064,2.653467561231082e-07,2.265255261590937e-06,9.39330129767768e-06,1.2984328634502162e-07,6.192955765982333e-07,9.047949611762364e-10,0.1273014396429062,9.033738024299964e-07,0.3286871612071991,0.2510007619857788,8.49253119667992e-05,0.011216671206057,3.027489825675745e-13,0.0013743260642513,2.9023092338320566e-06,3.524220915096521e-10,0.8779090642929077,9.080440577236004e-06,7.221948550295566e-08,0.0017330270493403,4.0691661524761e-06,2.701537960092537e-05,1.921528935966421e-09,0.0004836611333303,2.2582498786505312e-05,0.9999997615814208,0.9998776912689208,1.0,1.0,1.0,0.9999998807907104,1.0,1.0,1.0,1.0,0.9999983310699464,1.0,0.9999997615814208,1.0,1.0,1.0,1.0,1.0,0.9999998807907104,1.0,0.9999998807907104,1.0,1.0,0.9999998807907104,0.9991037249565125,0.0002101435966324,1.0513988968341437e-07,0.9999568462371826,2.3261534365381917e-10,0.4236634373664856,0.0692382752895355,0.0040390752255916,6.281950248876457e-08,4.570071541820653e-05,0.9936908483505248,1.0991990304076715e-11,0.916799783706665,1.1433733561716508e-05,0.0001015399393509,0.0006278327782638,1.6833748759381706e-06,1.92087100003846e-05,1.0670026640013932e-08,0.975489616394043,2.0654915715567768e-05,0.9916251301765442,0.9905497431755066,0.0046998974867165,0.6654952168464661,5.7207736811615276e-12,0.1552305966615677,4.720816286862828e-05,3.6941778525090285e-09,0.9994128942489624,0.0002212530380347,8.946083198679844e-07,0.2630829811096191,7.762754830764607e-05,0.0017817323096096,2.7098481680809527e-08,0.0994487479329109,0.0006759642274118,0.9869881868362428,0.0104323588311672,1.0,0.9999994039535522,0.9999959468841552,0.9999746084213256,0.9892868995666504,1.0,0.9999998807907104,0.9980250597000122,0.9994774460792542,0.8299041390419006,0.9999998807907104,0.9725930094718932,1.0,1.0,0.999886393547058,0.9999977350234984,0.9155460000038148,1.0,0.9977989792823792,0.999998927116394,0.9925010800361632,0.9999150037765504,0.9999982118606568,0.9971289038658142,0.999996304512024,0.0836293250322341,2.9921922759967856e-05,0.9999998807907104,9.97559368443035e-09,0.999580442905426,0.9942703247070312,0.9583035707473756,4.322067525208695e-06,0.032663021236658,0.999981164932251,9.229730868476337e-10,0.9999643564224244,0.0048701018095016,0.1565548479557037,0.6044594049453735,0.0001380631874781,0.0064214062876999,7.665349812668865e-07,0.9999734163284302,0.009652423672378,0.9999843835830688,0.9999896287918092,0.9003607630729675,0.9996188879013062,5.540815584126334e-10,0.9986491799354552,0.0106875794008374,2.517612927022128e-07,0.9999983310699464,0.2027663141489029,6.3571278587915e-05,0.999309778213501,0.0517580807209014,0.8844192028045654,1.805894157769217e-06,0.9983054399490356,0.2579004764556885,0.9999979734420776,0.1241690218448638,5.596320625045337e-05,0.9999998807907104,1.3119000108474664e-08,0.999799907207489,0.9981232285499572,0.9821625351905824,8.000586603884585e-06,0.0819604620337486,0.9999914169311525,1.460147336374007e-09,0.999976396560669,0.0086865480989217,0.2945049703121185,0.7441344261169434,0.0001990441669477,0.0117216985672712,1.0830646033355151e-06,0.9999839067459106,0.0214726235717535,0.9999896287918092,0.9999932050704956,0.9333484172821044,0.9997835755348206,1.061737919805239e-09,0.9991337656974792,0.014295526780188,3.7218691772977763e-07,0.9999990463256836,0.325534462928772,0.0001278107229154,0.9995181560516356,0.1125501319766044,0.9339052438735962,2.885887170123169e-06,0.998996913433075,0.3350583910942077,1.0,0.9999499320983888,0.7061604857444763,1.0,0.9999998807907104,0.9999984502792358,0.9999980926513672,0.6328713297843933,0.9997528195381165,1.0,1.0,0.999974489212036,0.9999935626983644,0.4509569406509399,0.9995027780532836,0.0339511595666408,1.0,0.999362289905548,1.0,1.0,0.9999961853027344,0.9999996423721312,0.9999995231628418,0.9992356300354004,0.0012160231126472,1.0,0.9999438524246216,0.941701889038086,0.9999998807907104,0.9998658895492554,0.9999966621398926,0.9999998807907104,0.9999524354934692,0.9999998807907104,0.918340504169464,0.0060016671195626,1.0,2.1047887344138874e-07,0.9999933242797852,0.9999505281448364,0.999772012233734,0.0003071240498684,0.8887519836425781,0.9999995231628418,1.2556516537642892e-07,0.9999990463256836,0.445709615945816,0.9853111505508424,0.996594488620758,0.0035064462572336,0.508569598197937,3.231952723581344e-05,0.9999990463256836,0.7406954765319824,0.9999994039535522,0.9999996423721312,0.9984461665153505,0.9999881982803344,8.768929404823211e-08,0.9999678134918212,0.4044414758682251,6.152324658614816e-06,1.0,0.9686103463172911,0.0042050923220813,0.9999865293502808,0.9114425182342528,0.9991527795791626,0.0001213206051033,0.9999828338623048,0.9623379111289978,1.0,0.9999674558639526,0.9429970979690552,1.0,0.9999998807907104,0.9999992847442628,0.9999991655349731,0.7983654737472534,0.99994695186615,1.0,1.0,0.9999932050704956,0.99999737739563,0.7693145871162415,0.9997082352638244,0.1302820444107055,1.0,0.9998791217803956,1.0,1.0,0.999997854232788,0.9999997615814208,0.9999997615814208,0.9995707869529724,0.0052386899478733,1.0,0.9999731779098512,0.972299575805664,0.9999998807907104,0.999948501586914,0.9999986886978148,0.9999998807907104,0.9999715089797974,0.9805876612663268,6.00707353441976e-05,4.1267405492817495e-08,0.9987383484840392,1.027119986285463e-10,0.0308777317404747,0.0069300383329391,0.0004551091406028,3.2362006407993256e-08,1.548545333207585e-05,0.8686721324920654,4.292096626029585e-12,0.2906837165355682,3.489447863103124e-06,2.6687584977480583e-05,0.0001182804626296,6.854597813799046e-07,6.653057880612323e-06,5.345450748706071e-09,0.5926887392997742,7.305207418539794e-06,0.7973110675811768,0.7668810486793518,0.0006718132062815,0.0928819105029106,2.342893240525612e-12,0.0108645325526595,1.4668113180960065e-05,1.6787962131559196e-09,0.98504376411438,6.250744627323002e-05,4.609589723258978e-07,0.0175016354769468,3.0180450266925615e-05,0.0002908746246248,1.2719616471201789e-08,0.0044319531880319,0.0001850970293162,0.9999998807907104,0.96369206905365,0.0031996231991797,1.0,2.99942058745728e-07,0.9999948740005492,0.9999245405197144,0.9998345375061036,0.0003535460855346,0.9099119901657104,0.9999995231628418,1.0209319611931279e-07,0.9999994039535522,0.4446879625320434,0.9872310757637024,0.998111128807068,0.0026335271541029,0.5753883123397827,3.053034015465528e-05,0.9999991655349731,0.7088100910186768,0.9999995231628418,0.9999997615814208,0.9994578957557678,0.9999850988388062,6.75079334655493e-08,0.9999818801879884,0.6193361282348633,4.254151463101152e-06,1.0,0.9850361347198486,0.0041856355965137,0.999992609024048,0.9469354152679444,0.9996069073677064,7.141962123569101e-05,0.9999910593032836,0.9867390394210817,0.8747871518135071,1.667223659751471e-05,1.2159454776394796e-08,0.9907681345939636,5.0806966273020387e-11,0.0038681135047227,0.0009035819093696,6.640158244408667e-05,1.2726362186299411e-08,3.101636593783041e-06,0.4513244032859802,2.2765300929095122e-12,0.0352073386311531,9.101777322939596e-07,4.735014954349026e-06,2.295544618391432e-05,2.686909965632367e-07,1.7830361684900708e-06,1.930573478858832e-09,0.1381903886795044,1.5137471791604185e-06,0.3406263589859009,0.2641392648220062,0.0001411619741702,0.0158157423138618,1.0542014310110925e-12,0.001587887876667,6.706926342303632e-06,6.574875643927668e-10,0.8934742212295532,1.498205165262334e-05,1.5621873217241958e-07,0.0025283666327595,7.19064928489388e-06,5.313970177667216e-05,4.305492407041811e-09,0.0006497811991721,5.335016612662002e-05,0.9809128642082214,1.805772444640752e-05,1.341674327193232e-08,0.9988571405410768,4.18645500210868e-11,0.0161379352211952,0.0029975946526974,0.000145960933878,1.1724677229096871e-08,4.295412054489134e-06,0.8529882431030273,1.860844377893356e-12,0.1609513759613037,1.1741527714548283e-06,7.1318959271593485e-06,3.484698027023114e-05,2.609214675430849e-07,1.9784554297075374e-06,1.824973727693191e-09,0.4989520907402038,2.1096188902447466e-06,0.7587639093399048,0.6972303986549377,0.0002322973450645,0.0606039464473724,9.54231810755546e-13,0.0047698770649731,5.786480869574007e-06,6.379677897072611e-10,0.9851223230361938,2.1187614038353782e-05,1.5052204105359126e-07,0.0082264626398682,9.16290628083516e-06,8.494977373629808e-05,4.092078231821006e-09,0.0021233612205833,6.190681597217917e-05,0.999988317489624,0.0611622333526611,1.1564251508389134e-05,0.9999995231628418,4.988993662635721e-09,0.9970138072967528,0.9558358788490297,0.7683688998222351,2.3297891402762616e-06,0.0076319831423461,0.9999324083328248,6.753065884268493e-10,0.9998111128807068,0.001641166396439,0.0443967469036579,0.2927922904491424,3.639344504335895e-05,0.003525520209223,2.517106452160079e-07,0.999862551689148,0.0021366022992879,0.9999393224716188,0.9999516010284424,0.6447713375091553,0.9965217113494872,4.1681880169619484e-10,0.98915034532547,0.0030665101949125,8.389120154106423e-08,0.9999934434890748,0.0435303747653961,2.976354517159052e-05,0.9952229857444764,0.0135105177760124,0.5846431851387024,6.842051902822277e-07,0.989319145679474,0.1043302938342094,0.937103033065796,3.880068106809631e-05,2.1298992791685123e-08,0.9938279986381532,1.1023699314494095e-10,0.0158084109425544,0.0028910911642014,0.0002725820231717,2.9494675146679583e-08,1.0563700016064104e-05,0.6887264847755432,0.1023093834519386,1.579557101649698e-05,6.634771125391126e-05,7.151736554078525e-07,4.780455583386356e-06,5.034216155053173e-09,0.2778059244155884,5.540484380617272e-06,0.5382844805717468,0.4578689932823181,0.0004404678475111,0.0379802770912647,0.0050550648011267,1.5327917935792357e-05,1.4913849044617675e-09,0.9406524896621704,4.969420479028486e-05,4.118986680623493e-07,0.0072581525892019,2.364188912906684e-05,0.0001772604009602,0.0020414751488715,0.0001551620225654,1.0,0.9999946355819702,1.0,1.0,1.0,1.0,1.0,1.0,1.0,1.0,1.0,1.0,1.0,1.0,1.0,1.0,1.0,1.0,1.0,1.0,1.0,1.0,1.0,1.0,0.999636173248291,0.0014937986852601,7.142610343180422e-07,0.9999864101409912,6.780001560180438e-10,0.7947185635566711,0.3242080807685852,0.0315777137875556,1.993511347109234e-07,0.0002561956644058,0.9978500604629515,6.494196153061793e-11,0.9855231046676636,8.287247328553349e-05,0.0008644158369861,0.0061451299116015,4.633196567738196e-06,0.0001248972694156,3.5996741587496224e-08,0.9941997528076172,8.555126987630501e-05,0.9977418184280396,0.9978355765342712,0.0214704014360904,0.8835256695747375,3.1980723624869256e-11,0.4824714660644531,0.0001486331166233,1.0906278546940484e-08,0.999806582927704,0.0009130912367254,2.754804654614418e-06,0.690965473651886,0.0003569221589714,0.0132917184382677,7.698362480823563e-08,0.4288444817066192,0.002744150115177,0.9999936819076538,0.8925489783287048,0.0021793458145111,0.9999997615814208,4.4016147171532793e-07,0.9996861219406128,0.9981616139411926,0.9955995082855223,0.0004191349435131,0.6566226482391357,0.9999724626541138,0.999968409538269,0.2178176194429397,0.9207767844200134,0.9850214123725892,0.0021424354054033,0.4243380725383758,3.679009387269616e-05,0.9999618530273438,0.3796433210372925,0.999981164932251,0.999985694885254,0.9921969175338744,0.9994195699691772,0.9991664886474608,0.2771067321300506,7.168006959545892e-06,0.9999974966049194,0.8787997961044312,0.005716876592487,0.9996612071990968,0.7483578324317932,0.992588758468628,0.9996292591094972,0.939778208732605,1.0,0.9999995231628418,0.999696969985962,1.0,1.0,1.0,1.0,0.998467981815338,0.9999996423721312,1.0,1.0,1.0,1.0,0.9985089898109436,0.9999961853027344,0.973530650138855,1.0,0.9999992847442628,1.0,1.0,1.0,1.0,1.0,0.9999951124191284,0.3409239053726196,1.0,0.9999997615814208,0.999706208705902,1.0,0.9999995231628418,1.0,1.0,0.9999997615814208,0.3372791707515716,1.3294136351760244e-06,1.1580187919690843e-09,0.8614637851715088,7.71264736104671e-12,0.0003902095486409,9.20466336538084e-05,8.023226655495819e-06,1.5335229752722055e-09,4.0050420579973444e-07,0.0687074139714241,2.474469468303348e-13,0.0022344263270497,7.826218961781707e-08,4.863235290031298e-07,2.06652180168021e-06,3.696978367884185e-08,1.609239035360588e-07,2.5907437306571524e-10,0.0098330909386277,2.1727537102833597e-07,0.034387994557619,0.0202005710452795,1.587296173966024e-05,0.0012579682515934,9.872936073285905e-14,0.0001608673046575,8.487941158819012e-07,1.0154248275551224e-10,0.3459087014198303,1.997720573854167e-06,2.0188760885275773e-08,0.0001972446189029,9.766644097908284e-07,6.5120129875140265e-06,5.554899318305218e-10,5.738124673371203e-05,7.081836429279065e-06,0.9999991655349731,0.6915326118469238,0.0002184277545893,1.0,4.6532726116765843e-08,0.9999240636825562,0.998460292816162,0.9951702952384948,2.933334872068372e-05,0.2506802082061767,0.9999954700469972,1.0470857070288277e-08,0.999992847442627,0.0468531139194965,0.7310794591903687,0.9616937041282654,0.0004326958442106,0.1000281497836113,3.200813353032572e-06,0.9999935626983644,0.0818202868103981,0.999996781349182,0.9999974966049194,0.9924748539924622,0.9998635053634644,6.759758086616331e-09,0.9997379183769226,0.1053964793682098,7.192824682533683e-07,0.9999995231628418,0.7378706932067871,0.0004004453658126,0.9998949766159058,0.3991203010082245,0.9898743629455566,7.178664873208618e-06,0.9998617172241212,0.8416026830673218,1.0,0.9983066320419312,0.1673895418643951,1.0,0.9999988079071044,0.9999895095825196,0.9999850988388062,0.0190381743013858,0.9967658519744872,0.9999998807907104,0.9999998807907104,0.9996459484100342,0.9999313354492188,0.0613326877355575,0.9814026951789856,0.0012322847032919,0.9999997615814208,0.9916713237762452,0.9999998807907104,0.9999998807907104,0.9999585151672364,0.9999969005584716,0.999996304512024,0.9802138209342957,0.0001277333503821,1.0,0.9993758797645568,0.1782826632261276,0.9999984502792358,0.9983373880386353,0.9999659061431884,0.9999988079071044,0.9992417097091676,0.9984993934631348,0.0001433593570254,9.989555138645301e-08,0.999926209449768,1.5942001885260734e-10,0.2790287733078003,0.0471408069133758,0.0024918660055845,4.456992286350214e-08,2.964994564536028e-05,0.988704264163971,9.444634310740163e-12,0.8655299544334412,9.952713298844174e-06,7.505728717660531e-05,0.0004457080212887,1.0573874078545489e-06,1.5225356946757527e-05,7.198731832858129e-09,0.9536028504371644,1.272096596949268e-05,0.9834735989570618,0.9831332564353944,0.0022528460249304,0.505918562412262,4.750256611674164e-12,0.0823765099048614,2.658511766640004e-05,2.4295081502145877e-09,0.9989153146743774,0.000131707987748,6.087055339776271e-07,0.156938761472702,5.0518439820734784e-05,0.001016606693156,1.7806737417913613e-08,0.0498424284160137,0.0003868241328746,0.9999995231628418,0.6922025680541992,0.0007276716642081,1.0,8.809566054424067e-08,0.9999724626541138,0.9998140931129456,0.9988694787025452,8.331628487212583e-05,0.6151765584945679,0.9999982118606568,2.3835321272258625e-08,0.999996781349182,0.1207048445940017,0.9008823037147522,0.9808061122894288,0.0013103118399158,0.180194616317749,7.970269507495686e-06,0.9999966621398926,0.2877541482448578,0.9999982118606568,0.9999988079071044,0.9946278929710388,0.9999555349349976,1.7113926276124403e-08,0.9999008178710938,0.1557470262050628,2.3700690690020565e-06,0.9999997615814208,0.8914636373519897,0.0012168694520369,0.9999531507492064,0.6831537485122681,0.996302366256714,2.868257070076652e-05,0.9999282360076904,0.8792784214019775,0.9999790191650392,0.0020859781652688,7.264699775078043e-07,0.9999986886978148,6.780906391945506e-10,0.9871376752853394,0.8482651710510254,0.2976056337356567,1.9884436142092454e-07,0.0006294021732173,0.9998838901519777,3.890351929491942e-11,0.9992269277572632,0.0001039724302245,0.00228932662867,0.0167573578655719,6.472449513239553e-06,0.0001342223840765,3.115561852951032e-08,0.9996935129165648,0.0002342838706681,0.9998644590377808,0.9998900890350342,0.1469781696796417,0.9936762452125548,2.6057982160931917e-11,0.9605286717414856,0.0002992284134961,1.2608913024791946e-08,0.999987244606018,0.0052648885175585,2.823259819706436e-06,0.9763154983520508,0.0011977655813097,0.1034897938370704,7.681157399019868e-08,0.9204180240631104,0.0089898416772484,0.999819815158844,0.6478422284126282,1.0,0.9999997615814208,0.9999992847442628,0.9998931884765624,1.0,1.0,0.9999794960021972,0.9999933242797852,0.9982640147209167,1.0,0.9996548891067504,1.0,1.0,0.9999961853027344,0.9999998807907104,1.0,0.999951958656311,0.9999998807907104,0.999881625175476,0.9999979734420776,0.9999998807907104,0.9999364614486694,0.9999200105667114,0.003073655301705,9.456392149331804e-07,0.9999959468841552,9.033878645148263e-10,0.9666038751602172,0.6224340200424194,0.1195797026157379,3.041017180294148e-07,0.0005116959800943,0.9995531439781188,6.116392115007585e-11,0.9972953200340272,0.0001153444391093,0.0016960590146481,0.0132173597812652,6.398868208634667e-06,0.000192465740838,4.0993143102241454e-08,0.9986300468444824,0.0001776631106622,0.9995243549346924,0.999549925327301,0.1023676395416259,0.9651107788085938,4.4484416150680766e-11,0.8757768869400024,0.0003454696852713,1.5645067463765372e-08,0.9999574422836304,0.0033970610238611,4.117693606531248e-06,0.9251065254211426,0.0010182360420003,0.0605654269456863,1.0910715531053938e-07,0.7790694832801819,0.0078928470611572,0.9999980926513672,0.5279844999313354,0.0004304920439608,0.9999998807907104,8.49797032742572e-08,0.9998248219490052,0.9981356859207152,0.9934839606285096,5.613060784526169e-05,0.318548172712326,0.9999897480010986,1.2767328527729662e-08,0.9999781847000122,0.0579762905836105,0.7272724509239197,0.945374310016632,0.0009996921289712,0.0851694419980049,6.133297119959025e-06,0.9999815225601196,0.111763559281826,0.9999898672103882,0.9999924898147584,0.9789555072784424,0.9997146725654602,9.008847001723552e-09,0.9993718266487122,0.0552717335522174,1.845349743234692e-06,0.9999990463256836,0.6723669171333313,0.0007514849421568,0.999670147895813,0.4555874168872833,0.9844265580177308,1.7653814211371355e-05,0.9996368885040284,0.716418445110321,0.5663314461708069,1.727944254525937e-05,1.1383460840619364e-10,2.0326313077134728e-08,6.564136469933146e-07,2.024097739194985e-05,1.7538785357373857e-07,6.667736363041853e-10,0.0006544040516018,4.290638116799528e-06,7.645606814321582e-09,4.687421153448668e-07,0.0080002536997199,7.06051120347162e-11,1.791774195680773e-07,1.1521576652739896e-06,0.0166292749345302,3.536315906771392e-09,8.158311333894726e-15,4.875581995493246e-16,0.3450911045074463,0.747308075428009,0.0006542263436131,1.504961005593941e-06,7.731293294455099e-07,1.3861831575923134e-05,0.0971232280135154,4.959490985072387e-15,0.0060884836129844,0.1798617243766784,0.0008255044813267,3.56375863930225e-07,3.586834163016306e-10,4.1169347930747335e-09,5.168612460693112e-06,1.6309810234815814e-05,0.0074113830924034,4.122562968084109e-12,0.999996304512024,0.4658504426479339,7.055807049738405e-09,2.675870518942247e-06,0.004033510107547,0.2901267409324646,0.0001735039259074,7.348267416773524e-08,0.99278062582016,0.009318433701992,5.85607494940632e-07,0.0023771240375936,0.9755414724349976,6.9212231501580845e-09,5.51681878278032e-05,0.000411406828789,0.9987025260925292,3.129644028376788e-06,5.091070794105423e-13,4.5335947723799264e-14,0.999991536140442,0.9999984502792358,0.9971272349357604,0.0012981793843209,0.0004468394326977,0.423338234424591,0.999954342842102,2.609386231394728e-13,0.9992777705192566,0.9999815225601196,0.9969388246536256,0.0001402635534759,2.7725025830704908e-08,3.734341476047121e-07,0.0120712760835886,0.2550643980503082,0.9995697140693665,4.215849336297594e-10,1.0,1.0,1.0,1.0,0.9999997615814208,1.0,1.0,1.0,1.0,0.999995231628418,0.9999403953552246,1.0,0.9999991655349731,1.0,1.0,1.0,0.9999992847442628,0.9999990463256836,1.0,1.0,1.0,1.0,1.0,0.9999979734420776,0.997365653514862,0.9998699426651,0.9999990463256836,1.0,1.0,0.2637967467308044,1.0,0.9999997615814208,0.9999957084655762,0.9999974966049194,1.0,0.9999921321868896,0.9999924898147584,0.9999974966049194,0.9961493015289308,0.9855048060417176,1.0,0.996593415737152,1.0,1.0,1.0,0.9997579455375672,0.999457061290741,0.9999997615814208,1.0,1.0,1.0,1.0,0.9995042085647584,0.5322181582450867,0.999830722808838,0.9999995231628418,1.0,0.0001356549910269,0.9999998807907104,0.9967702627182008,9.006703294289765e-08,0.000118205367471,0.5735066533088684,0.983740508556366,0.0393529310822486,2.241436504846206e-06,0.9999462366104126,0.6926760077476501,1.5255719517881516e-05,0.4457881152629852,0.998759150505066,1.5838234901366377e-07,0.0030850558541715,0.006126148160547,0.9999830722808838,0.0006378735997714,1.4254214128484044e-11,1.0114303058278429e-12,0.9999998807907104,1.0,0.9999843835830688,0.122525081038475,0.0343813449144363,0.9950236082077026,0.9999990463256836,3.1197713683261967e-12,0.9999933242797852,0.9999996423721312,0.9999825954437256,0.0112937530502676,6.256056508391339e-07,9.204954949382229e-06,0.4131811261177063,0.9916125535964966,0.9999947547912598,1.7978429411869e-08,0.999991536140442,0.3962853550910949,2.1208105493997212e-08,1.0694050615711603e-05,0.0048080570995807,0.1820359081029892,0.0006183626246638,2.0244179665951378e-07,0.986154854297638,0.0185489635914564,2.54912993113976e-06,0.0048847151920199,0.9794726371765136,2.5168921169438363e-08,0.0001922663650475,0.0013214935315772,0.9983038902282716,7.132161499612266e-06,1.7599650035948766e-12,1.8859775395042855e-13,0.9999802112579346,0.9999964237213136,0.991744101047516,0.0032886674162,0.0014672777615487,0.2850453555583954,0.999875545501709,5.834258315177976e-13,0.9975378513336182,0.999948024749756,0.9915381669998168,0.0003513389674481,6.41398116840719e-08,1.4363355376190157e-06,0.0256543420255184,0.2700059115886688,0.9989131689071656,1.189657261591037e-09,1.0,0.999968409538269,3.4106346902262885e-06,0.9972493052482604,0.99949049949646,0.8965374827384949,0.9999977350234984,0.9980328679084778,0.0012490822700783,0.9948431253433228,0.9998995065689088,7.72872954257764e-06,0.3206855356693268,0.319679707288742,0.9999990463256836,0.1632402241230011,5.232158595269708e-10,7.665033191495141e-11,1.0,1.0,0.9999992847442628,0.9236749410629272,0.816109836101532,0.9999390840530396,0.9999998807907104,0.9999994039535522,1.0,0.9999991655349731,0.7533109784126282,5.750904892920517e-05,0.0012051740195602,0.9723978638648988,0.9999241828918456,0.9999996423721312,1.1041374818887562e-06,1.0,1.0,0.9999988079071044,0.9999996423721312,1.0,0.9999971389770508,0.999997854232788,0.9999994039535522,0.9989410042762756,0.9948463439941406,1.0,0.9992484450340272,1.0,1.0,1.0,0.9999256134033204,0.9998401403427124,1.0,1.0,1.0,1.0,1.0,0.999805748462677,0.8234836459159851,0.9999494552612304,0.9999998807907104,1.0,0.0002586346818134,0.9999465942382812,0.0188690423965454,8.533647677388955e-10,3.459661570559547e-07,0.0001155717836809,0.0067730606533586,1.0182117875956465e-05,6.137070407419287e-09,0.8388873934745789,0.0005056994850747,1.0045940257441545e-07,9.965073695639148e-05,0.8237764835357666,5.542971637240156e-10,7.5371422099124175e-06,7.144953269744292e-05,0.9593057632446288,7.625803988275949e-08,4.0116500209632165e-14,2.686776861987616e-15,0.99987530708313,0.9999780654907228,0.8638614416122437,9.428973135072738e-05,4.533630271907896e-05,0.0152888856828212,0.9983779191970824,1.9997729600734763e-14,0.9752005934715272,0.9996362924575806,0.8599079251289368,9.67944743024418e-06,2.616603378413629e-09,4.960917721064106e-08,0.0011687524383887,0.0112441945821046,0.990352213382721,1.853442226085189e-11,0.9999979734420776,0.9617587327957152,1.1359975360392129e-07,5.341945507097989e-05,0.1572375893592834,0.8329966068267822,0.0068524661473929,1.8184477994509507e-06,0.998542070388794,0.2480202615261078,1.0488892257853877e-05,0.088808424770832,0.9938493371009828,1.4536117021179964e-07,0.0013662641867995,0.0035928804427385,0.9998407363891602,0.0001930794824147,1.5245766454841103e-11,1.4627374832210105e-12,0.9999958276748656,0.9999991655349731,0.999677300453186,0.0254820361733436,0.0117956046015024,0.9307093620300292,0.9999810457229614,4.515063670162967e-12,0.9998360872268676,0.9999914169311525,0.9996174573898317,0.0043319319374859,5.925431878495147e-07,7.152444140956504e-06,0.1297133713960647,0.9179002642631532,0.9998852014541626,1.657419801404103e-08,1.0,0.9999996423721312,0.9999949932098388,0.9999948740005492,0.99992835521698,1.0,0.9999933242797852,0.9999889135360718,0.9999972581863404,0.99929678440094,0.9879526495933532,1.0,0.9992295503616332,1.0,1.0,1.0,0.9998670816421508,0.9998785257339478,0.9999994039535522,1.0,1.0,1.0,1.0,0.999496340751648,0.3681049942970276,0.956045925617218,0.9998931884765624,0.9999992847442628,1.0,0.0019006261136382,1.0,0.9997228980064392,3.727502644323977e-07,0.0007270138594321,0.9547324776649476,0.9980302453041076,0.3470683693885803,1.4045842362975236e-05,0.9999948740005492,0.9640965461730956,9.575389412930237e-05,0.9157423973083496,0.9996137022972108,7.096189733601932e-07,0.0222200397402048,0.0567076466977596,0.999996781349182,0.0059341904707252,3.4832938616835556e-11,4.210661767173329e-12,1.0,1.0,0.9999982118606568,0.4810816347599029,0.1739028692245483,0.9995447993278505,0.9999997615814208,1.0882221339325591e-11,0.9999988079071044,0.9999998807907104,0.9999983310699464,0.1376983821392059,3.31722753799113e-06,4.7150486352620646e-05,0.8138279914855957,0.9992223978042604,0.9999991655349731,6.101067384634007e-08,0.997865617275238,0.0561644807457923,1.1858274717724274e-07,4.368897498352453e-05,0.0044584511779248,0.025253428146243,0.0010244406294077,1.910697619678104e-06,0.3220404684543609,0.0087378518655896,1.0049127013189718e-05,0.0037392459344118,0.4458708167076111,5.8042388673129615e-08,0.0003178898186888,9.676976333139464e-05,0.8973179459571838,5.994037928758189e-05,3.7513471495831396e-11,7.21288697172473e-13,0.99445903301239,0.9991039633750916,0.5764964818954468,0.0023201408330351,0.0013151936000213,0.0349321216344833,0.9685609936714172,6.442560460812041e-12,0.7904098629951477,0.9855183362960817,0.4838589131832123,0.0004043191729579,8.231982064899057e-07,6.459143151005264e-06,0.0047944979742169,0.0486464612185955,0.8957945704460144,1.468854815556142e-08,1.0,0.9999986886978148,0.9999827146530152,0.9999791383743286,0.9997921586036682,0.9999998807907104,0.999964952468872,0.999964475631714,0.999993085861206,0.9973061084747314,0.9927313923835754,0.9999997615814208,0.9994232654571532,1.0,1.0,0.9999998807907104,0.999247670173645,0.9993749260902404,0.9999988079071044,1.0,0.9999998807907104,1.0,0.9999998807907104,0.9992196559906006,0.5460616946220398,0.9350206851959229,0.9997854828834534,0.9999972581863404,1.0,0.1103517860174179,0.9999998807907104,0.9993482232093812,2.75081720246817e-06,0.0044220821000635,0.9635886549949646,0.996181845664978,0.5637987852096558,0.0001335790002485,0.9999395608901978,0.9583163857460022,0.0004206084704492,0.9504957795143129,0.998808979988098,3.896963789884467e-06,0.0595829635858535,0.0376059859991073,0.999987006187439,0.0391733534634113,6.021074749895661e-10,2.849669979154701e-11,0.9999997615814208,1.0,0.999985933303833,0.68692946434021,0.3162930011749267,0.9986122846603394,0.9999985694885254,1.0657790622259355e-10,0.9999902248382568,0.9999992847442628,0.9999821186065674,0.2364256531000137,3.17493686452508e-05,0.0003073361003771,0.772497832775116,0.9987782835960388,0.999995231628418,7.479318924197287e-07,0.9999998807907104,0.9998408555984496,0.0001241096906596,0.1560192555189132,0.9971193075180054,0.997846245765686,0.9456198811531068,0.0059417365118861,0.999982476234436,0.9965762495994568,0.0210014674812555,0.9915075302124025,0.9997803568840028,0.00011133467342,0.714408278465271,0.6117257475852966,0.999990463256836,0.4035875201225281,2.1495049296049732e-08,2.5751916155059007e-09,0.9999997615814208,0.9999998807907104,0.9999942779541016,0.9153149724006652,0.9462112188339232,0.9997707009315492,0.9999988079071044,2.835381485155608e-09,0.9999947547912598,0.9999994039535522,0.9999932050704956,0.8879333138465881,0.0009260984370484,0.0273594353348016,0.9870174527168274,0.9996973276138306,0.9999954700469972,1.803626582841389e-05,0.9950132966041564,0.0136443423107266,2.3989937147916865e-08,5.64600532015902e-06,0.0003630286082625,0.0042359777726233,5.971569771645591e-05,2.458922097048344e-07,0.2261649966239929,0.001551475492306,1.629155917726166e-06,0.0002053173375315,0.404815673828125,2.2374431196681144e-08,6.534669228130952e-05,0.0001156788421212,0.7264440059661865,1.8609424614624004e-06,3.1842842165147327e-12,1.8708901886477921e-13,0.9905835390090942,0.9981511235237122,0.4971580803394317,0.0004018790496047,0.0003169450501445,0.0122595531865954,0.93983793258667,1.0901826316689345e-12,0.7363898158073425,0.9780566692352296,0.4524961113929748,9.117653098655865e-05,1.0320407284325485e-07,1.3777320191366016e-06,0.0011710178805515,0.0089852539822459,0.7434956431388855,2.648265384763704e-09,1.0,0.9999997615814208,0.0001006893289741,0.6990811228752136,0.9999823570251464,0.9999974966049194,0.9995434880256652,0.047515645623207,1.0,0.9999780654907228,0.1423100680112838,0.9999748468399048,0.99999737739563,9.113532723858953e-05,0.9799403548240662,0.991198718547821,1.0,0.9778361320495604,5.955528958878631e-09,6.03414707089911e-10,1.0,1.0,1.0,0.9991927742958068,0.9974742531776428,0.9999997615814208,1.0,3.124842606894162e-10,1.0,1.0,1.0,0.9986913800239564,0.0049646333791315,0.1445898413658142,0.9996140599250792,0.9999992847442628,1.0,1.5653517039027065e-05,1.0,1.0,1.0,1.0,1.0,1.0,1.0,1.0,1.0,1.0,1.0,1.0,1.0,1.0,1.0,1.0,1.0,1.0,1.0,1.0,1.0,1.0,1.0,1.0,0.9999960660934448,0.9999997615814208,1.0,1.0,1.0,0.9928314685821532,1.0,1.0,1.0,1.0,1.0,1.0,1.0,1.0,1.0,1.0,1.0,1.0,1.0,1.0,1.0,1.0,1.0,1.0,1.0,1.0,1.0,1.0,1.0,1.0,0.99999737739563,0.9999997615814208,1.0,1.0,1.0,0.995660960674286,0.7954443097114563,4.339151564636268e-05,1.9165243003715915e-10,3.622728073082726e-08,1.6179274098249152e-06,4.892095967079513e-05,3.808339670285932e-07,1.2882929167901123e-09,0.0018137091537937,9.100813258555718e-06,1.3408531174263773e-08,1.1503121868372546e-06,0.0256646256893873,1.1819802081536324e-10,3.863147526317335e-07,2.7938133371208096e-06,0.049381747841835,7.037018079358859e-09,1.3938874976937491e-14,7.825053949973165e-16,0.6063175201416016,0.8958020806312561,0.0019158178474754,3.008658950420795e-06,1.6207364978981786e-06,3.4126333048334345e-05,0.2449737936258316,8.098004282116114e-15,0.0195063352584838,0.3920644521713257,0.0025346579495817,7.913978947726719e-07,6.519579320851675e-10,7.196576667922727e-09,1.4242477845982648e-05,4.2601084714988247e-05,0.0192987099289894,6.4541466789080895e-12,0.3542906641960144,7.0934688665147405e-06,4.460820948737343e-11,7.708262472760907e-09,2.914246977070434e-07,8.427195098192897e-06,6.961075627032187e-08,2.7052907136670967e-10,0.0002908779424615,1.8137299093723411e-06,3.076932264534093e-09,2.1622362567086387e-07,0.0032840208150446,2.6995265398066515e-11,7.301130011683199e-08,6.526552738250757e-07,0.006881421431899,1.4203180853655795e-09,3.116311504705008e-15,1.550502412627367e-16,0.183438554406166,0.5418905019760132,0.0002493585052434,5.850766342518909e-07,3.030198740816559e-07,6.571335234184517e-06,0.0427498780190944,1.897869221398037e-15,0.0023788725957274,0.0839248523116111,0.0003334707289468,1.565937282066443e-07,1.401015137236783e-10,1.6055954343840995e-09,2.1571190700342413e-06,6.65123025100911e-06,0.0031944212969392,1.2320610026997358e-12,0.9998346567153932,0.0122651103883981,1.7420465070472344e-09,4.510596909312881e-07,0.0001085103722289,0.0089531820267438,9.263306310458574e-06,1.7283785069821533e-08,0.6484909653663635,0.000343544059433,1.3426387113213425e-07,6.83300822856836e-05,0.7675222158432007,1.6302796890244051e-09,6.297254458331736e-06,8.510796033078805e-05,0.949998676776886,2.3415071837007417e-07,1.3298544665647782e-13,9.73966763630988e-15,0.9996261596679688,0.9999405145645142,0.7966935634613037,6.38207420706749e-05,3.93132540921215e-05,0.0109862638637423,0.997437596321106,7.15549649155274e-14,0.9490700364112854,0.9991090893745422,0.7750502228736877,1.938713285198901e-05,6.742374658585959e-09,6.982218536677466e-08,0.0007942283991724,0.0058072269894182,0.9716446995735168,9.222177188572543e-11,0.9999995231628418,0.9964364767074584,5.617699798676767e-07,0.0009141527698375,0.7559200525283813,0.9723902940750122,0.1495738178491592,2.7188854801352136e-05,0.9999016523361206,0.8525773882865906,9.693480387795717e-05,0.642474889755249,0.997218370437622,1.0979883882100694e-06,0.0139389485120773,0.0573709271848201,0.999964475631714,0.0054405746050179,1.0345383577581302e-10,1.0808002062767663e-11,0.9999991655349731,0.9999997615814208,0.9999608993530272,0.1956375688314438,0.1192869022488594,0.9949303269386292,0.9999957084655762,1.8684633701360198e-11,0.9999723434448242,0.9999980926513672,0.9999598264694214,0.0978409498929977,5.509323727892479e-06,0.0001143945410149,0.4228256940841675,0.9915760159492492,0.9999791383743286,1.1480977235578393e-07,0.9999997615814208,0.998828947544098,1.4678556681246846e-06,0.0018178913742303,0.931950867176056,0.990400493144989,0.3614167273044586,5.305767263052985e-05,0.9998812675476074,0.946516215801239,0.0001892092404887,0.8865922689437866,0.9984857439994812,1.5756970697111683e-06,0.0398840270936489,0.0173269566148519,0.999977707862854,0.0142101887613534,3.1686259172047926e-10,1.532611884624835e-11,0.9999994039535522,0.9999998807907104,0.9999760389328004,0.487608402967453,0.2396812587976455,0.9968679547309875,0.9999970197677612,6.20109658067136e-11,0.9999827146530152,0.9999986886978148,0.9999642372131348,0.1036674752831459,1.5162397176027298e-05,0.000178509086254,0.7427581548690796,0.9975951313972472,0.9999896287918092,3.764075415801927e-07,0.9999567270278932,0.0174542814493179,1.3345325955427254e-09,3.908394319296349e-07,8.76554986461997e-05,0.0104098562151193,1.3582397514255716e-05,1.122534332154146e-08,0.8016000390052795,0.0006012144731357,1.2620984080058406e-07,8.22891088319011e-05,0.8829479813575745,1.0936060945709871e-09,8.948652975959703e-06,8.566449105273932e-05,0.97971111536026,1.0871018929492493e-07,7.040705231288123e-14,5.159140462388488e-15,0.9998912811279296,0.9999842643737792,0.8765494227409363,0.0001158776722149,4.758806971949525e-05,0.0113494070246815,0.9991177916526794,3.6483596227649204e-14,0.9784350395202636,0.9996895790100098,0.8815876245498657,1.2884546777058858e-05,4.429531408334242e-09,6.954002174097695e-08,0.0013964303070679,0.0111086945980787,0.9896093606948853,3.9833310261361277e-11,0.8452218770980835,0.0003190124989487,3.6105649581230637e-09,6.042998279554013e-07,1.2459799108910374e-05,0.0001572874025441,3.766973577512545e-06,2.4862176317697052e-08,0.0042775422334671,7.642355922143906e-05,2.251184980650578e-07,1.153036646428518e-05,0.0401361137628555,2.0743498030384444e-09,5.632179181702668e-06,7.63270872994326e-06,0.1077502965927124,1.217488261318067e-07,4.735454107833438e-13,1.585748168246668e-14,0.6777348518371582,0.9283143877983092,0.0100388871505856,3.6072724469704553e-05,2.028664130193647e-05,0.0002725056547205,0.3431768417358398,1.7147603324253746e-13,0.0496551245450973,0.4890684187412262,0.0088786240667104,5.477596914715832e-06,1.452825326708762e-08,1.710918411390594e-07,7.172238838393241e-05,0.000304799497826,0.0388990826904773,1.96100455318593e-10,1.0,1.0,1.0,1.0,1.0,1.0,1.0,1.0,1.0,1.0,1.0,1.0,1.0,1.0,1.0,1.0,1.0,1.0,1.0,1.0,1.0,1.0,1.0,1.0,1.0,1.0,1.0,0.9999746084213256,0.9992164373397828,0.0043002269230782,1.945054783902833e-09,4.7144453674263787e-07,5.951559069217183e-05,0.0035135559737682,7.251435363286873e-06,1.7490691561761196e-08,0.2746858894824981,0.000223051130888,1.431154572628657e-07,3.541274054441601e-05,0.6109104156494141,1.8454754391328263e-09,5.893168690818129e-06,5.12512015120592e-05,0.889255702495575,1.368567694726153e-07,1.6724680451316034e-13,1.2054580729068624e-14,0.9980186223983764,0.9997286200523376,0.4806412160396576,5.6545151892350987e-05,2.9997094316058792e-05,0.0034172271843999,0.9885713458061218,8.809102671489614e-14,0.8042014837265015,0.9951183795928956,0.4484398365020752,1.612628693692386e-05,7.861493678262832e-09,7.979542715474963e-08,0.0003991084231529,0.0030809799209237,0.8931388258934021,1.0803906380640882e-10,0.9004237651824951,8.224706107284874e-05,3.3359337514582416e-10,6.530874685495291e-08,2.5980905320466263e-06,8.78813152667135e-05,5.950490162831557e-07,2.146189670426679e-09,0.0031182188540697,1.5248663657985162e-05,2.3137218363444845e-08,1.815602445276454e-06,0.0512271448969841,2.3194060561060326e-10,6.004061674502736e-07,4.064337645104388e-06,0.1069089472293853,1.1399115429355788e-08,2.463979541234007e-14,1.5751785734934736e-15,0.7680990099906921,0.9604459404945374,0.0040396079421043,5.078038611827651e-06,2.7143726128997514e-06,5.6472828873666e-05,0.459235817193985,1.5114726961348857e-14,0.037062581628561,0.5920853018760681,0.0052211061120033,1.3328780141819152e-06,1.1669966104577154e-09,1.2264224302782624e-08,2.13509574678028e-05,8.013735350687057e-05,0.0431615002453327,1.348921061655739e-11,0.9997435212135316,0.009460755623877,2.281732802700276e-09,6.272622954384133e-07,0.000113715250336,0.0076463515870273,1.1947880921070464e-05,1.9944007334515845e-08,0.4889309704303741,0.0004119908262509,1.805489517892056e-07,6.514622509712353e-05,0.8325180411338806,1.850032238515098e-09,1.0548829777690116e-05,7.980440568644553e-05,0.9435427188873292,2.256526414612381e-07,1.7489777529890174e-13,1.1110072924310191e-14,0.9992939233779908,0.9998996257781982,0.7125170230865479,0.0001142437904491,5.62309542146977e-05,0.0075352103449404,0.9963022470474244,9.073334938198772e-14,0.928266704082489,0.9984966516494752,0.6857451796531677,2.2252972485148348e-05,8.994630817937832e-09,1.0206106537680173e-07,0.0010380301391705,0.0066085052676498,0.94496750831604,1.017965156613343e-10,0.9999998807907104,0.999599277973175,8.94245931704063e-06,0.0091806026175618,0.9798457026481628,0.9948963522911072,0.5566565990447998,0.0003035082481801,0.9999771118164062,0.9756196737289428,0.0013204549904912,0.9538021683692932,0.9996201992034912,8.863050425134134e-06,0.1648435294628143,0.2348937392234802,0.9999830722808838,0.0294679701328277,8.628000536248236e-10,8.613739582719049e-11,0.9999997615814208,1.0,0.9999924898147584,0.5688368678092957,0.6105061173439026,0.9995904564857484,0.9999988079071044,1.9927522132423547e-10,0.9999951124191284,0.9999995231628418,0.9999911785125732,0.4190404415130615,3.996950908913277e-05,0.0011722567724063,0.9404723644256592,0.9988932013511658,0.9999949932098388,9.560036460243282e-07,1.0,1.0,0.0641821399331092,0.9999998807907104,1.0,0.9999982118606568,1.0,0.9999997615814208,0.986525535583496,0.9999998807907104,0.9999997615814208,0.0145595045760273,0.9999228715896606,0.99972802400589,1.0,0.9999876022338868,6.097872301324969e-06,2.622356021220185e-07,1.0,1.0,1.0,0.999993085861206,0.9999868869781494,1.0,1.0,1.0,1.0,1.0,0.999991774559021,0.8513416647911072,0.9925138354301452,0.9999934434890748,1.0,1.0,0.0105229476466774,1.0,0.9999996423721312,0.0016034219879657,0.960308313369751,0.9999953508377076,0.9999970197677612,0.9998834133148192,0.4274296462535858,1.0,0.9999912977218628,0.5199251770973206,0.9999903440475464,0.9999939203262328,0.0007467145915143,0.9975734353065492,0.968917191028595,1.0,0.9980767965316772,2.869273885153234e-07,1.2422857409433163e-08,1.0,1.0,1.0,0.9998021721839904,0.999625563621521,0.9999995231628418,1.0,1.5914583428866536e-08,1.0,1.0,1.0,0.9993867874145508,0.0787578001618385,0.7153310179710388,0.999804437160492,0.9999992847442628,1.0,0.0003904376353602,0.9999986886978148,0.9853034019470216,3.4889058042608667e-06,0.0027618268504738,0.6606588959693909,0.9343622326850892,0.1583221554756164,8.740909834159538e-05,0.9986529350280762,0.69130539894104,0.0004280250286683,0.5884639024734497,0.9958356618881226,1.90899277185963e-06,0.0215107798576354,0.0063342652283608,0.9998466968536376,0.0083507187664508,7.658972900337345e-10,1.9772961046271572e-11,0.9999970197677612,0.9999994039535522,0.9997053742408752,0.2410353273153305,0.1088829934597015,0.9568313360214232,0.9999799728393556,1.496827245484056e-10,0.9998676776885986,0.9999927282333374,0.9996054768562316,0.043241374194622,2.730463893385604e-05,0.0002832825994119,0.446187824010849,0.9761648178100586,0.9999258518218994,4.919439788864111e-07,0.9999970197677612,0.7906543016433716,2.2086572570856333e-08,8.683919077157043e-06,0.016860257834196,0.5341073870658875,0.0007565027917735,2.460953680838429e-07,0.9959030747413636,0.0383951552212238,1.7516803154649097e-06,0.0089680105447769,0.9883363842964172,2.649524510900392e-08,0.0001917243062052,0.0009483203757554,0.9995914101600648,1.4721886145707686e-05,1.918658374538973e-12,1.9698184869267749e-13,0.9999932050704956,0.9999988079071044,0.9988669157028198,0.003917699214071,0.0014752221759408,0.7089865207672119,0.9999746084213256,8.849574718861053e-13,0.999612271785736,0.999986171722412,0.9987277388572692,0.0005048750899732,9.530808853241981e-08,1.266588014914305e-06,0.0323525927960872,0.6017394065856934,0.9997203946113586,2.109606045408441e-09,0.9951336979866028,0.0004602358967531,3.3767247331617506e-10,7.201933982514674e-08,6.663134627160616e-06,0.000195359258214,1.489058263359766e-06,1.9382884186569527e-09,0.0527134276926517,5.80408850510139e-05,2.7892953724517614e-08,5.3115309128770605e-06,0.164400115609169,2.9912700094669726e-10,1.1374756923032692e-06,1.077021806850098e-05,0.5088797211647034,1.3909225771158162e-08,1.5959918458975826e-14,1.3298531621340397e-15,0.9876740574836732,0.9980364441871644,0.0491890422999858,1.073263047146611e-05,5.481620974023826e-06,0.0002680270699784,0.8976538777351379,7.661977131858018e-15,0.2752789556980133,0.9591641426086426,0.0585819222033023,1.9489975784381386e-06,7.317322858746421e-10,1.3983227908909155e-08,8.289934339700267e-05,0.0003925331984646,0.3985267877578735,9.518655828821831e-12,1.0,1.0,0.4414139688014984,0.9992689490318298,0.9999997615814208,0.9999998807907104,0.9999960660934448,0.9963951706886292,1.0,0.9999995231628418,0.994190752506256,0.9999996423721312,0.9999998807907104,0.1729999631643295,0.9998834133148192,0.9998680353164672,1.0,0.9999891519546508,0.0028385049663484,0.0011269447859376,1.0,1.0,1.0,0.9999837875366212,0.999976634979248,1.0,1.0,1.852722380135674e-05,1.0,1.0,1.0,0.9999885559082032,0.9446810483932496,0.9966078996658324,0.999994158744812,1.0,1.0,0.4536311030387878,0.7411066889762878,1.1846772167700692e-06,5.2206104328433867e-08,0.0622406750917434,3.350451513450814e-11,0.0801224559545517,6.24424956185976e-08,0.9999996423721312,0.9983824491500854,0.2013826668262481,0.0579204186797142,7.91152388046612e-09,0.0049324473366141,1.230835732712876e-05,0.0020428174175322,1.559617703605909e-05,2.022230000875425e-05,6.344626513055118e-08,0.0007850511465221,0.0562249347567558,0.0034755426459014,0.9920724034309388,7.566614002030292e-09,0.0011249973904341,1.6009265310992782e-12,0.9276140928268432,0.3359415829181671,0.980745792388916,1.8441940483171493e-05,0.0164559464901685,0.9951187372207642,0.0001471477735321,1.4438339235312014e-07,1.0929518339253264e-06,0.0992103293538093,0.0731740370392799,0.0261639766395092,3.1671637534813607e-10,0.9999998807907104,0.8920072913169861,0.1334196627140045,0.9999980926513672,1.6356523701688275e-05,0.9999996423721312,0.2773594260215759,1.0,1.0,0.9999997615814208,0.9999964237213136,0.0120850848034024,0.9999969005584716,0.982628583908081,0.9999651908874512,0.9997356534004213,0.9994410872459412,0.1538373529911041,0.9999845027923584,0.9999986886978148,0.9999964237213136,0.9999998807907104,0.0068719736300408,0.9999765157699584,3.977175765612628e-06,1.0,0.9999997615814208,1.0,0.9993765950202942,0.9999951124191284,1.0,0.9998719692230223,0.4533281922340393,0.9862536191940308,0.9999996423721312,0.9999997615814208,0.9999986886978148,0.0009075297857634,1.0,0.9842402935028076,0.502085268497467,0.9999998807907104,9.28507070057094e-05,1.0,1.0,1.0,1.0,0.9999996423721312,0.0775003731250763,0.9999997615814208,0.9972648620605468,0.999995231628418,0.9999843835830688,0.9999208450317384,0.999998927116394,0.9999998807907104,0.9999997615814208,1.0,0.04256297275424,0.999997854232788,1.0,1.0,1.0,0.9999346733093262,0.9999995231628418,1.0,0.9999905824661256,0.8607872128486633,0.9986836314201356,1.0,1.0,0.9999998807907104,0.0077238599769771,0.99435955286026,2.658810990396887e-05,1.2790042092092335e-06,0.8054515719413757,7.523007217180576e-10,0.8871535062789917,1.5047398846945723e-06,1.0,0.9999653100967408,0.95848149061203,0.7700748443603516,1.444789887727893e-07,0.2776157557964325,0.0002807655837386,0.0769070908427238,0.0007626030128449,0.0009971983963623,1.4753245523024816e-06,0.0568105392158031,0.8127139210700989,0.2257693409919738,0.9996684789657592,1.2959822015545797e-07,0.067942202091217,5.012012679883604e-11,0.9987334609031676,0.9715256094932556,0.9993717074394226,0.0007404072093777,0.4630711376667022,0.9998352527618408,0.0065925130620598,3.151661076117307e-06,4.151023313170299e-05,0.9030980467796326,0.8979575634002686,0.6708231568336487,1.0121928184503304e-08,1.0,1.0,0.9999997615814208,1.0,1.0,1.0,1.0,1.0,1.0,0.9999983310699464,1.0,1.0,1.0,1.0,1.0,1.0,1.0,1.0,1.0,0.9999884366989136,1.0,1.0,1.0,1.0,1.0,1.0,1.0,1.0,0.9999998807907104,1.0,1.0,1.0,1.0,0.9999890327453612,0.9886873960494996,3.996303803432966e-06,1.324610536812543e-07,0.5821710824966431,6.842577199295263e-11,0.6059431433677673,1.7822068798523105e-07,1.0,0.9999535083770752,0.838223397731781,0.4721399247646332,2.4668933562566053e-08,0.0695289894938469,5.244396015768871e-05,0.0148139558732509,5.422029425972141e-05,6.091978139011189e-05,1.597837098188393e-07,0.0038389244582504,0.6416130661964417,0.044323194772005,0.9993498921394348,2.1025250873663023e-08,0.0070937275886535,3.6069866711507803e-12,0.9976879358291626,0.9333323240280152,0.999007284641266,7.616433140356094e-05,0.2231010347604751,0.9997496008872986,0.001028373488225,4.699789144524402e-07,2.5718220513226697e-06,0.659135639667511,0.3992802500724792,0.2571983635425567,7.136441992905417e-10,1.0,0.9989088773727416,1.0,1.0,1.0,1.0,1.0,1.0,1.0,0.9999995231628418,0.999998927116394,0.9999924898147584,0.9999998807907104,1.0,1.0,1.0,0.9999997615814208,1.0,1.0,1.0,0.9999942779541016,1.0,1.0,0.9999992847442628,1.0,1.0,1.0,0.0976374596357345,8.357529424074529e-08,5.966966829494548e-13,2.5396261902808047e-14,6.588323664402651e-09,1.7439610981855546e-17,2.6769129135573166e-09,3.24867730102079e-14,0.0082303471863269,5.11376265421859e-06,7.142942237692296e-09,5.3774278363505346e-09,4.5032476994621716e-15,6.998264745483596e-10,6.830837978588633e-12,5.394251156864982e-10,2.4750180203925165e-12,5.135683545098857e-12,3.3105283244556575e-14,1.0882143797186215e-10,8.949316843143151e-09,4.882995119359633e-10,4.7512630771962e-06,3.948353451100565e-15,1.6159266980064754e-10,5.379975466214532e-19,2.47058295599345e-07,2.3263288184693923e-08,1.5489590623474214e-06,5.919800673964693e-12,2.559765954757154e-09,3.4922945815196726e-06,3.7623321125224145e-11,7.923902419632035e-14,5.619084299419985e-13,4.252516117020377e-09,2.469415338879344e-09,1.3817937905002962e-09,2.746106788469676e-17,0.0081044863909482,2.0570857017787606e-08,7.819139224984895e-10,0.0002971182402689,5.453417123262029e-13,0.000140215808642,9.071865481047323e-10,0.9998809099197388,0.5833256840705872,0.0005431217141449,0.0002851009194273,1.338472943590574e-10,3.419755012146197e-05,2.0878594853002141e-07,1.894519300549291e-05,1.125235726817664e-07,1.5287261589946868e-07,1.1396610322123022e-09,4.585191618389217e-06,0.0003828002663794,2.0482984837144613e-05,0.4080812633037567,1.3337557447368198e-10,8.879784218152054e-06,1.1208235572567494e-14,0.0331988185644149,0.0016182707622647,0.1739557385444641,2.5550363602633297e-07,0.0001104187394957,0.3666352331638336,1.5601416407662327e-06,2.441199908886915e-09,1.7014430753192755e-08,0.0002669816603884,0.000153780580149,7.956200715852901e-05,2.014041494344254e-12,0.840313196182251,6.809218007219897e-07,3.0702913988989167e-08,0.0771618112921714,1.494347527664086e-11,0.0997994616627693,3.6646902401571424e-08,0.9999997615814208,0.9993357062339784,0.1921315193176269,0.0561237931251525,5.394757973675723e-09,0.0045192623510956,1.0279107300448231e-05,0.0015491356607526,6.627461061725626e-06,1.046148008754244e-05,2.9004910473418025e-08,0.0005215528071857,0.0805056095123291,0.0028955140151083,0.9928675889968872,3.6508400746981806e-09,0.0009683116804808,1.0209683575998496e-12,0.9608957171440125,0.4816101193428039,0.9869269728660583,9.596934432920534e-06,0.0182876642793416,0.9969304203987122,0.0001079455541912,9.778157306072901e-08,6.36889978977706e-07,0.0890643373131752,0.051051452755928,0.0186942685395479,1.2007196625862804e-10,0.976962685585022,4.829808858630713e-06,1.9407481488542547e-07,0.4333354532718658,1.0458012233982572e-10,0.4321634173393249,2.3378368041449e-07,1.0,0.9998946189880372,0.723167896270752,0.3287396430969238,3.006619664347454e-08,0.0612390413880348,6.466289778472856e-05,0.0143516734242439,9.759071690496056e-05,8.90286173671484e-05,2.7002266733688884e-07,0.0060837180353701,0.4959784150123596,0.0422040447592735,0.9982612729072572,2.74942628664121e-08,0.0096070701256394,6.308184877235057e-12,0.9948828220367432,0.8813165426254272,0.997669517993927,0.0001239970588358,0.1563152521848678,0.9993208646774292,0.0012990185059607,5.894394234928768e-07,5.213523309066659e-06,0.5355623364448547,0.4068346321582794,0.2027747482061386,1.0872251987592563e-09,1.0,0.9987589120864868,0.9544276595115662,1.0,0.0011345921084284,1.0,1.0,1.0,1.0,1.0,0.5913493633270264,1.0,0.9997335076332092,0.9999992847442628,0.9999986886978148,0.999992847442627,0.9999997615814208,1.0,1.0,1.0,0.4232929050922394,0.9999996423721312,0.0005461366963572,1.0,1.0,1.0,0.9999932050704956,0.9999998807907104,1.0,0.9999984502792358,0.99028742313385,0.9999300241470336,1.0,1.0,1.0,0.11774143576622,0.949399471282959,1.9464475826680427e-06,8.330489720265177e-08,0.2569780647754669,6.984045980429343e-11,0.3936879336833954,1.0711056575019029e-07,0.9999998807907104,0.9997267127037048,0.6237664222717285,0.2083278596401214,1.0320540866359806e-08,0.0250241179019212,3.006631413882133e-05,0.00762320170179,5.825997868669219e-05,5.461385808303021e-05,1.103425404380687e-07,0.0045211678370833,0.2546378076076507,0.0167532637715339,0.9984332919120787,1.1230525842620407e-08,0.0044564218260347,3.1991687944599168e-12,0.9882407188415528,0.7702276110649109,0.9969173669815063,6.0698734159814194e-05,0.0668721497058868,0.9991983771324158,0.0004969436558894,2.2299244051282585e-07,3.586941375033348e-06,0.4110614359378814,0.3563801348209381,0.0949851274490356,7.784675126742967e-10,0.9999966621398926,0.1086713895201683,0.0036495048552751,0.9999226331710817,8.930578019317181e-07,0.9999768733978271,1.0,1.0,0.9999901056289672,0.9998605251312256,0.0003509944945108,0.9997209906578064,0.4105530977249145,0.9977184534072876,0.955109477043152,0.950616180896759,0.9985365867614746,0.9999518394470216,0.9997621178627014,0.999996781349182,0.0002515911182854,0.9984320998191832,0.9999990463256836,0.9999895095825196,0.9999988079071044,0.9293782711029052,0.9997785687446594,0.9999997615814208,0.9870538115501404,0.0159563515335321,0.2334425896406173,0.9999825954437256,0.9999828338623048,0.9999394416809082,2.5292529244325124e-05,0.9999098777770996,0.0029476252384483,0.0001341613387921,0.9967932105064392,5.1451159777116124e-08,0.9991042017936708,0.0002526362659409,1.0,0.9999991655349731,0.9995917677879332,0.9955303072929382,1.1472420737845823e-05,0.9861400127410888,0.0243362188339233,0.9091514945030212,0.2679299116134643,0.2823515236377716,0.0001459331106161,0.9553332924842834,0.9978739023208618,0.986581325531006,0.99996018409729,8.464559869025834e-06,0.951360523700714,6.875080060808614e-09,0.9999756813049316,0.9996569156646729,0.9999796152114868,0.2202173173427581,0.9890413880348206,0.9999955892562866,0.5966272354125977,0.0004855231381952,0.0101155182346701,0.9992130994796752,0.9994990825653076,0.9966195821762084,1.1294529258520924e-06,0.9999990463256836,0.023599162697792,0.0004073837480973,0.9999678134918212,1.0243473269611061e-07,0.9999945163726808,0.000876867736224,1.0,1.0,0.9999960660934448,0.9999029636383056,3.122387715848163e-05,0.9998879432678224,0.1885046511888504,0.9978654980659484,0.9142247438430786,0.8394830822944641,0.0005656874855048,0.999184548854828,0.9999724626541138,0.9998466968536376,0.9999992847442628,2.391639100096654e-05,0.9982567429542542,1.7261974960547377e-08,0.9999996423721312,0.9999972581863404,0.9999996423721312,0.8209417462348938,0.9998685121536256,0.9999998807907104,0.9870310425758362,0.0018787635490298,0.1254778653383255,0.9999939203262328,0.9999953508377076,0.999943733215332,3.4666377359826583e-06,0.9999955892562866,0.0036579116713255,0.0001133919140556,0.999701201915741,6.079472569808786e-08,0.9999645948410034,0.0002076911041513,1.0,1.0,0.9999690055847168,0.9991843104362488,1.0000275324273389e-05,0.9990206956863404,0.0378786586225032,0.9736581444740297,0.6326102614402771,0.3919609785079956,0.0001856215967563,0.9923326969146729,0.9997870326042176,0.9983624815940856,0.9999970197677612,1.2095451893401332e-05,0.9835002422332764,1.3296854284305937e-08,0.9999986886978148,0.9999842643737792,0.9999986886978148,0.379058301448822,0.9987521171569824,0.9999997615814208,0.8802283406257629,0.0003601573407649,0.0274967346340417,0.999956488609314,0.9999730587005616,0.9992862343788148,2.061142822640249e-06,1.0,0.9850558042526244,0.9999997615814208,1.0,1.0,1.0,1.0,0.9999995231628418,0.9999997615814208,0.9999940395355223,0.9999790191650392,0.9999020099639891,0.9999984502792358,0.9999997615814208,0.9999995231628418,1.0,0.999996781349182,1.0,1.0,1.0,0.9999154806137084,0.9999992847442628,1.0,0.999985933303833,1.0,1.0,0.9999997615814208,0.0066002709791064,0.9998749494552612,2.740303534665145e-05,7.035288831502839e-07,0.9837144017219543,3.9719150191075404e-10,0.997079372406006,9.514530461274262e-07,1.0,0.9999991655349731,0.9977497458457948,0.9650497436523438,1.0182851184481478e-07,0.7513957619667053,0.0005591593217104,0.2870427668094635,0.0017716737929731,0.0017922396073117,9.329417594017286e-07,0.1957890540361404,0.9881176352500916,0.6919918656349182,0.9999781847000122,9.00137990811345e-08,0.2537538409233093,4.4732776510736365e-11,0.999970316886902,0.9993535876274108,0.9999825954437256,0.001237521180883,0.9113345742225648,0.9999966621398926,0.0217756852507591,2.4627386210340774e-06,4.899467603536323e-05,0.9959547519683838,0.9938029050827026,0.9243001341819764,6.786150752446929e-09,0.9283238053321838,4.350419658294413e-06,1.752323584014448e-07,0.220049038529396,1.1783853059998958e-10,0.2550621032714844,1.984259085929807e-07,0.9999997615814208,0.9995296001434326,0.4697120487689972,0.1773707270622253,2.3597788612050863e-08,0.0209750924259424,4.552576137939468e-05,0.0090470826253294,6.054397454136051e-05,7.271108188433573e-05,2.4754697847129137e-07,0.003512114053592,0.2150924652814865,0.0152260903269052,0.9972116351127625,2.4327599490447938e-08,0.0048572509549558,4.66965788953333e-12,0.9824986457824708,0.6993719339370728,0.9940789937973022,7.766124326735735e-05,0.0657568648457527,0.997890055179596,0.0006464271573349,4.579269443638623e-07,4.396322310640244e-06,0.2778391540050506,0.2375272661447525,0.0941239967942237,1.1208904915349647e-09,0.9992030262947084,8.298349712276831e-05,3.930608272639802e-06,0.963606595993042,2.2984973924167207e-09,0.9867295026779176,4.581926532409852e-06,1.0,0.999994158744812,0.9942187070846558,0.9498732686042786,4.357659690867877e-07,0.7128955125808716,0.000837036059238,0.3038423359394073,0.0048788958229124,0.0049069444648921,5.146238436282147e-06,0.3117901086807251,0.9642860889434814,0.6820394396781921,0.9999035596847534,3.377698192252865e-07,0.3406055569648742,1.7055513945596346e-10,0.9998003840446472,0.99612694978714,0.9998993873596193,0.0038501352537423,0.8334208726882935,0.9999693632125854,0.0281155873090028,1.0202899829891976e-05,0.0001773123076418,0.9887762665748596,0.9862915873527528,0.9199863076210022,4.121281094171536e-08,0.0282367430627346,4.0207018514593074e-07,1.5594389779494122e-08,0.0014923731796443,6.700391977365605e-12,0.0011596831027418,2.0001072797981575e-08,0.99992573261261,0.8132539391517639,0.0032136142253875,0.0020340636838227,3.127533565461249e-09,0.0002049414324574,3.5899975046049803e-06,0.0001718949351925,1.3653062751473044e-06,3.579802751119132e-06,1.4878341225710301e-08,4.668797555495985e-05,0.0021571582183241,0.0001749463990563,0.4626873731613159,2.229135986908659e-09,9.7034040663857e-05,3.137205664520415e-13,0.0931066572666168,0.0057444260455667,0.2418271899223327,3.808713472608361e-06,0.0006158421747386,0.5548588633537292,2.0744178982567973e-05,5.6530133463184036e-08,1.9746617851978956e-07,0.0014660932356491,0.000869981420692,0.000840235792566,3.8241396160820784e-11,1.0,0.9983465671539308,0.946520745754242,1.0,0.0018080006120726,1.0,1.0,1.0,1.0,0.9999998807907104,0.6133024096488953,1.0,0.9996289014816284,0.9999990463256836,0.9999977350234984,0.9999858140945436,0.9999996423721312,1.0,0.9999998807907104,1.0,0.303584486246109,0.9999992847442628,1.0,1.0,1.0,0.9999878406524658,0.9999998807907104,1.0,0.999997854232788,0.9883742332458496,0.9998817443847656,1.0,1.0,1.0,0.1409787237644195,0.9996452331542968,0.000112036075734,7.339410785789369e-06,0.979451596736908,5.025860172480634e-09,0.9953521490097046,9.97821189230308e-06,1.0,0.9999979734420776,0.9982301592826844,0.9560590982437134,6.589035592696746e-07,0.9114093780517578,0.0014908860903233,0.3443348407745361,0.0211623329669237,0.0105240195989608,9.76767023530556e-06,0.5576861500740051,0.9892954230308532,0.8744116425514221,0.999914526939392,1.0373569239163771e-06,0.4975417256355285,4.766106953546512e-10,0.9999150037765504,0.9985944628715516,0.9999407529830932,0.0115219727158546,0.9130437970161438,0.9999897480010986,0.0921309068799018,2.039777973550372e-05,0.0003975934814661,0.9968835711479188,0.9958500862121582,0.9639934301376344,1.0823494989153917e-07,1.0,0.9999996423721312,1.0,1.0,1.0,1.0,1.0,1.0,0.9998552799224854,1.0,1.0,1.0,1.0,1.0,1.0,1.0,1.0,1.0,1.0,1.0,1.0,1.0,1.0,1.0,1.0,0.999996781349182,1.0,1.0,1.0,1.0,0.9974393844604492,0.3525513410568237,3.8990907569314004e-07,1.5090606098056014e-08,0.0119975004345178,1.0602555292060778e-11,0.0103300148621201,1.746748701236811e-08,0.9999979734420776,0.9913990497589112,0.03207952901721,0.0104067381471395,2.397130938192049e-09,0.001022360404022,3.917185040336335e-06,0.0004508356796577,3.3262656415899983e-06,4.472317868930986e-06,2.1746227929497763e-08,0.0001421488123014,0.0128047307953238,0.0005781917716376,0.9669387936592102,2.407160248907303e-09,0.0002461910480633,3.870623439816701e-13,0.6952568292617798,0.0879652425646781,0.9162660241127014,5.417892680270597e-06,0.0032330532558262,0.972542643547058,3.728165393113159e-05,4.592362756739021e-08,3.051737849091296e-07,0.0150208985432982,0.0111871883273124,0.0037976002786308,8.252763056271206e-11,0.4682882130146026,5.849282160852454e-07,2.3878639510144243e-08,0.0213007275015115,1.6336054037280334e-11,0.0233976040035486,2.7583874739889325e-08,0.9999988079071044,0.995144784450531,0.0616957917809486,0.0194294061511755,3.876963194926475e-09,0.0016750951763242,6.086600933485897e-06,0.0007831312250345,6.487027349066921e-06,8.378991878998931e-06,3.481605048705205e-08,0.0002733143337536,0.0213952250778675,0.0011450704187154,0.9772723913192748,3.9450003264107644e-09,0.0004405611252877,6.5024439825645e-13,0.7925835847854614,0.136727750301361,0.9430390000343324,8.53891560836928e-06,0.0059883743524551,0.9836713671684264,6.124399806139991e-05,6.975762545380348e-08,4.810149221157189e-07,0.0292780883610248,0.021822465583682,0.0078231990337371,1.4335881093341382e-10,0.061904452741146,3.7674936947951216e-08,1.2715170027988163e-09,0.0013773404061794,7.137751761171486e-13,0.0008895751088857,1.6460303120524602e-09,0.9999833106994628,0.9363248348236084,0.0024843637365847,0.0012900209985673,2.3894561329562686e-10,9.600807243259624e-05,6.67018355215987e-07,5.908513412578032e-05,1.4049679464278597e-07,2.328074089064103e-07,1.4764999223260131e-09,7.945597644720692e-06,0.0019352987874299,6.197350012371317e-05,0.7298911809921265,2.1088485124831635e-10,1.6951858924585395e-05,1.4973924674526774e-14,0.215663805603981,0.0108969202265143,0.481949895620346,4.709367829036637e-07,0.0004155922215431,0.8025103211402893,3.788185040320968e-06,4.2957966073231554e-09,3.0210248525008865e-08,0.0011639761505648,0.0003517717996146,0.0003329008759465,8.489526356209033e-13,0.9999961853027344,0.0174588281661272,0.0007255472592078,0.999903917312622,2.070351570182538e-07,0.9999774694442748,0.0013696377864107,1.0,1.0,0.9999880790710448,0.9997747540473938,5.37364867341239e-05,0.9996899366378784,0.1574127972126007,0.995250940322876,0.8518809676170349,0.819835364818573,0.0007350851083174,0.9982091188430786,0.9999275207519532,0.9996566772460938,0.9999960660934448,4.506607729126699e-05,0.9973121881484984,3.0843487763831945e-08,0.9999986886978148,0.9999886751174928,0.9999986886978148,0.7634177207946777,0.9996484518051147,0.9999997615814208,0.9753863215446472,0.0027098711580038,0.0853212550282478,0.9999799728393556,0.9999831914901732,0.9998898506164552,5.996530489937868e-06,0.9986515641212464,7.717782136751339e-05,3.921135885320837e-06,0.94314306974411,2.167201751390735e-09,0.9746675491333008,4.729360171040753e-06,1.0,0.9999896287918092,0.9907494187355042,0.9271737337112428,4.0693845448913645e-07,0.6492445468902588,0.0007931133150123,0.2382456660270691,0.0040444377809762,0.0048373616300523,5.03279215990915e-06,0.2714379429817199,0.9492502212524414,0.6337850689888,0.999862551689148,3.33494483584218e-07,0.3010180294513702,1.550252842763555e-10,0.9996752738952636,0.9933411478996276,0.9998195767402648,0.0036210659891366,0.7756173610687256,0.999947190284729,0.0273181181401014,1.0132019269804005e-05,0.0001699780405033,0.9797691106796264,0.9806057810783386,0.9047295451164246,3.705718398805402e-08,0.0103252390399575,2.5004226245073372e-08,7.821659986362305e-10,0.000382766360417,3.505364401523714e-13,0.0001652273349463,9.950770207822755e-10,0.9998314380645752,0.6433422565460205,0.0005734299193136,0.0003829596098512,1.5228861227623014e-10,3.238459612475708e-05,3.172572746734659e-07,2.578765088401269e-05,5.5965294620818895e-08,1.2650617975396017e-07,7.890497699669651e-10,3.0863966458127834e-06,0.0005676748696714,2.3755364964017645e-05,0.3011475801467895,1.1710341030202187e-10,6.692755050607957e-06,6.060961194737091e-15,0.0391493029892444,0.0019570095464587,0.128703698515892,2.116309616440049e-07,0.0001416896702721,0.3290452063083648,1.576006752657122e-06,2.7529669655024236e-09,1.3548872246360588e-08,0.0002805020485538,7.430433470290154e-05,8.963966683950275e-05,3.6108261020940956e-13,0.99945467710495,0.0003952388069592,1.6096126273623668e-05,0.9791117906570436,8.328278511271492e-09,0.9913262724876404,1.912831430672668e-05,1.0,0.9999954700469972,0.996854603290558,0.9710383415222168,1.739640651976515e-06,0.8677483201026917,0.0031891220714896,0.5982728004455566,0.0242706928402185,0.0217547640204429,2.038984530372545e-05,0.5222629308700562,0.9804306626319884,0.8614253401756287,0.9999017715454102,1.436989236935915e-06,0.5783838033676147,5.342685738263242e-10,0.9998553991317748,0.9977008700370787,0.9999121427536012,0.0188654232770204,0.9216709136962892,0.999971866607666,0.1196441054344177,4.914985038340092e-05,0.0006684908294118,0.9935082197189332,0.9920700192451476,0.9720267057418824,1.26867050198598e-07,0.9999997615814208,0.1115781068801879,0.002974425908178,0.9999845027923584,8.59127908370283e-07,0.9999984502792358,1.0,1.0,0.9999988079071044,0.9999576807022096,0.0002899644896388,0.9999721050262452,0.5796962380409241,0.9990813732147216,0.9939297437667848,0.9718586802482604,0.999799907207489,0.9999899864196776,0.9999457597732544,0.9999996423721312,0.0002614738477859,0.9994992017745972,2.020884153353109e-07,0.9999998807907104,0.9999992847442628,0.9999998807907104,0.9736842513084412,0.999941349029541,1.0,0.9967488050460817,0.0138164246454834,0.6223806142807007,0.9999986886978148,0.999998927116394,0.9999756813049316,4.556846397463232e-05,0.9999960660934448,0.0016678371466696,2.225823664048221e-05,0.9998505115509032,9.396368128022914e-09,0.9999387264251708,1.0,1.0,0.9999730587005616,0.99951434135437,2.964560280815931e-06,0.9983863830566406,0.0350031554698944,0.9866737127304076,0.2738708257675171,0.1441499888896942,0.972886860370636,0.999858021736145,0.9982605576515198,0.9999991655349731,2.3969298581505427e-06,0.9758445024490356,8.929242900634903e-10,0.999998927116394,0.9999839067459106,0.9999990463256836,0.1811207085847854,0.9993120431900024,0.9999997615814208,0.8404536247253418,0.0001273617963306,0.0043452586978673,0.9999434947967528,0.9998695850372314,0.9996019005775452,2.0045838766691307e-07,0.9336464405059814,7.116169058463129e-07,2.831880507869755e-08,0.1478849351406097,1.3932915585157524e-11,0.1986003369092941,3.5191867198136606e-08,0.9999998807907104,0.9997491240501404,0.3258784413337707,0.084486648440361,5.322874585544923e-09,0.008407374843955,1.2635569873964414e-05,0.0023616719990968,6.670668881270103e-06,1.0898119398916606e-05,2.8605985136209714e-08,0.0007126534474082,0.1583759486675262,0.0049293818883597,0.9963892698287964,3.538164650151998e-09,0.0013806544011458,8.828837183907924e-13,0.9855297803878784,0.6992889046669006,0.9940709471702576,1.0529552127991336e-05,0.0326299220323562,0.9986659288406372,0.0001571490283822,9.734370109981685e-08,6.895760407132911e-07,0.1615545898675918,0.0967598706483841,0.031556561589241,9.548135893044928e-11,0.9958297610282898,1.2941485465489675e-06,2.845356661396181e-08,0.5540865063667297,1.6533222707559858e-11,0.8366700410842896,3.4170856366699815e-08,1.0,0.9999884366989136,0.8616956472396851,0.4153266549110412,4.331867753393226e-09,0.0607243664562702,2.7734957257052884e-05,0.0100429868325591,1.725907168292906e-05,1.960568988579325e-05,3.445305196692061e-08,0.0031828118953853,0.6545944213867188,0.0324904061853885,0.9997946619987488,3.767973488777443e-09,0.0060471179895102,7.643942987259346e-13,0.9992278814315796,0.9752605557441713,0.9997813105583192,2.975316056108568e-05,0.1834322214126587,0.9999566078186036,0.0006348193273879,9.977729575894045e-08,1.808732804420288e-06,0.7631087303161621,0.6339777708053589,0.1320790350437164,7.462451490081179e-11,0.996192455291748,2.6118137611774728e-05,1.6289540099023725e-06,0.8040814399719238,8.676716567457277e-10,0.926481306552887,2.1113778529979754e-06,1.0,0.999976634979248,0.9615809321403505,0.7802263498306274,2.1593636745365077e-07,0.3608873188495636,0.000362548045814,0.088776059448719,0.0015105847269296,0.0017075999639928,1.8006162463279909e-06,0.0898300185799598,0.8175819516181946,0.314032644033432,0.999549925327301,1.4516069768433226e-07,0.1184890791773796,9.090758007479494e-11,0.9990192651748656,0.9815335869789124,0.9994284510612488,0.0011147307232022,0.4834399819374084,0.9998655319213868,0.0092749204486608,4.651356448448496e-06,6.875841791043058e-05,0.9235408902168274,0.932896375656128,0.7190760374069214,1.2596942156051229e-08,1.0,0.997622549533844,0.8335717916488647,1.0,6.800810660934076e-05,1.0,0.9438258409500122,1.0,1.0,1.0,1.0,0.4460708200931549,1.0,0.9997518658638,0.9999995231628418,0.999997854232788,0.9999791383743286,0.936244249343872,0.9999998807907104,1.0,1.0,1.0,0.0870605185627937,0.9999997615814208,0.0001249930646736,1.0,1.0,1.0,0.999985933303833,1.0,1.0,0.9999988079071044,0.9683701395988464,0.9999260902404784,1.0,1.0,1.0,0.0254927296191453,0.9306992292404176,0.0006770915933884,9.295961223010352e-11,2.115029040794525e-09,0.2877251803874969,1.187878382324925e-07,0.9902403354644777,4.1592296273762486e-10,0.0009004641906358,0.0013332550879567,0.7568922638893127,0.9999444484710692,0.0153460130095481,5.0702528249036225e-14,0.8683791756629944,0.304562896490097,0.3204563856124878,0.9999943971633912,0.6402125954627991,0.9160950183868408,0.6582427620887756,0.0018565942300483,0.0009066283237189,0.2878954410552978,0.799528181552887,0.0003985250659752,0.9980820417404176,0.4754869341850281,0.9999428987503052,0.6825135946273804,0.9982869029045104,0.783979594707489,0.0002312807482667,0.907499611377716,0.8001087307929993,2.361951467744205e-10,0.9952449202537536,0.0019697749521583,0.999966025352478,0.2166524976491928,1.9124284378335688e-09,4.3555896667157874e-08,0.99410480260849,3.204716676918906e-06,0.9999431371688844,1.4449463847654442e-08,0.2817558646202087,0.4732638895511627,0.9997459053993224,0.9999998807907104,0.9191465973854064,7.588307152778251e-13,0.999971866607666,0.9989166259765624,0.999333918094635,1.0,0.9999001026153564,0.999980330467224,0.9971675276756288,0.5417550206184387,0.1926051080226898,0.9989911913871764,0.99984610080719,0.0510527789592742,0.999997854232788,0.9994804263114928,0.9999998807907104,0.9997991919517516,0.9999960660934448,0.9992250204086304,0.0508809685707092,0.9997664093971252,0.9988980293273926,4.784361795628911e-09,0.9999979734420776,0.5705430507659912,1.0,1.0,1.0,1.0,1.0,1.0,1.0,1.0,1.0,1.0,1.0,1.0,1.0,1.0,1.0,1.0,1.0,1.0,1.0,1.0,1.0,1.0,1.0,1.0,1.0,1.0,1.0,1.0,1.0,1.0,1.0,1.0,1.0,1.0,1.0,1.0,1.0,1.0,1.0,1.0,1.0,1.0,1.0,1.0,1.0,1.0,1.0,1.0,1.0,1.0,1.0,1.0,1.0,1.0,1.0,1.0,0.9962568283081056,0.0073331980966031,5.229414679064347e-10,1.0999347210827182e-08,0.863178014755249,7.246272843985935e-07,0.9983038902282716,2.385404540561353e-09,0.0157119072973728,0.0210766308009624,0.9654155969619752,0.9999902248382568,0.186044842004776,2.413789654265308e-13,0.9926936626434326,0.8772598505020142,0.8895451426506042,0.9999991655349731,0.9688452482223512,0.994040548801422,0.9583799839019777,0.0232963562011718,0.0045656198635697,0.8638011813163757,0.9805237054824828,0.0016339218709617,0.9997997879981996,0.926027774810791,0.9999911785125732,0.975178360939026,0.9997643828392028,0.9767286777496338,0.0016561702359467,0.9906170964241028,0.9731068015098572,1.2388895465065275e-09,0.9995179176330566,0.0169323496520519,0.9999998807907104,0.999842405319214,0.9999912977218628,0.9999994039535522,0.999908447265625,0.9998213648796082,0.9999961853027344,1.0,0.9999874830245972,0.9999998807907104,0.9999980926513672,0.999997615814209,1.0,0.9999992847442628,0.9999996423721312,0.999992847442627,0.9999117851257324,0.9999988079071044,0.999998927116394,1.0,0.9999980926513672,1.0,0.9999992847442628,0.9999998807907104,0.9999964237213136,0.9999991655349731,0.9999939203262328,1.0,0.9996683597564696,0.2583037316799164,7.713845843682066e-05,1.3601180945399529e-11,3.0130523076543625e-10,0.0336385928094387,2.6959339649579306e-08,0.7611621022224426,4.934110411913828e-11,9.60615579970181e-05,0.0002389598666923,0.0771256610751152,0.9971333742141724,0.0008795358007773,8.258667797485415e-15,0.0783157870173454,0.0103346621617674,0.0101281404495239,0.9997373223304749,0.0398399159312248,0.1581431776285171,0.1834591478109359,0.0001729578507365,7.171493780333549e-05,0.0098651126027107,0.0924670472741127,2.3576167222927324e-05,0.8967282176017761,0.0185561850666999,0.9972021579742432,0.041370827704668,0.9281291961669922,0.1512112617492675,3.837170515907928e-05,0.2104282528162002,0.1785585731267929,3.7264802354997067e-11,0.7506058812141418,0.0002220531750936,1.0,0.9999998807907104,1.0,1.0,0.9999998807907104,1.0,1.0,1.0,1.0,1.0,1.0,1.0,1.0,1.0,1.0,1.0,1.0,1.0,1.0,1.0,1.0,1.0,1.0,1.0,1.0,1.0,1.0,0.9999781847000122,0.3232578635215759,1.332221870598005e-07,0.9924494028091432,4.361868832347682e-06,0.9999271631240844,0.4040236175060272,0.4399920701980591,0.9995506405830384,0.9999997615814208,0.9491353034973145,2.470447891395056e-12,0.9999760389328004,0.9992200136184692,0.99940025806427,1.0,0.9999171495437622,0.9999819993972778,0.9953214526176452,0.6309363842010498,0.2485488802194595,0.9992538094520568,0.999847650527954,0.1054658740758895,0.9999984502792358,0.9996999502182008,0.9999998807907104,0.9998726844787598,0.9999960660934448,0.9992582201957704,0.055429358035326,0.9998469352722168,0.998205065727234,0.9999980926513672,0.5185458660125732,0.9999817609786988,0.8218945860862732,4.7738630826188455e-08,9.887698979582638e-07,0.9988282322883606,5.012097244616598e-05,0.999958634376526,3.1934877142703044e-07,0.8715133666992188,0.8803995251655579,0.999704897403717,0.9999996423721312,0.9929003715515136,2.0346066845200458e-11,0.99998140335083,0.999642252922058,0.9996495246887208,1.0,0.999894380569458,0.9999635219573976,0.9991758465766908,0.9437838196754456,0.6829270124435425,0.9995614886283876,0.9998840093612672,0.2512878179550171,0.9999972581863404,0.9997318387031556,0.9999997615814208,0.9999189376831056,0.999995231628418,0.999716579914093,0.4033437669277191,0.9999284744262696,0.9995042085647584,1.1554053713780377e-07,0.9999966621398926,0.8808320164680481,0.7680357694625854,0.0003468178911134,5.6979077706076347e-11,1.6889100118433475e-09,0.2423952668905258,1.4705805995163248e-07,0.978959023952484,2.0691445778986406e-10,0.0005602080491371,0.0013154372572898,0.4902734458446502,0.9998377561569214,0.0040797963738441,3.45187948862756e-14,0.477175623178482,0.0667100474238395,0.0627165883779525,0.9999834299087524,0.2725500464439392,0.7898939251899719,0.7338587641716003,0.0006823896546848,0.000341308536008,0.0551166795194149,0.5000150203704834,7.410421676468104e-05,0.994650661945343,0.1125690266489982,0.9998360872268676,0.2661707699298858,0.9951789379119872,0.6973981857299805,0.0002510366612114,0.7349346876144409,0.6915208697319031,1.8016309277779638e-10,0.9782146215438844,0.0010064546950161,0.0008720495970919,1.003009288069734e-06,1.6866240663219317e-13,7.472346526260498e-12,0.0004428852116689,1.1191815252331594e-09,0.0485655777156353,4.4983591504510483e-13,1.0070839380205143e-06,4.597262886818498e-06,0.0006926050409674,0.8369825482368469,4.3744785216404125e-06,1.081715138168578e-16,0.0001488339330535,4.5126329496270046e-05,4.449453990673646e-05,0.9573928117752076,0.0001379952882416,0.0008566418546251,0.0037976130843162,1.658402311477403e-06,9.287393254453492e-07,2.6397789042675868e-05,0.0006109614041633,1.4005547654960537e-07,0.0560894794762134,8.76954582054168e-05,0.7706345915794373,0.000144328791066,0.1247423812747001,0.0021675776224583,8.329566867359972e-07,0.0018338811350986,0.0030434664804488,6.069331777609765e-13,0.0111590884625911,3.6380076835484942e-06,0.9995470643043518,0.011342073790729,2.6817661979983143e-10,5.574538164410114e-09,0.890583872795105,3.4000208870565984e-07,0.9994787573814392,1.8746304508709954e-09,0.0179483741521835,0.027711197733879,0.9962056875228882,0.9999992847442628,0.3077348470687866,1.3504205620493842e-13,0.9993589520454408,0.9739805459976196,0.9848547577857972,1.0,0.998363196849823,0.9997602105140686,0.9612033367156982,0.038417886942625,0.0112901488319039,0.9775531888008118,0.9976732134819032,0.0040045301429927,0.9999890327453612,0.9903752207756042,0.9999994039535522,0.9961251616477966,0.9999754428863524,0.9891757369041444,0.0016894924920052,0.997334599494934,0.9861732721328736,6.556103993027307e-10,0.9999843835830688,0.0307625010609626,1.0,1.0,1.0,1.0,1.0,1.0,1.0,1.0,1.0,0.9994377493858336,1.0,1.0,1.0,1.0,1.0,1.0,1.0,1.0,1.0,1.0,1.0,1.0,1.0,1.0,1.0,1.0,1.0,1.0,1.0,1.0,0.9877270460128784,0.0002847290597856,1.069594846719868e-11,2.6365007399498097e-10,0.4023880958557129,2.3679353589045604e-08,0.9974626302719116,7.182005684613911e-11,0.0004504752578213,0.0013664066791534,0.9542094469070436,0.999996781349182,0.0122620603069663,5.195836894278861e-15,0.9750519394874572,0.5136985778808594,0.6468362808227539,0.9999997615814208,0.954216718673706,0.9954310655593872,0.7969309687614441,0.0011026678839698,0.0002976708346977,0.5461626052856445,0.9659852385520936,0.0001142956534749,0.99989116191864,0.7567917108535767,0.9999964237213136,0.8932809233665466,0.9998250603675842,0.9253408312797546,8.103367872536182e-05,0.9614778757095336,0.9005894660949707,2.8279791702834345e-11,0.9997491240501404,0.0016871995758265,0.916157066822052,0.0001283665769733,7.424215756057784e-12,2.0979722126224232e-10,0.1826467812061309,1.9548668461766283e-08,0.9922090768814088,4.167597517090727e-11,0.0001289896463276,0.0005387787241488,0.7805143594741821,0.999974012374878,0.0028299919795244,3.886576373641993e-15,0.7915903329849243,0.1298316717147827,0.1993566900491714,0.99999737739563,0.6504899263381958,0.9532252550125122,0.5813788175582886,0.0003129581455141,0.0001172843694803,0.1669050008058548,0.8502199053764343,4.622854612534866e-05,0.9990932941436768,0.2996355891227722,0.9999698400497437,0.5507257580757141,0.9989521503448486,0.7907569408416748,4.079762948094867e-05,0.8568105697631836,0.7565559148788452,2.1518110210339003e-11,0.9968053102493286,0.0006422431324608,0.9989394545555116,0.0038141331169754,9.810012524535948e-11,2.914375407669922e-09,0.8644695281982422,2.584772289537796e-07,0.9995612502098083,6.987047607154294e-10,0.0054554366506636,0.0178927611559629,0.994847297668457,0.9999984502792358,0.1464551389217376,4.343688291539617e-14,0.9983260035514832,0.9433792233467102,0.962495982646942,0.9999998807907104,0.9963831901550292,0.9995896220207214,0.9661802649497986,0.0163222327828407,0.004013902042061,0.9402942061424256,0.9954142570495604,0.0013062473153695,0.9999715089797974,0.9790918231010436,0.9999984502792358,0.9921743869781494,0.9999526739120485,0.9912104606628418,0.0010190358152613,0.9935569167137146,0.9832249879837036,2.5272031689560487e-10,0.9999496936798096,0.0282734669744968,5.182178210816346e-05,7.561899906249893e-08,4.8600603284930456e-15,3.797431390607092e-13,3.190565257682465e-05,5.580851406006282e-11,0.004300043452531,1.3972360730441294e-14,3.552807470441621e-08,3.390944129932905e-07,0.0001063992385752,0.4756050705909729,3.071100138640759e-07,3.5555957447994814e-18,9.920163392962422e-06,4.4199146032042336e-06,6.156280051072827e-06,0.72709721326828,1.359061207040213e-05,8.493130735587329e-05,0.000197265879251,1.2587412356879213e-07,5.0290175579448266e-08,1.910258333737147e-06,8.679188613314182e-05,7.889914499514816e-09,0.0061338408850133,9.534319360682277e-06,0.3446323573589325,1.1948803148698062e-05,0.014705809764564,0.000170490326127,4.4895418938040166e-08,0.0001776754943421,0.0002989304193761,2.6232779783055126e-14,0.0007344552432186,4.278137453184172e-07,0.9830049276351928,0.000351371942088,2.057588995019177e-11,5.793869273240658e-10,0.5165992379188538,4.251634067031773e-08,0.9975454211235046,1.2229825485654544e-10,0.0004608415183611,0.0018302839016541,0.9675593376159668,0.9999933242797852,0.0116781899705529,1.0512226058709792e-14,0.9687027335166932,0.5414863228797913,0.5920014977455139,0.9999992847442628,0.9244386553764344,0.9934036135673524,0.8577552437782288,0.0014005149714648,0.0005083212745375,0.4541410803794861,0.963736355304718,0.0001450379058951,0.9998136162757874,0.6865893006324768,0.9999924898147584,0.8634650707244873,0.9997839331626892,0.933191418647766,0.0001399888278683,0.9666463136672974,0.930820882320404,5.7701222272443786e-11,0.9994723200798036,0.0027673430740833,0.0356379523873329,3.4765666896419134e-06,3.6339575554440733e-13,1.516762930531268e-11,0.0031482127960771,1.603101540403884e-09,0.6622255444526672,1.5918073066265026e-12,2.6873406113736564e-06,1.5710091247456148e-05,0.0404558479785919,0.99912291765213,3.401852518436499e-05,2.140499506268206e-16,0.0120182791724801,0.0009318450465798,0.00086312496569,0.9998637437820436,0.0054937824606895,0.0832905173301696,0.0259303636848926,6.503461008833256e-06,4.7428197831322905e-06,0.0008458017255179,0.0298672895878553,1.3143340993337915e-06,0.9273697137832642,0.0020341712515801,0.9989168643951416,0.0033544525504112,0.938888132572174,0.0401232540607452,1.6276914038826362e-06,0.0439754948019981,0.0534875430166721,1.17229761054799e-12,0.6402506232261658,2.4888233383535407e-05,0.9774298667907716,0.0047039366327226,7.187587192092336e-10,1.4498549916197591e-08,0.643932044506073,8.932059358812694e-07,0.9870095252990724,2.56113819041559e-09,0.0095323035493493,0.0115257101133465,0.7854025363922119,0.9999245405197144,0.0957600399851799,3.793847831376485e-13,0.9543800354003906,0.5745025277137756,0.5881198048591614,0.999995231628418,0.8318912386894226,0.9526121020317078,0.8477479219436646,0.0147517649456858,0.0033721334766596,0.5567752122879028,0.8837321400642395,0.0011677836300805,0.9984484910964966,0.6925141215324402,0.9999349117279052,0.8601746559143066,0.9985170960426332,0.8711299896240234,0.0017062275437638,0.9514420628547668,0.873206615447998,1.714279718179057e-09,0.9966660141944884,0.0075262375175952,0.9999897480010986,0.6936336159706116,1.964859031033939e-08,4.1239630377276637e-07,0.998900294303894,1.9896868252544664e-05,0.999980092048645,1.485117024913052e-07,0.7608879208564758,0.7918298244476318,0.999861478805542,0.9999998807907104,0.984948456287384,8.361961296998732e-12,0.9999860525131226,0.9997044205665588,0.999723255634308,1.0,0.9999489784240724,0.9999874830245972,0.9993507266044616,0.8597735166549683,0.5941799879074097,0.9995906949043274,0.9999216794967652,0.2786683440208435,0.9999988079071044,0.9998447895050048,0.9999998807907104,0.9999451637268066,0.9999977350234984,0.999823272228241,0.2193673253059387,0.9999444484710692,0.9997361302375792,4.6481627435923656e-08,0.9999986886978148,0.8328723907470703,1.0,0.9998784065246582,0.9999971389770508,0.9999998807907104,0.9999005794525146,0.9999083280563354,0.9999996423721312,1.0,0.999994158744812,1.0,0.9999997615814208,0.9999997615814208,1.0,0.9999998807907104,1.0,0.999997854232788,0.9999520778656006,0.9999998807907104,0.9999998807907104,1.0,0.9999997615814208,1.0,0.9999998807907104,1.0,0.9999992847442628,0.9999998807907104,0.9999990463256836,1.0,0.9999216794967652,0.7297819256782532,5.910310937906616e-05,7.717235054119366e-13,4.4524398057355086e-11,0.080187901854515,4.0516856536498835e-09,0.9815831780433656,4.616407950353008e-12,3.227545312256552e-05,0.0002927165478467,0.7610883712768555,0.9999929666519164,0.0007765571353957,4.762820734390016e-16,0.5999026894569397,0.0683260783553123,0.120142325758934,0.9999994039535522,0.5713608264923096,0.9671033620834352,0.3180750906467438,0.0001390773104503,3.472424214123748e-05,0.0566736087203025,0.7190127372741699,6.648846465395764e-06,0.9993502497673036,0.1842259615659713,0.9999905824661256,0.3301139771938324,0.9985389709472656,0.6123995184898376,2.2331330910674296e-05,0.6352627873420715,0.5163662433624268,4.941123898927202e-12,0.9978854060173036,0.0004792993131559,0.7718947529792786,0.0001031883803079,1.0182423480775691e-11,3.1158914337581223e-10,0.0670488327741622,2.9039398441454978e-08,0.9670493602752686,5.527280716455252e-11,0.0001208428438985,0.0003234537434764,0.5228520631790161,0.9998735189437866,0.0021493225358426,5.438195043344944e-15,0.4973575174808502,0.0499750040471553,0.0561972223222255,0.999988317489624,0.2614749372005462,0.778327465057373,0.318041980266571,0.0002590162039268,0.0001205367298098,0.0578050762414932,0.4025135338306427,5.295131632010453e-05,0.9949701428413392,0.1256862133741378,0.999858856201172,0.2380163371562957,0.9938872456550598,0.5017768144607544,3.781413397518918e-05,0.5324773192405701,0.5084271430969238,3.043838098237828e-11,0.9780043959617616,0.0005971276550553,0.9999994039535522,0.9908491373062134,0.9999244213104248,0.9999991655349731,0.9887605309486388,0.9954918026924132,0.9999966621398926,1.0,0.99957674741745,0.9999996423721312,0.9999905824661256,0.9999933242797852,1.0,0.9999986886978148,0.9999997615814208,0.9999610185623168,0.9963577389717102,0.9999945163726808,0.9999983310699464,1.0,0.9999933242797852,1.0,0.9999969005584716,0.9999998807907104,0.9999878406524658,0.9999957084655762,0.999980926513672,1.0,0.9963642954826356,0.0260585248470306,4.557747615763219e-06,6.562800433304594e-13,2.4889420385809654e-11,0.0045654810965061,2.367753326737443e-09,0.6255510449409485,2.435642833253926e-12,3.608216729844571e-06,2.183999640692491e-05,0.0271118003875017,0.9969038367271424,4.159285163041204e-05,3.736869282384985e-16,0.0061305393464863,0.0008812306914478,0.0007592077599838,0.9994953870773317,0.0027843017596751,0.0334151647984981,0.0391485840082168,9.139291250903623e-06,4.721946879726602e-06,0.0007195476791821,0.0173794422298669,1.7454818816986517e-06,0.7788636088371277,0.0013240188127383,0.9960232973098756,0.0025136433541774,0.8840356469154358,0.0408514402806758,2.5679078134999145e-06,0.0419833399355411,0.0654969587922096,2.01730949653256e-12,0.354620099067688,2.88482042378746e-05,0.9118574261665344,9.294346091337502e-05,4.267240640704051e-12,1.291734497144148e-10,0.206869974732399,1.2333731369551517e-08,0.9911195635795592,2.5646847492954983e-11,8.606923802290112e-05,0.0005868694279342,0.892191469669342,0.9999934434890748,0.0024173592682927,2.01767589079829e-15,0.8741618394851685,0.1943211704492569,0.2473151087760925,0.9999991655349731,0.7466296553611755,0.9823592305183412,0.5559014081954956,0.000301239779219,0.0001102682799682,0.159603402018547,0.869857668876648,3.612349973991513e-05,0.9995543360710144,0.3270779252052307,0.999990463256836,0.5215193629264832,0.9993045330047609,0.7717061042785645,3.811400893027894e-05,0.8267131447792053,0.7527767419815063,1.1473414232576749e-11,0.9993680119514464,0.000884122622665,0.0005353009910322,7.146793450374389e-07,1.0452571561113749e-13,4.87054493958361e-12,0.0002690532419364,6.73134603612624e-10,0.0285385176539421,3.005780574525524e-13,4.744153727642697e-07,3.1592264804203296e-06,0.0005207750364206,0.6840142011642456,3.5684590784512693e-06,6.719520973246735e-17,9.705736010801048e-05,3.314366767881438e-05,3.409998316783458e-05,0.8696136474609375,7.751378871034831e-05,0.0005557319964282,0.0018626011442393,1.1730749065463897e-06,5.89056696753687e-07,1.8038947018794715e-05,0.0003809164627455,1.2447112851532438e-07,0.0295904222875833,5.783848610008136e-05,0.5719929933547974,8.235999848693609e-05,0.0734436586499214,0.0014449071604758,4.529317436663405e-07,0.0013145686825737,0.002133751520887,3.63416572226119e-13,0.0054278722964227,3.451216571193072e-06,0.943207859992981,0.0001115251798182,1.1212550853068048e-11,3.0894328761910117e-10,0.2202322781085968,2.2321874126873812e-08,0.9920291900634766,6.543445646434165e-11,0.0001810550165828,0.0005156415863893,0.8658185601234436,0.9999834299087524,0.0034861068706959,6.010193851526931e-15,0.8897403478622437,0.2185291349887848,0.2560625374317169,0.9999982118606568,0.7359070777893066,0.9707441329956056,0.6223341822624207,0.0003916424466297,0.0001829828397603,0.1992127299308776,0.8554660081863403,8.070385956671089e-05,0.9994699358940125,0.351765364408493,0.9999815225601196,0.5839411616325378,0.999386191368103,0.7803168892860413,3.9551967347506434e-05,0.8756468296051025,0.7901244759559631,2.9353935948606136e-11,0.9983987212181092,0.0007652365020476,0.0064198551699519,3.222891564291785e-06,6.539159404933549e-13,2.147125012508244e-11,0.0014353230362758,2.732595927312786e-09,0.1582169085741043,1.9070671691129304e-12,3.5474456581141567e-06,1.4477497643383684e-05,0.002618720754981,0.970687747001648,2.332080293854233e-05,3.1004563714213875e-16,0.0009489448857493,0.0001827209780458,0.0001846339582698,0.9959329962730408,0.0005442003021016,0.004443219397217,0.0127974627539515,6.226158347999444e-06,2.5426616048207507e-06,0.0001786042557796,0.0023170809727162,7.873890695009322e-07,0.2787777185440063,0.0003256462805438,0.9650402069091796,0.0005509415641427,0.3844312131404876,0.0077642048709094,2.092458998959046e-06,0.007149192970246,0.0097213760018348,2.025201187305648e-12,0.0543402843177318,1.2212726687721442e-05,0.9575095176696776,0.0030722063966095,3.3344577099470025e-10,6.9321082207807194e-09,0.6915262937545776,3.829741217487026e-07,0.991743266582489,1.3343163240975284e-09,0.0042968676425516,0.0090615265071392,0.8788809776306152,0.9999184608459472,0.0604828596115112,1.6798915774066114e-13,0.9082924127578736,0.5135828256607056,0.4681921303272247,0.9999929666519164,0.7861526608467102,0.9458966851234436,0.8925771713256836,0.0091069731861352,0.0042015574872493,0.4399686753749847,0.8940728306770325,0.0010231218766421,0.9977498650550842,0.6159284710884094,0.99992036819458,0.8032757043838501,0.9984610080718994,0.9063089489936828,0.0013523232191801,0.9437680840492249,0.9186961650848388,8.514398075476493e-10,0.9954740405082704,0.0115387225523591,0.9999997615814208,0.9982298016548156,0.999980092048645,0.9999990463256836,0.9982951283454896,0.9985950589179992,0.9999955892562866,1.0,0.999914526939392,0.9999997615814208,0.9999954700469972,0.9999960660934448,1.0,0.9999988079071044,0.9999995231628418,0.9999817609786988,0.9992015957832336,0.999996304512024,0.9999980926513672,1.0,0.9999971389770508,1.0,0.999998927116394,0.9999998807907104,0.9999939203262328,0.9999983310699464,0.999990940093994,1.0,0.9991037249565125,0.4766372740268707,6.813799700466916e-05,2.8664037289571898e-12,1.4234009804159342e-10,0.0421046167612075,1.132793681080102e-08,0.925017774105072,1.637561267142651e-11,5.237778896116652e-05,0.0002486429584678,0.3494917750358581,0.9997413754463196,0.0008951392374001,1.4790660626058834e-15,0.2446087300777435,0.0340705886483192,0.0386420004069805,0.999971866607666,0.1440275460481643,0.6291337013244629,0.1936228424310684,0.0001417164166923,4.032964716316201e-05,0.0222307089716196,0.3124375939369201,1.4985910638642965e-05,0.9902769327163696,0.0640925243496894,0.9997410178184508,0.1369011998176574,0.9900676012039183,0.3390739858150482,2.04424522962654e-05,0.455483078956604,0.2754877805709839,1.3935998188774334e-11,0.948435127735138,0.0003486571076791,0.5376392602920532,0.0002355296164751,4.7291767724111367e-11,1.1078571393596803e-09,0.0713933259248733,9.006274126477366e-08,0.9005402326583862,1.7411352914997735e-10,0.0004366317007225,0.0006724627455696,0.1628332138061523,0.9993020296096802,0.0025696821976453,2.2637502698655103e-14,0.2544432878494262,0.0284880232065916,0.0297681726515293,0.999926209449768,0.1004999354481697,0.4335928857326507,0.3739373981952667,0.0004145851416978,0.0001538043434266,0.0346537716686725,0.2280153483152389,6.25997272436507e-05,0.9709248542785645,0.0400485321879386,0.999277889728546,0.1014027446508407,0.9769206047058104,0.3128292858600616,0.0001026110330712,0.4584526121616363,0.3176645934581756,1.1337459443483411e-10,0.917121648788452,0.0004101725062355,1.0,1.0,1.0,1.0,1.0,1.0,1.0,1.0,1.0,1.0,1.0,1.0,1.0,1.0,1.0,1.0,1.0,1.0,1.0,1.0,1.0,1.0,1.0,1.0,1.0,1.0,1.0,0.0577059015631675,3.851941073662601e-06,8.779814982678992e-14,7.29379404096342e-12,0.0075393407605588,8.345686919319916e-10,0.8091110587120056,3.883764512248311e-13,1.807224066396884e-06,2.162266355298925e-05,0.1244465857744216,0.999606430530548,2.342306288483087e-05,5.812266630420614e-17,0.0141936270520091,0.0019607935100793,0.0026408527046442,0.999931573867798,0.0185982752591371,0.2704437971115112,0.0557065978646278,6.703568942612037e-06,2.4723844944674056e-06,0.000900202197954,0.090370662510395,3.924783982256486e-07,0.9721556901931764,0.0042397989891469,0.9994938373565674,0.0094404136762022,0.9759560823440552,0.0980288609862327,1.807666990316648e-06,0.1015169024467468,0.1100635826587677,5.06926911472e-13,0.7692931294441223,3.956290674977936e-05,0.9998526573181152,0.4127310216426849,5.606979129879619e-07,0.9965113997459412,3.314471177873202e-05,0.9999101161956788,0.6355170011520386,0.6739667057991028,0.998934805393219,0.9999991655349731,0.9277417063713074,1.2061154158748975e-11,0.9998260140419006,0.9964669942855836,0.997027575969696,0.9999998807907104,0.9992498755455016,0.999833345413208,0.9988973140716552,0.6277866363525391,0.3067059516906738,0.9954478144645692,0.999326229095459,0.0589931830763816,0.9999877214431764,0.9980586171150208,0.9999994039535522,0.99931538105011,0.9999830722808838,0.999056875705719,0.2321329712867736,0.9995772242546082,0.9988499879837036,0.999977707862854,0.5438345670700073
