0,1,2,3,4,5,6,7,8,9,10,11,12,13,14,15,16,17,18,19,20,21,22,23,24,25,26,27,28,29,30,31,32,33,34,35,36,37,38,39,40,41,42,43,44,45,46,47,48,49,50,51,52,53,54,55,56,57,58,59,60,61,62,63,64,65,66,67,68,69,70,71,72,73,74,75,76,77,78,79,80,81,82,83,84,85,86,87,88,89,90,91,92,93,94,95,96,97,98,99,100,101,102,103,104,105,106,107,108,109,110,111,112,113,114,115,116,117,118,119,120,121,122,123,124,125,126,127,128,129,130,131,132,133,134,135,136,137,138,139,140,141,142,143,144,145,146,147,148,149,150,151,152,153,154,155,156,157,158,159,160,161,162,163,164,165,166,167,168,169,170,171,172,173,174,175,176,177,178,179,180,181,182,183,184,185,186,187,188,189,190,191,192,193,194,195,196,197,198,199,200,201,202,203,204,205,206,207,208,209,210,211,212,213,214,215,216,217,218,219,220,221,222,223,224,225,226,227,228,229,230,231,232,233,234,235,236,237,238,239,240,241,242,243,244,245,246,247,248,249,250,251,252,253,254,255,256,257,258,259,260,261,262,263,264,265,266,267,268,269,270,271,272,273,274,275,276,277,278,279,280,281,282,283,284,285,286,287,288,289,290,291,292,293,294,295,296,297,298,299,300,301,302,303,304,305,306,307,308,309,310,311,312,313,314,315,316,317,318,319,320,321,322,323,324,325,326,327,328,329,330,331,332,333,334,335,336,337,338,339,340,341,342,343,344,345,346,347,348,349,350,351,352,353,354,355,356,357,358,359,360,361,362,363,364,365,366,367,368,369,370,371,372,373,374,375,376,377,378,379,380,381,382,383,384,385,386,387,388,389,390,391,392,393,394,395,396,397,398,399,400,401,402,403,404,405,406,407,408,409,410,411,412,413,414,415,416,417,418,419,420,421,422,423,424,425,426,427,428,429,430,431,432,433,434,435,436,437,438,439,440,441,442,443,444,445,446,447,448,449,450,451,452,453,454,455,456,457,458,459,460,461,462,463,464,465,466,467,468,469,470,471,472,473,474,475,476,477,478,479,480,481,482,483,484,485,486,487,488,489,490,491,492,493,494,495,496,497,498,499,500,501,502,503,504,505,506,507,508,509,510,511,512,513,514,515,516,517,518,519,520,521,522,523,524,525,526,527,528,529,530,531,532,533,534,535,536,537,538,539,540,541,542,543,544,545,546,547,548,549,550,551,552,553,554,555,556,557,558,559,560,561,562,563,564,565,566,567,568,569,570,571,572,573,574,575,576,577,578,579,580,581,582,583,584,585,586,587,588,589,590,591,592,593,594,595,596,597,598,599,600,601,602,603,604,605,606,607,608,609,610,611,612,613,614,615,616,617,618,619,620,621,622,623,624,625,626,627,628,629,630,631,632,633,634,635,636,637,638,639,640,641,642,643,644,645,646,647,648,649,650,651,652,653,654,655,656,657,658,659,660,661,662,663,664,665,666,667,668,669,670,671,672,673,674,675,676,677,678,679,680,681,682,683,684,685,686,687,688,689,690,691,692,693,694,695,696,697,698,699,700,701,702,703,704,705,706,707,708,709,710,711,712,713,714,715,716,717,718,719,720,721,722,723,724,725,726,727,728,729,730,731,732,733,734,735,736,737,738,739,740,741,742,743,744,745,746,747,748,749,750,751,752,753,754,755,756,757,758,759,760,761,762,763,764,765,766,767,768,769,770,771,772,773,774,775,776,777,778,779,780,781,782,783,784,785,786,787,788,789,790,791,792,793,794,795,796,797,798,799,800,801,802,803,804,805,806,807,808,809,810,811,812,813,814,815,816,817,818,819,820,821,822,823,824,825,826,827,828,829,830,831,832,833,834,835,836,837,838,839,840,841,842,843,844,845,846,847,848,849,850,851,852,853,854,855,856,857,858,859,860,861,862,863,864,865,866,867,868,869,870,871,872,873,874,875,876,877,878,879,880,881,882,883,884,885,886,887,888,889,890,891,892,893,894,895,896,897,898,899,900,901,902,903,904,905,906,907,908,909,910,911,912,913,914,915,916,917,918,919,920,921,922,923,924,925,926,927,928,929,930,931,932,933,934,935,936,937,938,939,940,941,942,943,944,945,946,947,948,949,950,951,952,953,954,955,956,957,958,959,960,961,962,963,964,965,966,967,968,969,970,971,972,973,974,975,976,977,978,979,980,981,982,983,984,985,986,987,988,989,990,991,992,993,994,995,996,997,998,999,1000,1001,1002,1003,1004,1005,1006,1007,1008,1009,1010,1011,1012,1013,1014,1015,1016,1017,1018,1019,1020,1021,1022,1023,1024,1025,1026,1027,1028,1029,1030,1031,1032,1033,1034,1035,1036,1037,1038,1039,1040,1041,1042,1043,1044,1045,1046,1047,1048,1049,1050,1051,1052,1053,1054,1055,1056,1057,1058,1059,1060,1061,1062,1063,1064,1065,1066,1067,1068,1069,1070,1071,1072,1073,1074,1075,1076,1077,1078,1079,1080,1081,1082,1083,1084,1085,1086,1087,1088,1089,1090,1091,1092,1093,1094,1095,1096,1097,1098,1099,1100,1101,1102,1103,1104,1105,1106,1107,1108,1109,1110,1111,1112,1113,1114,1115,1116,1117,1118,1119,1120,1121,1122,1123,1124,1125,1126,1127,1128,1129,1130,1131,1132,1133,1134,1135,1136,1137,1138,1139,1140,1141,1142,1143,1144,1145,1146,1147,1148,1149,1150,1151,1152,1153,1154,1155,1156,1157,1158,1159,1160,1161,1162,1163,1164,1165,1166,1167,1168,1169,1170,1171,1172,1173,1174,1175,1176,1177,1178,1179,1180,1181,1182,1183,1184,1185,1186,1187,1188,1189,1190,1191,1192,1193,1194,1195,1196,1197,1198,1199,1200,1201,1202,1203,1204,1205,1206,1207,1208,1209,1210,1211,1212,1213,1214,1215,1216,1217,1218,1219,1220,1221,1222,1223,1224,1225,1226,1227,1228,1229,1230,1231,1232,1233,1234,1235,1236,1237,1238,1239,1240,1241,1242,1243,1244,1245,1246,1247,1248,1249,1250,1251,1252,1253,1254,1255,1256,1257,1258,1259,1260,1261,1262,1263,1264,1265,1266,1267,1268,1269,1270,1271,1272,1273,1274,1275,1276,1277,1278,1279,1280,1281,1282,1283,1284,1285,1286,1287,1288,1289,1290,1291,1292,1293,1294,1295,1296,1297,1298,1299,1300,1301,1302,1303,1304,1305,1306,1307,1308,1309,1310,1311,1312,1313,1314,1315,1316,1317,1318,1319,1320,1321,1322,1323,1324,1325,1326,1327,1328,1329,1330,1331,1332,1333,1334,1335,1336,1337,1338,1339,1340,1341,1342,1343,1344,1345,1346,1347,1348,1349,1350,1351,1352,1353,1354,1355,1356,1357,1358,1359,1360,1361,1362,1363,1364,1365,1366,1367,1368,1369,1370,1371,1372,1373,1374,1375,1376,1377,1378,1379,1380,1381,1382,1383,1384,1385,1386,1387,1388,1389,1390,1391,1392,1393,1394,1395,1396,1397,1398,1399,1400,1401,1402,1403,1404,1405,1406,1407,1408,1409,1410,1411,1412,1413,1414,1415,1416,1417,1418,1419,1420,1421,1422,1423,1424,1425,1426,1427,1428,1429,1430,1431,1432,1433,1434,1435,1436,1437,1438,1439,1440,1441,1442,1443,1444,1445,1446,1447,1448,1449,1450,1451,1452,1453,1454,1455,1456,1457,1458,1459,1460,1461,1462,1463,1464,1465,1466,1467,1468,1469,1470,1471,1472,1473,1474,1475,1476,1477,1478,1479,1480,1481,1482,1483,1484,1485,1486,1487,1488,1489,1490,1491,1492,1493,1494,1495,1496,1497,1498,1499,1500,1501,1502,1503,1504,1505,1506,1507,1508,1509,1510,1511,1512,1513,1514,1515,1516,1517,1518,1519,1520,1521,1522,1523,1524,1525,1526,1527,1528,1529,1530,1531,1532,1533,1534,1535,1536,1537,1538,1539,1540,1541,1542,1543,1544,1545,1546,1547,1548,1549,1550,1551,1552,1553,1554,1555,1556,1557,1558,1559,1560,1561,1562,1563,1564,1565,1566,1567,1568,1569,1570,1571,1572,1573,1574,1575,1576,1577,1578,1579,1580,1581,1582,1583,1584,1585,1586,1587,1588,1589,1590,1591,1592,1593,1594,1595,1596,1597,1598,1599,1600,1601,1602,1603,1604,1605,1606,1607,1608,1609,1610,1611,1612,1613,1614,1615,1616,1617,1618,1619,1620,1621,1622,1623,1624,1625,1626,1627,1628,1629,1630,1631,1632,1633,1634,1635,1636,1637,1638,1639,1640,1641,1642,1643,1644,1645,1646,1647,1648,1649,1650,1651,1652,1653,1654,1655,1656,1657,1658,1659,1660,1661,1662,1663,1664,1665,1666,1667,1668,1669,1670,1671,1672,1673,1674,1675,1676,1677,1678,1679,1680,1681,1682,1683,1684,1685,1686,1687,1688,1689,1690,1691,1692,1693,1694,1695,1696,1697,1698,1699,1700,1701,1702,1703,1704,1705,1706,1707,1708,1709,1710,1711,1712,1713,1714,1715,1716,1717,1718,1719,1720,1721,1722,1723,1724,1725,1726,1727,1728,1729,1730,1731,1732,1733,1734,1735,1736,1737,1738,1739,1740,1741,1742,1743,1744,1745,1746,1747,1748,1749,1750,1751,1752,1753,1754,1755,1756,1757,1758,1759,1760,1761,1762,1763,1764,1765,1766,1767,1768,1769,1770,1771,1772,1773,1774,1775,1776,1777,1778,1779,1780,1781,1782,1783,1784,1785,1786,1787,1788,1789,1790,1791,1792,1793,1794,1795,1796,1797,1798,1799,1800,1801,1802,1803,1804,1805,1806,1807,1808,1809,1810,1811,1812,1813,1814,1815,1816,1817,1818,1819,1820,1821,1822,1823,1824,1825,1826,1827,1828,1829,1830,1831,1832,1833,1834,1835,1836,1837,1838,1839,1840,1841,1842,1843,1844,1845,1846,1847,1848,1849,1850,1851,1852,1853,1854,1855,1856,1857,1858,1859,1860,1861,1862,1863,1864,1865,1866,1867,1868,1869,1870,1871,1872,1873,1874,1875,1876,1877,1878,1879,1880,1881,1882,1883,1884,1885,1886,1887,1888,1889,1890,1891,1892,1893,1894,1895,1896,1897,1898,1899,1900,1901,1902,1903,1904,1905,1906,1907,1908,1909,1910,1911,1912,1913,1914,1915,1916,1917,1918,1919,1920,1921,1922,1923,1924,1925,1926,1927,1928,1929,1930,1931,1932,1933,1934,1935,1936,1937,1938,1939,1940,1941,1942,1943,1944,1945,1946,1947,1948,1949,1950,1951,1952,1953,1954,1955,1956,1957,1958,1959,1960,1961,1962,1963,1964,1965,1966,1967,1968,1969,1970,1971,1972,1973,1974,1975,1976,1977,1978,1979,1980,1981,1982,1983,1984,1985,1986,1987,1988,1989,1990,1991,1992,1993,1994,1995,1996,1997,1998,1999,2000,2001,2002,2003,2004,2005,2006,2007,2008,2009,2010,2011,2012,2013,2014,2015,2016,2017,2018,2019,2020,2021,2022,2023,2024,2025,2026,2027,2028,2029,2030,2031,2032,2033,2034,2035,2036,2037,2038,2039,2040,2041,2042,2043,2044,2045,2046,2047,2048,2049,2050,2051,2052,2053,2054,2055,2056,2057,2058,2059,2060,2061,2062,2063,2064,2065,2066,2067,2068,2069,2070,2071,2072,2073,2074,2075,2076,2077,2078,2079,2080,2081,2082,2083,2084,2085,2086,2087,2088,2089,2090,2091,2092,2093,2094,2095,2096,2097,2098,2099,2100,2101,2102,2103,2104,2105,2106,2107,2108,2109,2110,2111,2112,2113,2114,2115,2116,2117,2118,2119,2120,2121,2122,2123,2124,2125,2126,2127,2128,2129,2130,2131,2132,2133,2134,2135,2136,2137,2138,2139,2140,2141,2142,2143,2144,2145,2146,2147,2148,2149,2150,2151,2152,2153,2154,2155,2156,2157,2158,2159,2160,2161,2162,2163,2164,2165,2166,2167,2168,2169,2170,2171,2172,2173,2174,2175,2176,2177,2178,2179,2180,2181,2182,2183,2184,2185,2186,2187,2188,2189,2190,2191,2192,2193,2194,2195,2196,2197,2198,2199,2200,2201,2202,2203,2204,2205,2206,2207,2208,2209,2210,2211,2212,2213,2214,2215,2216,2217,2218,2219,2220,2221,2222,2223,2224,2225,2226,2227,2228,2229,2230,2231,2232,2233,2234,2235,2236,2237,2238,2239,2240,2241,2242,2243,2244,2245,2246,2247,2248,2249,2250,2251,2252,2253,2254,2255,2256,2257,2258,2259,2260,2261,2262,2263,2264,2265,2266,2267,2268,2269,2270,2271,2272,2273,2274,2275,2276,2277,2278,2279,2280,2281,2282,2283,2284,2285,2286,2287,2288,2289,2290,2291,2292,2293,2294,2295,2296,2297,2298,2299,2300,2301,2302,2303,2304,2305,2306,2307,2308,2309,2310,2311,2312,2313,2314,2315,2316,2317,2318,2319,2320,2321,2322,2323,2324,2325,2326,2327,2328,2329,2330,2331,2332,2333,2334,2335,2336,2337,2338,2339,2340,2341,2342,2343,2344,2345,2346,2347,2348,2349,2350,2351,2352,2353,2354,2355,2356,2357,2358,2359,2360,2361,2362,2363,2364,2365,2366,2367,2368,2369,2370,2371,2372,2373,2374,2375,2376,2377,2378,2379,2380,2381,2382,2383,2384,2385,2386,2387,2388,2389,2390,2391,2392,2393,2394,2395,2396,2397,2398,2399,2400,2401,2402,2403,2404,2405,2406,2407,2408,2409,2410,2411,2412,2413,2414,2415,2416,2417,2418,2419,2420,2421,2422,2423,2424,2425,2426,2427,2428,2429,2430,2431,2432,2433,2434,2435,2436,2437,2438,2439,2440,2441,2442,2443,2444,2445,2446,2447,2448,2449,2450,2451,2452,2453,2454,2455,2456,2457,2458,2459,2460,2461,2462,2463,2464,2465,2466,2467,2468,2469,2470,2471,2472,2473,2474,2475,2476,2477,2478,2479,2480,2481,2482,2483,2484,2485,2486,2487,2488,2489,2490,2491,2492,2493,2494,2495,2496,2497,2498,2499,2500,2501,2502,2503,2504,2505,2506,2507,2508,2509,2510,2511,2512,2513,2514,2515,2516,2517,2518,2519,2520,2521,2522,2523,2524,2525,2526,2527,2528,2529,2530,2531,2532,2533,2534,2535,2536,2537,2538,2539,2540,2541,2542,2543,2544,2545,2546,2547,2548,2549,2550,2551,2552,2553,2554,2555,2556,2557,2558,2559,2560,2561,2562,2563,2564,2565,2566,2567,2568,2569,2570,2571,2572,2573,2574,2575,2576,2577,2578,2579,2580,2581,2582,2583,2584,2585,2586,2587,2588,2589,2590,2591,2592,2593,2594,2595,2596,2597,2598,2599,2600,2601,2602,2603,2604,2605,2606,2607,2608,2609,2610,2611,2612,2613,2614,2615,2616,2617,2618,2619,2620,2621,2622,2623,2624,2625,2626,2627,2628,2629,2630,2631,2632,2633,2634,2635,2636,2637,2638,2639,2640,2641,2642,2643,2644,2645,2646,2647,2648,2649,2650,2651,2652,2653,2654,2655,2656,2657,2658,2659,2660,2661,2662,2663,2664,2665,2666,2667,2668,2669,2670,2671,2672,2673,2674,2675,2676,2677,2678,2679,2680,2681,2682,2683,2684,2685,2686,2687,2688,2689,2690,2691,2692,2693,2694,2695,2696,2697,2698,2699,2700,2701,2702,2703,2704,2705,2706,2707,2708,2709,2710,2711,2712,2713,2714,2715,2716,2717,2718,2719,2720,2721,2722,2723,2724,2725,2726,2727,2728,2729,2730,2731,2732,2733,2734,2735,2736,2737,2738,2739,2740,2741,2742,2743,2744,2745,2746,2747,2748,2749,2750,2751,2752,2753,2754,2755,2756,2757,2758,2759,2760,2761,2762,2763,2764,2765,2766,2767,2768,2769,2770,2771,2772,2773,2774,2775,2776,2777,2778,2779,2780,2781,2782,2783,2784,2785,2786,2787,2788,2789,2790,2791,2792,2793,2794,2795,2796,2797,2798,2799,2800,2801,2802,2803,2804,2805,2806,2807,2808,2809,2810,2811,2812,2813,2814,2815,2816,2817,2818,2819,2820,2821,2822,2823,2824,2825,2826,2827,2828,2829,2830,2831,2832,2833,2834,2835,2836,2837,2838,2839,2840,2841,2842,2843,2844,2845,2846,2847,2848,2849,2850,2851,2852,2853,2854,2855,2856,2857,2858,2859,2860,2861,2862,2863,2864,2865,2866,2867,2868,2869,2870,2871,2872,2873,2874,2875,2876,2877,2878,2879,2880,2881,2882,2883,2884,2885,2886,2887,2888,2889,2890,2891,2892,2893,2894,2895,2896,2897,2898,2899,2900,2901,2902,2903,2904,2905,2906,2907,2908,2909,2910,2911,2912,2913,2914,2915,2916,2917,2918,2919,2920,2921,2922,2923,2924,2925,2926,2927,2928,2929,2930,2931,2932,2933,2934,2935,2936,2937,2938,2939,2940,2941,2942,2943,2944,2945,2946,2947,2948,2949,2950,2951,2952,2953,2954,2955,2956,2957,2958,2959,2960,2961,2962,2963,2964,2965,2966,2967,2968,2969,2970,2971,2972,2973,2974,2975,2976,2977,2978,2979,2980,2981,2982,2983,2984,2985,2986,2987,2988,2989,2990,2991,2992,2993,2994,2995,2996,2997,2998,2999,3000,3001,3002,3003,3004,3005,3006,3007,3008,3009,3010,3011,3012,3013,3014,3015,3016,3017,3018,3019,3020,3021,3022,3023,3024,3025,3026,3027,3028,3029,3030,3031,3032,3033,3034,3035,3036,3037,3038,3039,3040,3041,3042,3043,3044,3045,3046,3047,3048,3049,3050,3051,3052,3053,3054,3055,3056,3057,3058,3059,3060,3061,3062,3063,3064,3065,3066,3067,3068,3069,3070,3071,3072,3073,3074,3075,3076,3077,3078,3079,3080,3081,3082,3083,3084,3085,3086,3087,3088,3089,3090,3091,3092,3093,3094,3095,3096,3097,3098,3099,3100,3101,3102,3103,3104,3105,3106,3107,3108,3109,3110,3111,3112,3113,3114,3115,3116,3117,3118,3119,3120,3121,3122,3123,3124,3125,3126,3127,3128,3129,3130,3131,3132,3133,3134,3135,3136,3137,3138,3139,3140,3141,3142,3143,3144,3145,3146,3147,3148,3149,3150,3151,3152,3153,3154,3155,3156,3157,3158,3159,3160,3161,3162,3163,3164,3165,3166,3167,3168,3169,3170,3171,3172,3173,3174,3175,3176,3177,3178,3179,3180,3181,3182,3183,3184,3185,3186,3187,3188,3189,3190,3191,3192,3193,3194,3195,3196,3197,3198,3199,3200,3201,3202,3203,3204,3205,3206,3207,3208,3209,3210,3211,3212,3213,3214,3215,3216,3217,3218,3219,3220,3221,3222,3223,3224,3225,3226,3227,3228,3229,3230,3231,3232,3233,3234,3235,3236,3237,3238,3239,3240,3241,3242,3243,3244,3245,3246,3247,3248,3249,3250,3251,3252,3253,3254,3255,3256,3257,3258,3259,3260,3261,3262,3263,3264,3265,3266,3267,3268,3269,3270,3271,3272,3273,3274,3275,3276,3277,3278,3279,3280,3281,3282,3283,3284,3285,3286,3287,3288,3289,3290,3291,3292,3293,3294,3295,3296,3297,3298,3299,3300,3301,3302,3303,3304,3305,3306,3307,3308,3309,3310,3311,3312,3313,3314,3315,3316,3317,3318,3319,3320,3321,3322,3323,3324,3325,3326,3327,3328,3329,3330,3331,3332,3333,3334,3335,3336,3337,3338,3339,3340,3341,3342,3343,3344,3345,3346,3347,3348,3349,3350,3351,3352,3353,3354,3355,3356,3357,3358,3359,3360,3361,3362,3363,3364,3365,3366,3367,3368,3369,3370,3371,3372,3373,3374,3375,3376,3377,3378,3379,3380,3381,3382,3383,3384,3385,3386,3387,3388,3389,3390,3391,3392,3393,3394,3395,3396,3397,3398,3399,3400,3401,3402,3403,3404,3405,3406,3407,3408,3409,3410,3411,3412,3413,3414,3415,3416,3417,3418,3419,3420,3421,3422,3423,3424,3425,3426,3427,3428,3429,3430,3431,3432,3433,3434,3435,3436,3437,3438,3439,3440,3441,3442,3443,3444,3445,3446,3447,3448,3449,3450,3451,3452,3453,3454,3455,3456,3457,3458,3459,3460,3461,3462,3463,3464,3465,3466,3467,3468,3469,3470,3471,3472,3473,3474,3475,3476,3477,3478,3479,3480,3481,3482,3483,3484,3485,3486,3487,3488,3489,3490,3491,3492,3493,3494,3495,3496,3497,3498,3499,3500,3501,3502,3503,3504,3505,3506,3507,3508,3509,3510,3511,3512,3513,3514,3515,3516,3517,3518,3519,3520,3521,3522,3523,3524,3525,3526,3527,3528,3529,3530,3531,3532,3533,3534,3535,3536,3537,3538,3539,3540,3541,3542,3543,3544,3545,3546,3547,3548,3549,3550,3551,3552,3553,3554,3555,3556,3557,3558,3559,3560,3561,3562,3563,3564,3565,3566,3567,3568,3569,3570,3571,3572,3573,3574,3575,3576,3577,3578,3579,3580,3581,3582,3583,3584,3585,3586,3587,3588,3589,3590,3591,3592,3593,3594,3595,3596,3597,3598,3599,3600,3601,3602,3603,3604,3605,3606,3607,3608,3609,3610,3611,3612,3613,3614,3615,3616,3617,3618,3619,3620,3621,3622,3623,3624,3625,3626,3627,3628,3629,3630,3631,3632,3633,3634,3635,3636,3637,3638,3639,3640,3641,3642,3643,3644,3645,3646,3647,3648,3649,3650,3651,3652,3653,3654,3655,3656,3657,3658,3659,3660,3661,3662,3663,3664,3665,3666,3667,3668,3669,3670,3671,3672,3673,3674,3675,3676,3677,3678,3679,3680,3681,3682,3683,3684,3685,3686,3687,3688,3689,3690,3691,3692,3693,3694,3695,3696,3697,3698,3699,3700,3701,3702,3703,3704,3705,3706,3707,3708,3709,3710,3711,3712,3713,3714,3715,3716,3717,3718,3719,3720,3721,3722,3723,3724,3725,3726,3727,3728,3729,3730,3731,3732,3733,3734,3735,3736,3737,3738,3739,3740,3741,3742,3743,3744,3745,3746,3747,3748,3749,3750,3751,3752,3753,3754,3755,3756,3757,3758,3759,3760,3761,3762,3763,3764,3765,3766,3767,3768,3769,3770,3771,3772,3773,3774,3775,3776,3777,3778,3779,3780,3781,3782,3783,3784,3785,3786,3787,3788,3789,3790,3791,3792,3793,3794,3795,3796,3797,3798,3799,3800,3801,3802,3803,3804,3805,3806,3807,3808,3809,3810,3811,3812,3813,3814,3815,3816,3817,3818,3819,3820,3821,3822,3823,3824,3825,3826,3827,3828,3829,3830,3831,3832,3833,3834,3835,3836,3837,3838,3839,3840,3841,3842,3843,3844,3845,3846,3847,3848,3849,3850,3851,3852,3853,3854,3855,3856,3857,3858,3859,3860,3861,3862,3863,3864,3865,3866,3867,3868,3869,3870,3871,3872,3873,3874,3875,3876,3877,3878,3879,3880,3881,3882,3883,3884,3885,3886,3887,3888,3889,3890,3891,3892,3893,3894,3895,3896,3897,3898,3899,3900,3901,3902,3903,3904,3905,3906,3907,3908,3909,3910,3911,3912,3913,3914,3915,3916,3917,3918,3919,3920,3921,3922,3923,3924,3925,3926,3927,3928,3929,3930,3931,3932,3933,3934,3935,3936,3937,3938,3939,3940,3941,3942,3943,3944,3945,3946,3947,3948,3949,3950,3951,3952,3953,3954,3955,3956,3957,3958,3959,3960,3961,3962,3963,3964,3965,3966,3967,3968,3969,3970,3971,3972,3973,3974,3975,3976,3977,3978,3979,3980,3981,3982,3983,3984,3985,3986,3987,3988,3989,3990,3991,3992,3993,3994,3995,3996,3997,3998,3999,4000,4001,4002,4003,4004,4005,4006,4007,4008,4009,4010,4011,4012,4013,4014,4015,4016,4017,4018,4019,4020,4021,4022,4023,4024,4025,4026,4027,4028,4029,4030,4031,4032,4033,4034,4035,4036,4037,4038,4039,4040,4041,4042,4043,4044,4045,4046,4047,4048,4049,4050,4051,4052,4053,4054,4055,4056,4057,4058,4059,4060,4061,4062,4063,4064,4065,4066,4067,4068,4069,4070,4071,4072,4073,4074,4075,4076,4077,4078,4079,4080,4081,4082,4083,4084,4085,4086,4087,4088,4089,4090,4091,4092,4093,4094,4095,4096,4097,4098,4099,4100,4101,4102,4103,4104,4105,4106,4107,4108,4109,4110,4111,4112,4113,4114,4115,4116,4117,4118,4119,4120,4121,4122,4123,4124,4125,4126,4127,4128,4129,4130,4131,4132,4133,4134,4135,4136,4137,4138,4139,4140,4141,4142,4143,4144,4145,4146,4147,4148,4149,4150,4151,4152,4153,4154,4155,4156,4157,4158,4159,4160,4161,4162,4163,4164,4165,4166,4167,4168,4169,4170,4171,4172,4173,4174,4175,4176,4177,4178,4179,4180,4181,4182,4183,4184,4185,4186,4187,4188,4189,4190,4191,4192,4193,4194,4195,4196,4197,4198,4199,4200,4201,4202,4203,4204,4205,4206,4207,4208,4209,4210,4211,4212,4213,4214,4215,4216,4217,4218,4219,4220,4221,4222,4223,4224,4225,4226,4227,4228,4229,4230,4231,4232,4233,4234,4235,4236,4237,4238,4239,4240,4241,4242,4243,4244,4245,4246,4247,4248,4249,4250,4251,4252,4253,4254,4255,4256,4257,4258,4259,4260,4261,4262,4263,4264,4265,4266,4267,4268,4269,4270,4271,4272,4273,4274,4275,4276,4277,4278,4279,4280,4281,4282,4283,4284,4285,4286,4287,4288,4289,4290,4291,4292,4293,4294,4295,4296,4297,4298,4299,4300,4301,4302,4303,4304,4305,4306,4307,4308,4309,4310,4311,4312,4313,4314,4315,4316,4317,4318,4319,4320,4321,4322,4323,4324,4325,4326,4327,4328,4329,4330,4331,4332,4333,4334,4335,4336,4337,4338,4339,4340,4341,4342,4343,4344,4345,4346,4347,4348,4349,4350,4351,4352,4353,4354,4355,4356,4357,4358,4359,4360,4361,4362,4363,4364,4365,4366,4367,4368,4369,4370,4371,4372,4373,4374,4375,4376,4377,4378,4379,4380,4381,4382,4383,4384,4385,4386,4387,4388,4389,4390,4391,4392,4393,4394,4395,4396,4397,4398,4399,4400,4401,4402,4403,4404,4405,4406,4407,4408,4409,4410,4411,4412,4413,4414,4415,4416,4417,4418,4419,4420,4421,4422,4423,4424,4425,4426,4427,4428,4429,4430,4431,4432,4433,4434,4435,4436,4437,4438,4439,4440,4441,4442,4443,4444,4445,4446,4447,4448,4449,4450,4451,4452,4453,4454,4455,4456,4457,4458,4459,4460,4461,4462,4463,4464,4465,4466,4467,4468,4469,4470,4471,4472,4473,4474,4475,4476,4477,4478,4479,4480,4481,4482,4483,4484,4485,4486,4487,4488,4489,4490,4491,4492,4493,4494,4495,4496,4497,4498,4499,4500,4501,4502,4503,4504,4505,4506,4507,4508,4509,4510,4511,4512,4513,4514,4515,4516,4517,4518,4519,4520,4521,4522,4523,4524,4525,4526,4527,4528,4529,4530,4531,4532,4533,4534,4535,4536,4537,4538,4539,4540,4541,4542,4543,4544,4545,4546,4547,4548,4549,4550,4551,4552,4553,4554,4555,4556,4557,4558,4559,4560,4561,4562,4563,4564,4565,4566,4567,4568,4569,4570,4571,4572,4573,4574,4575,4576,4577,4578,4579,4580,4581,4582,4583,4584,4585,4586,4587,4588,4589,4590,4591,4592,4593,4594,4595,4596,4597,4598,4599,4600,4601,4602,4603,4604,4605,4606,4607,4608,4609,4610,4611,4612,4613,4614,4615,4616,4617,4618,4619,4620,4621,4622,4623,4624,4625,4626,4627,4628,4629,4630,4631,4632,4633,4634,4635,4636,4637,4638,4639,4640,4641,4642,4643,4644,4645,4646,4647,4648,4649,4650,4651,4652,4653,4654,4655,4656,4657,4658,4659,4660,4661,4662,4663,4664,4665,4666,4667,4668,4669,4670,4671,4672,4673,4674,4675,4676,4677,4678,4679,4680,4681,4682,4683,4684,4685,4686,4687,4688,4689,4690,4691,4692,4693,4694,4695,4696,4697,4698,4699,4700,4701,4702,4703,4704,4705,4706,4707,4708,4709,4710,4711,4712,4713,4714,4715,4716,4717,4718,4719,4720,4721,4722,4723,4724,4725,4726,4727,4728,4729,4730,4731,4732,4733,4734,4735,4736,4737,4738,4739,4740,4741,4742,4743,4744,4745,4746,4747,4748,4749,4750,4751,4752,4753,4754,4755,4756,4757,4758,4759,4760,4761,4762,4763,4764,4765,4766,4767,4768,4769,4770,4771,4772,4773,4774,4775,4776,4777,4778,4779,4780,4781,4782,4783,4784,4785,4786,4787,4788,4789,4790,4791,4792,4793,4794,4795,4796,4797,4798,4799,4800,4801,4802,4803,4804,4805,4806,4807,4808,4809,4810,4811,4812,4813,4814,4815,4816,4817,4818,4819,4820,4821,4822,4823,4824,4825,4826,4827,4828,4829,4830,4831,4832,4833,4834,4835,4836,4837,4838,4839,4840,4841,4842,4843,4844,4845,4846,4847,4848,4849,4850,4851,4852,4853,4854,4855,4856,4857,4858,4859,4860,4861,4862,4863,4864,4865,4866,4867,4868,4869,4870,4871,4872,4873,4874,4875,4876,4877,4878,4879,4880,4881,4882,4883,4884,4885,4886,4887,4888,4889,4890,4891,4892,4893,4894,4895,4896,4897,4898,4899,4900,4901,4902,4903,4904,4905,4906,4907,4908,4909,4910,4911,4912,4913,4914,4915,4916,4917,4918,4919,4920,4921,4922,4923,4924,4925,4926,4927,4928,4929,4930,4931,4932,4933,4934,4935,4936,4937,4938,4939,4940,4941,4942,4943,4944,4945,4946,4947,4948,4949,4950,4951,4952,4953,4954,4955,4956,4957,4958,4959,4960,4961,4962,4963,4964,4965,4966,4967,4968,4969,4970,4971,4972,4973,4974,4975,4976,4977,4978,4979,4980,4981,4982,4983,4984,4985,4986,4987,4988,4989,4990,4991,4992,4993,4994,4995,4996,4997,4998,4999,5000,5001,5002,5003,5004,5005,5006,5007,5008,5009,5010,5011,5012,5013,5014,5015,5016,5017,5018,5019,5020,5021,5022,5023,5024,5025,5026,5027,5028,5029,5030,5031,5032,5033,5034,5035,5036,5037,5038,5039,5040,5041,5042,5043,5044,5045,5046,5047,5048,5049,5050,5051,5052,5053,5054,5055,5056,5057,5058,5059,5060,5061,5062,5063,5064,5065,5066,5067,5068,5069,5070,5071,5072,5073,5074,5075,5076,5077,5078,5079,5080,5081,5082,5083,5084,5085,5086,5087,5088,5089,5090,5091,5092,5093,5094,5095,5096,5097,5098,5099,5100,5101,5102,5103,5104,5105,5106,5107,5108,5109,5110,5111,5112,5113,5114,5115,5116,5117,5118,5119,5120,5121,5122,5123,5124,5125,5126,5127,5128,5129,5130,5131,5132,5133,5134,5135,5136,5137,5138,5139,5140,5141,5142,5143,5144,5145,5146,5147,5148,5149,5150,5151,5152,5153,5154,5155,5156,5157,5158,5159,5160,5161,5162,5163,5164,5165,5166,5167,5168,5169,5170,5171,5172,5173,5174,5175,5176,5177,5178,5179,5180,5181,5182,5183,5184,5185,5186,5187,5188,5189,5190,5191,5192,5193,5194,5195,5196,5197,5198,5199,5200,5201,5202,5203,5204,5205,5206,5207,5208,5209,5210,5211,5212,5213,5214,5215,5216,5217,5218,5219,5220,5221,5222,5223,5224,5225,5226,5227,5228,5229,5230,5231,5232,5233,5234,5235,5236,5237,5238,5239,5240,5241,5242,5243,5244,5245,5246,5247,5248,5249,5250,5251,5252,5253,5254,5255,5256,5257,5258,5259,5260,5261,5262,5263,5264,5265,5266,5267,5268,5269,5270,5271,5272,5273,5274,5275,5276,5277,5278,5279,5280,5281,5282,5283,5284,5285,5286,5287,5288,5289,5290,5291,5292,5293,5294,5295,5296,5297,5298,5299,5300,5301,5302,5303,5304,5305,5306,5307,5308,5309,5310,5311,5312,5313,5314,5315,5316,5317,5318,5319,5320,5321,5322,5323,5324,5325,5326,5327,5328,5329,5330,5331,5332,5333,5334,5335,5336,5337,5338,5339,5340,5341,5342,5343,5344,5345,5346,5347,5348,5349,5350,5351,5352,5353,5354,5355,5356,5357,5358,5359,5360,5361,5362,5363,5364,5365,5366,5367,5368,5369,5370,5371,5372,5373,5374,5375,5376,5377,5378,5379,5380,5381,5382,5383,5384,5385,5386,5387,5388,5389,5390,5391,5392,5393,5394,5395,5396,5397,5398,5399,5400,5401,5402,5403,5404,5405,5406,5407,5408,5409,5410,5411,5412,5413,5414,5415,5416,5417,5418,5419,5420,5421,5422,5423,5424,5425,5426,5427,5428,5429,5430,5431,5432,5433,5434,5435,5436,5437,5438,5439,5440,5441,5442,5443,5444,5445,5446,5447,5448,5449,5450,5451,5452,5453,5454,5455,5456,5457,5458,5459,5460,5461,5462,5463,5464,5465,5466,5467,5468,5469,5470,5471,5472,5473,5474,5475,5476,5477,5478,5479,5480,5481,5482,5483,5484,5485,5486,5487,5488,5489,5490,5491,5492,5493,5494,5495,5496,5497,5498,5499,5500,5501,5502,5503,5504,5505,5506,5507,5508,5509,5510,5511,5512,5513,5514,5515,5516,5517,5518,5519,5520,5521,5522,5523,5524,5525,5526,5527,5528,5529,5530,5531,5532,5533,5534,5535,5536,5537,5538,5539,5540,5541,5542,5543,5544,5545,5546,5547,5548,5549,5550,5551,5552,5553,5554,5555,5556,5557,5558,5559,5560,5561,5562,5563,5564,5565,5566,5567,5568,5569,5570,5571,5572,5573,5574,5575,5576,5577,5578,5579,5580,5581,5582,5583,5584,5585,5586,5587,5588,5589,5590,5591,5592,5593,5594,5595,5596,5597,5598,5599,5600,5601,5602,5603,5604,5605,5606,5607,5608,5609,5610,5611,5612,5613,5614,5615,5616,5617,5618,5619,5620,5621,5622,5623,5624,5625,5626,5627,5628,5629,5630,5631,5632,5633,5634,5635,5636,5637,5638,5639,5640,5641,5642,5643,5644,5645,5646,5647,5648,5649,5650,5651,5652,5653,5654,5655,5656,5657,5658,5659,5660,5661,5662,5663,5664,5665,5666,5667,5668,5669,5670,5671,5672,5673,5674,5675,5676,5677,5678,5679,5680,5681,5682,5683,5684,5685,5686,5687,5688,5689,5690,5691,5692,5693,5694,5695,5696,5697,5698,5699,5700,5701,5702,5703,5704,5705,5706,5707,5708,5709,5710,5711,5712,5713,5714,5715,5716,5717,5718,5719,5720,5721,5722,5723,5724,5725,5726,5727,5728,5729,5730,5731,5732,5733,5734,5735,5736,5737,5738,5739,5740,5741,5742,5743,5744,5745,5746,5747,5748,5749,5750,5751,5752,5753,5754,5755,5756,5757,5758,5759,5760,5761,5762,5763,5764,5765,5766,5767,5768,5769,5770,5771,5772,5773,5774,5775,5776,5777,5778,5779,5780,5781,5782,5783,5784,5785,5786,5787,5788,5789,5790,5791,5792,5793,5794,5795,5796,5797,5798,5799,5800,5801,5802,5803,5804,5805,5806,5807,5808,5809,5810,5811,5812,5813,5814,5815,5816,5817,5818,5819,5820,5821,5822,5823,5824,5825,5826,5827,5828,5829,5830,5831,5832,5833,5834,5835,5836,5837,5838,5839,5840,5841,5842,5843,5844,5845,5846,5847,5848,5849,5850,5851,5852,5853,5854,5855,5856,5857,5858,5859,5860,5861,5862,5863,5864,5865,5866,5867,5868,5869,5870,5871,5872,5873,5874,5875,5876,5877,5878,5879,5880,5881,5882,5883,5884,5885,5886,5887,5888,5889,5890,5891,5892,5893,5894,5895,5896,5897,5898,5899,5900,5901,5902,5903,5904,5905,5906,5907,5908,5909,5910,5911,5912,5913,5914,5915,5916,5917,5918,5919,5920,5921,5922,5923,5924,5925,5926,5927,5928,5929,5930,5931,5932,5933,5934,5935,5936,5937,5938,5939,5940,5941,5942,5943,5944,5945,5946,5947,5948,5949,5950,5951,5952,5953,5954,5955,5956,5957,5958,5959,5960,5961,5962,5963,5964,5965,5966,5967,5968,5969,5970,5971,5972,5973,5974,5975,5976,5977,5978,5979,5980,5981,5982,5983,5984,5985,5986,5987,5988,5989,5990,5991,5992,5993,5994,5995,5996,5997,5998,5999,6000,6001,6002,6003,6004,6005,6006,6007,6008,6009,6010,6011,6012,6013,6014,6015,6016,6017,6018,6019,6020,6021,6022,6023,6024,6025,6026,6027,6028,6029,6030,6031,6032,6033,6034,6035,6036,6037,6038,6039,6040,6041,6042,6043,6044,6045,6046,6047,6048,6049,6050,6051,6052,6053,6054,6055,6056,6057,6058,6059,6060,6061,6062,6063,6064,6065,6066,6067,6068,6069,6070,6071,6072,6073,6074,6075,6076,6077,6078,6079,6080,6081,6082,6083,6084,6085,6086,6087,6088,6089,6090,6091,6092,6093,6094,6095,6096,6097,6098,6099,6100,6101,6102,6103,6104,6105,6106,6107,6108,6109,6110,6111,6112,6113,6114,6115,6116,6117,6118,6119,6120,6121,6122,6123,6124,6125,6126,6127,6128,6129,6130,6131,6132,6133,6134,6135,6136,6137,6138,6139,6140,6141,6142,6143,6144,6145,6146,6147,6148,6149,6150,6151,6152,6153,6154,6155,6156,6157,6158,6159,6160,6161,6162,6163,6164,6165,6166,6167,6168,6169,6170,6171,6172,6173,6174,6175,6176,6177,6178,6179,6180,6181,6182,6183,6184,6185,6186,6187,6188,6189,6190,6191,6192,6193,6194,6195,6196,6197,6198,6199,6200,6201,6202,6203,6204,6205,6206,6207,6208,6209,6210,6211,6212,6213,6214,6215,6216,6217,6218,6219,6220,6221,6222,6223,6224,6225,6226,6227,6228,6229,6230,6231,6232,6233,6234,6235,6236,6237,6238,6239,6240,6241,6242,6243,6244,6245,6246,6247,6248,6249,6250,6251,6252,6253,6254,6255,6256,6257,6258,6259,6260,6261,6262,6263,6264,6265,6266,6267,6268,6269,6270,6271,6272,6273,6274,6275,6276,6277,6278,6279,6280,6281,6282,6283,6284,6285,6286,6287,6288,6289,6290,6291,6292,6293,6294,6295,6296,6297,6298,6299,6300,6301,6302,6303,6304,6305,6306,6307,6308,6309,6310,6311,6312,6313,6314,6315,6316,6317,6318,6319,6320,6321,6322,6323,6324,6325,6326,6327,6328,6329,6330,6331,6332,6333,6334,6335,6336,6337,6338,6339,6340,6341,6342,6343,6344,6345,6346,6347,6348,6349,6350,6351,6352,6353,6354,6355,6356,6357,6358,6359,6360,6361,6362,6363,6364,6365,6366,6367,6368,6369,6370,6371,6372,6373,6374,6375,6376,6377,6378,6379,6380,6381,6382,6383,6384,6385,6386,6387,6388,6389,6390,6391,6392,6393,6394,6395,6396,6397,6398,6399,6400,6401,6402,6403,6404,6405,6406,6407,6408,6409,6410,6411,6412,6413,6414,6415,6416,6417,6418,6419,6420,6421,6422,6423,6424,6425,6426,6427,6428,6429,6430,6431,6432,6433,6434,6435,6436,6437,6438,6439,6440,6441,6442,6443,6444,6445,6446,6447,6448,6449,6450,6451,6452,6453,6454,6455,6456,6457,6458,6459,6460,6461,6462,6463,6464,6465,6466,6467,6468,6469,6470,6471,6472,6473,6474,6475,6476,6477,6478,6479,6480,6481,6482,6483,6484,6485,6486,6487,6488,6489,6490,6491,6492,6493,6494,6495,6496,6497,6498,6499,6500,6501,6502,6503,6504,6505,6506,6507,6508,6509,6510,6511,6512,6513,6514,6515,6516,6517,6518,6519,6520,6521,6522,6523,6524,6525,6526,6527,6528,6529,6530,6531,6532,6533,6534,6535,6536,6537,6538,6539,6540,6541,6542,6543,6544,6545,6546,6547,6548,6549,6550,6551,6552,6553,6554,6555,6556,6557,6558,6559,6560,6561,6562,6563,6564,6565,6566,6567,6568,6569,6570,6571,6572,6573,6574,6575,6576,6577,6578,6579,6580,6581,6582,6583,6584,6585,6586,6587,6588,6589,6590,6591,6592,6593,6594,6595,6596,6597,6598,6599,6600,6601,6602,6603,6604,6605,6606,6607,6608,6609,6610,6611,6612,6613,6614,6615,6616,6617,6618,6619,6620,6621,6622,6623,6624,6625,6626,6627,6628,6629,6630,6631,6632,6633,6634,6635,6636,6637,6638,6639,6640,6641,6642,6643,6644,6645,6646,6647,6648,6649,6650,6651,6652,6653,6654,6655,6656,6657,6658,6659,6660,6661,6662,6663,6664,6665,6666,6667,6668,6669,6670,6671,6672,6673,6674,6675,6676,6677,6678,6679,6680,6681,6682,6683,6684,6685,6686,6687,6688,6689,6690,6691,6692,6693,6694,6695,6696,6697,6698,6699,6700,6701,6702,6703,6704,6705,6706,6707,6708,6709,6710,6711,6712,6713,6714,6715,6716,6717,6718,6719,6720,6721,6722,6723,6724,6725,6726,6727,6728,6729,6730,6731,6732,6733,6734,6735,6736,6737,6738,6739,6740,6741,6742,6743,6744,6745,6746,6747,6748,6749,6750,6751,6752,6753,6754,6755,6756,6757,6758,6759,6760,6761,6762,6763,6764,6765,6766,6767,6768,6769,6770,6771,6772,6773,6774,6775,6776,6777,6778,6779,6780,6781,6782,6783,6784,6785,6786,6787,6788,6789,6790,6791,6792,6793,6794,6795,6796,6797,6798,6799,6800,6801,6802,6803,6804,6805,6806,6807,6808,6809,6810,6811,6812,6813,6814,6815,6816,6817,6818,6819,6820,6821,6822,6823,6824,6825,6826,6827,6828,6829,6830,6831,6832,6833,6834,6835,6836,6837,6838,6839,6840,6841,6842,6843,6844,6845,6846,6847,6848,6849,6850,6851,6852,6853,6854,6855,6856,6857,6858,6859,6860,6861,6862,6863,6864,6865,6866,6867,6868,6869,6870,6871,6872,6873,6874,6875,6876,6877,6878,6879,6880,6881,6882,6883,6884,6885,6886,6887,6888,6889,6890,6891,6892,6893,6894,6895,6896,6897,6898,6899,6900,6901,6902,6903,6904,6905,6906,6907,6908,6909,6910,6911,6912,6913,6914,6915,6916,6917,6918,6919,6920,6921,6922,6923,6924,6925,6926,6927,6928,6929,6930,6931,6932,6933,6934,6935,6936,6937,6938,6939,6940,6941,6942,6943,6944,6945,6946,6947,6948,6949,6950,6951,6952,6953,6954,6955,6956,6957,6958,6959,6960,6961,6962,6963,6964,6965,6966,6967,6968,6969,6970,6971,6972,6973,6974,6975,6976,6977,6978,6979,6980,6981,6982,6983,6984,6985,6986,6987,6988,6989,6990,6991,6992,6993,6994,6995,6996,6997,6998,6999,7000,7001,7002,7003,7004,7005,7006,7007,7008,7009,7010,7011,7012,7013,7014,7015,7016,7017,7018,7019,7020,7021,7022,7023,7024,7025,7026,7027,7028,7029,7030,7031,7032,7033,7034,7035,7036,7037,7038,7039,7040,7041,7042,7043,7044,7045,7046,7047,7048,7049,7050,7051,7052,7053,7054,7055,7056,7057,7058,7059,7060,7061,7062,7063,7064,7065,7066,7067,7068,7069,7070,7071,7072,7073,7074,7075,7076,7077,7078,7079,7080,7081,7082,7083,7084,7085,7086,7087,7088,7089,7090,7091,7092,7093,7094,7095,7096,7097,7098,7099,7100,7101,7102,7103,7104,7105,7106,7107,7108,7109,7110,7111,7112,7113,7114,7115,7116,7117,7118,7119,7120,7121,7122,7123,7124,7125,7126,7127,7128,7129,7130,7131,7132,7133,7134,7135,7136,7137,7138,7139,7140,7141,7142,7143,7144,7145,7146,7147,7148,7149,7150,7151,7152,7153,7154,7155,7156,7157,7158,7159,7160,7161,7162,7163,7164,7165,7166,7167,7168,7169,7170,7171,7172,7173,7174,7175,7176,7177,7178,7179,7180,7181,7182,7183,7184,7185,7186,7187,7188,7189,7190,7191,7192,7193,7194,7195,7196,7197,7198,7199,7200,7201,7202,7203,7204,7205,7206,7207,7208,7209,7210,7211,7212,7213,7214,7215,7216,7217,7218,7219,7220,7221,7222,7223,7224,7225,7226,7227,7228,7229,7230,7231,7232,7233,7234,7235,7236,7237,7238,7239,7240,7241,7242,7243,7244,7245,7246,7247,7248,7249,7250,7251,7252,7253,7254,7255,7256,7257,7258,7259,7260,7261,7262,7263,7264,7265,7266,7267,7268,7269,7270,7271,7272,7273,7274,7275,7276,7277,7278,7279,7280,7281,7282,7283,7284,7285,7286,7287,7288,7289,7290,7291,7292,7293,7294,7295,7296,7297,7298,7299,7300,7301,7302,7303,7304,7305,7306,7307,7308,7309,7310,7311,7312,7313,7314,7315,7316,7317,7318,7319,7320,7321,7322,7323,7324,7325,7326,7327,7328,7329,7330,7331,7332,7333,7334,7335,7336,7337,7338,7339,7340,7341,7342,7343,7344,7345,7346,7347,7348,7349,7350,7351,7352,7353,7354,7355,7356,7357,7358,7359,7360,7361,7362,7363,7364,7365,7366,7367,7368,7369,7370,7371,7372,7373,7374,7375,7376,7377,7378,7379,7380,7381,7382,7383,7384,7385,7386,7387,7388,7389,7390,7391,7392,7393,7394,7395,7396,7397,7398,7399,7400,7401,7402,7403,7404,7405,7406,7407,7408,7409,7410,7411,7412,7413,7414,7415,7416,7417,7418,7419,7420,7421,7422,7423,7424,7425,7426,7427,7428,7429,7430,7431,7432,7433,7434,7435,7436,7437,7438,7439,7440,7441,7442,7443,7444,7445,7446,7447,7448,7449,7450,7451,7452,7453,7454,7455,7456,7457,7458,7459,7460,7461,7462,7463,7464,7465,7466,7467,7468,7469,7470,7471,7472,7473,7474,7475,7476,7477,7478,7479,7480,7481,7482,7483,7484,7485,7486,7487,7488,7489,7490,7491,7492,7493,7494,7495,7496,7497,7498,7499,7500,7501,7502,7503,7504,7505,7506,7507,7508,7509,7510,7511,7512,7513,7514,7515,7516,7517,7518,7519,7520,7521,7522,7523,7524,7525,7526,7527,7528,7529,7530,7531,7532,7533,7534,7535,7536,7537,7538,7539,7540,7541,7542,7543,7544,7545,7546,7547,7548,7549,7550,7551,7552,7553,7554,7555,7556,7557,7558,7559,7560,7561,7562,7563,7564,7565,7566,7567,7568,7569,7570,7571,7572,7573,7574,7575,7576,7577,7578,7579,7580,7581,7582,7583,7584,7585,7586,7587,7588,7589,7590,7591,7592,7593,7594,7595,7596,7597,7598,7599,7600,7601,7602,7603,7604,7605,7606,7607,7608,7609,7610,7611,7612,7613,7614,7615,7616,7617,7618,7619,7620,7621,7622,7623,7624,7625,7626,7627,7628,7629,7630,7631,7632,7633,7634,7635,7636,7637,7638,7639,7640,7641,7642,7643,7644,7645,7646,7647,7648,7649,7650,7651,7652,7653,7654,7655,7656,7657,7658,7659,7660,7661,7662,7663,7664,7665,7666,7667,7668,7669,7670,7671,7672,7673,7674,7675,7676,7677,7678,7679,7680,7681,7682,7683,7684,7685,7686,7687,7688,7689,7690,7691,7692,7693,7694,7695,7696,7697,7698,7699,7700,7701,7702,7703,7704,7705,7706,7707,7708,7709,7710,7711,7712,7713,7714,7715,7716,7717,7718,7719,7720,7721,7722,7723,7724,7725,7726,7727,7728,7729,7730,7731,7732,7733,7734,7735,7736,7737,7738,7739,7740,7741,7742,7743,7744,7745,7746,7747,7748,7749,7750,7751,7752,7753,7754,7755,7756,7757,7758,7759,7760,7761,7762,7763,7764,7765,7766,7767,7768,7769,7770,7771,7772,7773,7774,7775,7776,7777,7778,7779,7780,7781,7782,7783,7784,7785,7786,7787,7788,7789,7790,7791,7792,7793,7794,7795,7796,7797,7798,7799,7800,7801,7802,7803,7804,7805,7806,7807,7808,7809,7810,7811,7812,7813,7814,7815,7816,7817,7818,7819,7820,7821,7822,7823,7824,7825,7826,7827,7828,7829,7830,7831,7832,7833,7834,7835,7836,7837,7838,7839,7840,7841,7842,7843,7844,7845,7846,7847,7848,7849,7850,7851,7852,7853,7854,7855,7856,7857,7858,7859,7860,7861,7862,7863,7864,7865,7866,7867,7868,7869,7870,7871,7872,7873,7874,7875,7876,7877,7878,7879,7880,7881,7882,7883,7884,7885,7886,7887,7888,7889,7890,7891,7892,7893,7894,7895,7896,7897,7898,7899,7900,7901,7902,7903,7904,7905,7906,7907,7908,7909,7910,7911,7912,7913,7914,7915,7916,7917,7918,7919,7920,7921,7922,7923,7924,7925,7926,7927,7928,7929,7930,7931,7932,7933,7934,7935,7936,7937,7938,7939,7940,7941,7942,7943,7944,7945,7946,7947,7948,7949,7950,7951,7952,7953,7954,7955,7956,7957,7958,7959,7960,7961,7962,7963,7964,7965,7966,7967,7968,7969,7970,7971,7972,7973,7974,7975,7976,7977,7978,7979,7980,7981,7982,7983,7984,7985,7986,7987,7988,7989,7990,7991,7992,7993,7994,7995,7996,7997,7998,7999,8000,8001,8002,8003,8004,8005,8006,8007,8008,8009,8010,8011,8012,8013,8014,8015,8016,8017,8018,8019,8020,8021,8022,8023,8024,8025,8026,8027,8028,8029,8030,8031,8032,8033,8034,8035,8036,8037,8038,8039,8040,8041,8042,8043,8044,8045,8046,8047,8048,8049,8050,8051,8052,8053,8054,8055,8056,8057,8058,8059,8060,8061,8062,8063,8064,8065,8066,8067,8068,8069,8070,8071,8072,8073,8074,8075,8076,8077,8078,8079,8080,8081,8082,8083,8084,8085,8086,8087,8088,8089,8090,8091,8092,8093,8094,8095,8096,8097,8098,8099,8100,8101,8102,8103,8104,8105,8106,8107,8108,8109,8110,8111,8112,8113,8114,8115,8116,8117,8118,8119,8120,8121,8122,8123,8124,8125,8126,8127,8128,8129,8130,8131,8132,8133,8134,8135,8136,8137,8138,8139,8140,8141,8142,8143,8144,8145,8146,8147,8148,8149,8150,8151,8152,8153,8154,8155,8156,8157,8158,8159,8160,8161,8162,8163,8164,8165,8166,8167,8168,8169,8170,8171,8172,8173,8174,8175,8176,8177,8178,8179,8180,8181,8182,8183,8184,8185,8186,8187,8188,8189,8190,8191,8192,8193,8194,8195,8196,8197,8198,8199,8200,8201,8202,8203,8204,8205,8206,8207,8208,8209,8210,8211,8212,8213,8214,8215,8216,8217,8218,8219,8220,8221,8222,8223,8224,8225,8226,8227,8228,8229,8230,8231,8232,8233,8234,8235,8236,8237,8238,8239,8240,8241,8242,8243,8244,8245,8246,8247,8248,8249,8250,8251,8252,8253,8254,8255,8256,8257,8258,8259,8260,8261,8262,8263,8264,8265,8266,8267,8268,8269,8270,8271,8272,8273,8274,8275,8276,8277,8278,8279,8280,8281,8282,8283,8284,8285,8286,8287,8288,8289,8290,8291,8292,8293,8294,8295,8296,8297,8298,8299,8300,8301,8302,8303,8304,8305,8306,8307,8308,8309,8310,8311,8312,8313,8314,8315,8316,8317,8318,8319,8320,8321,8322,8323,8324,8325,8326,8327,8328,8329,8330,8331,8332,8333,8334,8335,8336,8337,8338,8339,8340,8341,8342,8343,8344,8345,8346,8347,8348,8349,8350,8351,8352,8353,8354,8355,8356,8357,8358,8359,8360,8361,8362,8363,8364,8365,8366,8367,8368,8369,8370,8371,8372,8373,8374,8375,8376,8377,8378,8379,8380,8381,8382,8383,8384,8385,8386,8387,8388,8389,8390,8391,8392,8393,8394,8395,8396,8397,8398,8399,8400,8401,8402,8403,8404,8405,8406,8407,8408,8409,8410,8411,8412,8413,8414,8415,8416,8417,8418,8419,8420,8421,8422,8423,8424,8425,8426,8427,8428,8429,8430,8431,8432,8433,8434,8435,8436,8437,8438,8439,8440,8441,8442,8443,8444,8445,8446,8447,8448,8449,8450,8451,8452,8453,8454,8455,8456,8457,8458,8459,8460,8461,8462,8463,8464,8465,8466,8467,8468,8469,8470,8471,8472,8473,8474,8475,8476,8477,8478,8479,8480,8481,8482,8483,8484,8485,8486,8487,8488,8489,8490,8491,8492,8493,8494,8495,8496,8497,8498,8499,8500,8501,8502,8503,8504,8505,8506,8507,8508,8509,8510,8511,8512,8513,8514,8515,8516,8517,8518,8519,8520,8521,8522,8523,8524,8525,8526,8527,8528,8529,8530,8531,8532,8533,8534,8535,8536,8537,8538,8539,8540,8541,8542,8543,8544,8545,8546,8547,8548,8549,8550,8551,8552,8553,8554,8555,8556,8557,8558,8559,8560,8561,8562,8563,8564,8565,8566,8567,8568,8569,8570,8571,8572,8573,8574,8575,8576,8577,8578,8579,8580,8581,8582,8583,8584,8585,8586,8587,8588,8589,8590,8591,8592,8593,8594,8595,8596,8597,8598,8599,8600,8601,8602,8603,8604,8605,8606,8607,8608,8609,8610,8611,8612,8613,8614,8615,8616,8617,8618,8619,8620,8621,8622,8623,8624,8625,8626,8627,8628,8629,8630,8631,8632,8633,8634,8635,8636,8637,8638,8639,8640,8641,8642,8643,8644,8645,8646,8647,8648,8649,8650,8651,8652,8653,8654,8655,8656,8657,8658,8659,8660,8661,8662,8663,8664,8665,8666,8667,8668,8669,8670,8671,8672,8673,8674,8675,8676,8677,8678,8679,8680,8681,8682,8683,8684,8685,8686,8687,8688,8689,8690,8691,8692,8693,8694,8695,8696,8697,8698,8699,8700,8701,8702,8703,8704,8705,8706,8707,8708,8709,8710,8711,8712,8713,8714,8715,8716,8717,8718,8719,8720,8721,8722,8723,8724,8725,8726,8727,8728,8729,8730,8731,8732,8733,8734,8735,8736,8737,8738,8739,8740,8741,8742,8743,8744,8745,8746,8747,8748,8749,8750,8751,8752,8753,8754,8755,8756,8757,8758,8759,8760,8761,8762,8763,8764,8765,8766,8767,8768,8769,8770,8771,8772,8773,8774,8775,8776,8777,8778,8779,8780,8781,8782,8783,8784,8785,8786,8787,8788,8789,8790,8791,8792,8793,8794,8795,8796,8797,8798,8799,8800,8801,8802,8803,8804,8805,8806,8807,8808,8809,8810,8811,8812,8813,8814,8815,8816,8817,8818,8819,8820,8821,8822,8823,8824,8825,8826,8827,8828,8829,8830,8831,8832,8833,8834,8835,8836,8837,8838,8839,8840,8841,8842,8843,8844,8845,8846,8847,8848,8849,8850,8851,8852,8853,8854,8855,8856,8857,8858,8859,8860,8861,8862,8863,8864,8865,8866,8867,8868,8869,8870,8871,8872,8873,8874,8875,8876,8877,8878,8879,8880,8881,8882,8883,8884,8885,8886,8887,8888,8889,8890,8891,8892,8893,8894,8895,8896,8897,8898,8899,8900,8901,8902,8903,8904,8905,8906,8907,8908,8909,8910,8911,8912,8913,8914,8915,8916,8917,8918,8919,8920,8921,8922,8923,8924,8925,8926,8927,8928,8929,8930,8931,8932,8933,8934,8935,8936,8937,8938,8939,8940,8941,8942,8943,8944,8945,8946,8947,8948,8949,8950,8951,8952,8953,8954,8955,8956,8957,8958,8959,8960,8961,8962,8963,8964,8965,8966,8967,8968,8969,8970,8971,8972,8973,8974,8975,8976,8977,8978,8979,8980,8981,8982,8983,8984,8985,8986,8987,8988,8989,8990,8991,8992,8993,8994,8995,8996,8997,8998,8999,9000,9001,9002,9003,9004,9005,9006,9007,9008,9009,9010,9011,9012,9013,9014,9015,9016,9017,9018,9019,9020,9021,9022,9023,9024,9025,9026,9027,9028,9029,9030,9031,9032,9033,9034,9035,9036,9037,9038,9039,9040,9041,9042,9043,9044,9045,9046,9047,9048,9049,9050,9051,9052,9053,9054,9055,9056,9057,9058,9059,9060,9061,9062,9063,9064,9065,9066,9067,9068,9069,9070,9071,9072,9073,9074,9075,9076,9077,9078,9079,9080,9081,9082,9083,9084,9085,9086,9087,9088,9089,9090,9091,9092,9093,9094,9095,9096,9097,9098,9099,9100,9101,9102,9103,9104,9105,9106,9107,9108,9109,9110,9111,9112,9113,9114,9115,9116,9117,9118,9119,9120,9121,9122,9123,9124,9125,9126,9127,9128,9129,9130,9131,9132,9133,9134,9135,9136,9137,9138,9139,9140,9141,9142,9143,9144,9145,9146,9147,9148,9149,9150,9151,9152,9153,9154,9155,9156,9157,9158,9159,9160,9161,9162,9163,9164,9165,9166,9167,9168,9169,9170,9171,9172,9173,9174,9175,9176,9177,9178,9179,9180,9181,9182,9183,9184,9185,9186,9187,9188,9189,9190,9191,9192,9193,9194,9195,9196,9197,9198,9199,9200,9201,9202,9203,9204,9205,9206,9207,9208,9209,9210,9211,9212,9213,9214,9215,9216,9217,9218,9219,9220,9221,9222,9223,9224,9225,9226,9227,9228,9229,9230,9231,9232,9233,9234,9235,9236,9237,9238,9239,9240,9241,9242,9243,9244,9245,9246,9247,9248,9249,9250,9251,9252,9253,9254,9255,9256,9257,9258,9259,9260,9261,9262,9263,9264,9265,9266,9267,9268,9269,9270,9271,9272,9273,9274,9275,9276,9277,9278,9279,9280,9281,9282,9283,9284,9285,9286,9287,9288,9289,9290,9291,9292,9293,9294,9295,9296,9297,9298,9299,9300,9301,9302,9303,9304,9305,9306,9307,9308,9309,9310,9311,9312,9313,9314,9315,9316,9317,9318,9319,9320,9321,9322,9323,9324,9325,9326,9327,9328,9329,9330,9331,9332,9333,9334,9335,9336,9337,9338,9339,9340,9341,9342,9343,9344,9345,9346,9347,9348,9349,9350,9351,9352,9353,9354,9355,9356,9357,9358,9359,9360,9361,9362,9363,9364,9365,9366,9367,9368,9369,9370,9371,9372,9373,9374,9375,9376,9377,9378,9379,9380,9381,9382,9383,9384,9385,9386,9387,9388,9389,9390,9391,9392,9393,9394,9395,9396,9397,9398,9399,9400,9401,9402,9403,9404,9405,9406,9407,9408,9409,9410,9411,9412,9413,9414,9415,9416,9417,9418,9419,9420,9421,9422,9423,9424,9425,9426,9427,9428,9429,9430,9431,9432,9433,9434,9435,9436,9437,9438,9439,9440,9441,9442,9443,9444,9445,9446,9447,9448,9449,9450,9451,9452,9453,9454,9455,9456,9457,9458,9459,9460,9461,9462,9463,9464,9465,9466,9467,9468,9469,9470,9471,9472,9473,9474,9475,9476,9477,9478,9479,9480,9481,9482,9483,9484,9485,9486,9487,9488,9489,9490,9491,9492,9493,9494,9495,9496,9497,9498,9499,9500,9501,9502,9503,9504,9505,9506,9507,9508,9509,9510,9511,9512,9513,9514,9515,9516,9517,9518,9519,9520,9521,9522,9523,9524,9525,9526,9527,9528,9529,9530,9531,9532,9533,9534,9535,9536,9537,9538,9539,9540,9541,9542,9543,9544,9545,9546,9547,9548,9549,9550,9551,9552,9553,9554,9555,9556,9557,9558,9559,9560,9561,9562,9563,9564,9565,9566,9567,9568,9569,9570,9571,9572,9573,9574,9575,9576,9577,9578,9579,9580,9581,9582,9583,9584,9585,9586,9587,9588,9589,9590,9591,9592,9593,9594,9595,9596,9597,9598,9599,9600,9601,9602,9603,9604,9605,9606,9607,9608,9609,9610,9611,9612,9613,9614,9615,9616,9617,9618,9619,9620,9621,9622,9623,9624,9625,9626,9627,9628,9629,9630,9631,9632,9633,9634,9635,9636,9637,9638,9639,9640,9641,9642,9643,9644,9645,9646,9647,9648,9649,9650,9651,9652,9653,9654,9655,9656,9657,9658,9659,9660,9661,9662,9663,9664,9665,9666,9667,9668,9669,9670,9671,9672,9673,9674,9675,9676,9677,9678,9679,9680,9681,9682,9683,9684,9685,9686,9687,9688,9689,9690,9691,9692,9693,9694,9695,9696,9697,9698,9699,9700,9701,9702,9703,9704,9705,9706,9707,9708,9709,9710,9711,9712,9713,9714,9715,9716,9717,9718,9719,9720,9721,9722,9723,9724,9725,9726,9727,9728,9729,9730,9731,9732,9733,9734,9735,9736,9737,9738,9739,9740,9741,9742,9743,9744,9745,9746,9747,9748,9749,9750,9751,9752,9753,9754,9755,9756,9757,9758,9759,9760,9761,9762,9763,9764,9765,9766,9767,9768,9769,9770,9771,9772,9773,9774,9775,9776,9777,9778,9779,9780,9781,9782,9783,9784,9785,9786,9787,9788,9789,9790,9791,9792,9793,9794,9795,9796,9797,9798,9799,9800,9801,9802,9803,9804,9805,9806,9807,9808,9809,9810,9811,9812,9813,9814,9815,9816,9817,9818,9819,9820,9821,9822,9823,9824,9825,9826,9827,9828,9829,9830,9831,9832,9833,9834,9835,9836,9837,9838,9839,9840,9841,9842,9843,9844,9845,9846,9847,9848,9849,9850,9851,9852,9853,9854,9855,9856,9857,9858,9859,9860,9861,9862,9863,9864,9865,9866,9867,9868,9869,9870,9871,9872,9873,9874,9875,9876,9877,9878,9879,9880,9881,9882,9883,9884,9885,9886,9887,9888,9889,9890,9891,9892,9893,9894,9895,9896,9897,9898,9899,9900,9901,9902,9903,9904,9905,9906,9907,9908,9909,9910,9911,9912,9913,9914,9915,9916,9917,9918,9919,9920,9921,9922,9923,9924,9925,9926,9927,9928,9929,9930,9931,9932,9933,9934,9935,9936,9937,9938,9939,9940,9941,9942,9943,9944,9945,9946,9947,9948,9949,9950,9951,9952,9953,9954,9955,9956,9957,9958,9959,9960,9961,9962,9963,9964,9965,9966,9967,9968,9969,9970,9971,9972,9973,9974,9975,9976,9977,9978,9979,9980,9981,9982,9983,9984,9985,9986,9987,9988,9989,9990,9991,9992,9993,9994,9995,9996,9997,9998,9999,10000,10001,10002,10003,10004,10005,10006,10007,10008,10009,10010,10011,10012,10013,10014,10015,10016,10017,10018,10019,10020,10021,10022,10023,10024,10025,10026,10027,10028,10029,10030,10031,10032,10033,10034,10035,10036,10037,10038,10039,10040,10041,10042,10043,10044,10045,10046,10047,10048,10049,10050,10051,10052,10053,10054,10055,10056,10057,10058,10059,10060,10061,10062,10063,10064,10065,10066,10067,10068,10069,10070,10071,10072,10073,10074,10075,10076,10077,10078,10079,10080,10081,10082,10083,10084,10085,10086,10087,10088,10089,10090,10091,10092,10093,10094,10095,10096,10097,10098,10099,10100,10101,10102,10103,10104,10105,10106,10107,10108,10109,10110,10111,10112,10113,10114,10115,10116,10117,10118,10119,10120,10121,10122,10123,10124,10125,10126,10127,10128,10129,10130,10131,10132,10133,10134,10135,10136,10137,10138,10139,10140,10141,10142,10143,10144,10145,10146,10147,10148,10149,10150,10151,10152,10153,10154,10155,10156,10157,10158,10159,10160,10161,10162,10163,10164,10165,10166,10167,10168,10169,10170,10171,10172,10173,10174,10175,10176,10177,10178,10179,10180,10181,10182,10183,10184,10185,10186,10187,10188,10189,10190,10191,10192,10193,10194,10195,10196,10197,10198,10199,10200,10201,10202,10203,10204,10205,10206,10207,10208,10209,10210,10211,10212,10213,10214,10215,10216,10217,10218,10219,10220,10221,10222,10223,10224,10225,10226,10227,10228,10229,10230,10231,10232,10233,10234,10235,10236,10237,10238,10239,10240,10241,10242,10243,10244,10245,10246,10247,10248,10249,10250,10251,10252,10253,10254,10255,10256,10257,10258,10259,10260,10261,10262,10263,10264,10265,10266,10267,10268,10269,10270,10271,10272,10273,10274,10275,10276,10277,10278,10279,10280,10281,10282,10283,10284,10285,10286,10287,10288,10289,10290,10291,10292,10293,10294,10295,10296,10297,10298,10299,10300,10301,10302,10303,10304,10305,10306,10307,10308,10309,10310,10311,10312,10313,10314,10315,10316,10317,10318,10319,10320,10321,10322,10323,10324,10325,10326,10327,10328,10329,10330,10331,10332,10333,10334,10335,10336,10337,10338,10339,10340,10341,10342,10343,10344,10345,10346,10347,10348,10349,10350,10351,10352,10353,10354,10355,10356,10357,10358,10359,10360,10361,10362,10363,10364,10365,10366,10367,10368,10369,10370,10371,10372,10373,10374,10375,10376,10377,10378,10379,10380,10381,10382,10383,10384,10385,10386,10387,10388,10389,10390,10391,10392,10393,10394,10395,10396,10397,10398,10399,10400,10401,10402,10403,10404,10405,10406,10407,10408,10409,10410,10411,10412,10413,10414,10415,10416,10417,10418,10419,10420,10421,10422,10423,10424,10425,10426,10427,10428,10429,10430,10431,10432,10433,10434,10435,10436,10437,10438,10439,10440,10441,10442,10443,10444,10445,10446,10447,10448,10449,10450,10451,10452,10453,10454,10455,10456,10457,10458,10459,10460,10461,10462,10463,10464,10465,10466,10467,10468,10469,10470,10471,10472,10473,10474,10475,10476,10477,10478,10479,10480,10481,10482,10483,10484,10485,10486,10487,10488,10489,10490,10491,10492,10493,10494,10495,10496,10497,10498,10499,10500,10501,10502,10503,10504,10505,10506,10507,10508,10509,10510,10511,10512,10513,10514,10515,10516,10517,10518,10519,10520,10521,10522,10523,10524,10525,10526,10527,10528,10529,10530,10531,10532,10533,10534,10535,10536,10537,10538,10539,10540,10541,10542,10543,10544,10545,10546,10547,10548,10549,10550,10551,10552,10553,10554,10555,10556,10557,10558,10559,10560,10561,10562,10563,10564,10565,10566,10567,10568,10569,10570,10571,10572,10573,10574,10575,10576,10577,10578,10579,10580,10581,10582,10583,10584,10585,10586,10587,10588,10589,10590,10591,10592,10593,10594,10595,10596,10597,10598,10599,10600,10601,10602,10603,10604,10605,10606,10607,10608,10609,10610,10611,10612,10613,10614,10615,10616,10617,10618,10619,10620,10621,10622,10623,10624,10625,10626,10627,10628,10629,10630,10631,10632,10633,10634,10635,10636,10637,10638,10639,10640,10641,10642,10643,10644,10645,10646,10647,10648,10649,10650,10651,10652,10653,10654,10655,10656,10657,10658,10659,10660,10661,10662,10663,10664,10665,10666,10667,10668,10669,10670,10671,10672,10673,10674,10675,10676,10677,10678,10679,10680,10681,10682,10683,10684,10685,10686,10687,10688,10689,10690,10691,10692,10693,10694,10695,10696,10697,10698,10699,10700,10701,10702,10703,10704,10705,10706,10707,10708,10709,10710,10711,10712,10713,10714,10715,10716,10717,10718,10719,10720,10721,10722,10723,10724,10725,10726,10727,10728,10729,10730,10731,10732,10733,10734,10735,10736,10737,10738,10739,10740,10741,10742,10743,10744,10745,10746,10747,10748,10749,10750,10751,10752,10753,10754,10755,10756,10757,10758,10759,10760,10761,10762,10763,10764,10765,10766,10767,10768,10769,10770,10771,10772,10773,10774,10775,10776,10777,10778,10779,10780,10781,10782,10783,10784,10785,10786,10787,10788,10789,10790,10791,10792,10793,10794,10795,10796,10797,10798,10799,10800,10801,10802,10803,10804,10805,10806,10807,10808,10809,10810,10811,10812,10813,10814,10815,10816,10817,10818,10819,10820,10821,10822,10823,10824,10825,10826,10827,10828,10829,10830,10831,10832,10833,10834,10835,10836,10837,10838,10839,10840,10841,10842,10843,10844,10845,10846,10847,10848,10849,10850,10851,10852,10853,10854,10855,10856,10857,10858,10859,10860,10861,10862,10863,10864,10865,10866,10867,10868,10869,10870,10871,10872,10873,10874,10875,10876,10877,10878,10879,10880,10881,10882,10883,10884,10885,10886,10887,10888,10889,10890,10891,10892,10893,10894,10895,10896,10897,10898,10899,10900,10901,10902,10903,10904,10905,10906,10907,10908,10909,10910,10911,10912,10913,10914,10915,10916,10917,10918,10919,10920,10921,10922,10923,10924,10925,10926,10927,10928,10929,10930,10931,10932,10933,10934,10935,10936,10937,10938,10939,10940,10941,10942,10943,10944,10945,10946,10947,10948,10949,10950,10951,10952,10953,10954,10955,10956,10957,10958,10959,10960,10961,10962,10963,10964,10965,10966,10967,10968,10969,10970,10971,10972,10973,10974,10975,10976,10977,10978,10979,10980,10981,10982,10983,10984,10985,10986,10987,10988,10989,10990,10991,10992,10993,10994,10995,10996,10997,10998,10999,11000,11001,11002,11003,11004,11005,11006,11007,11008,11009,11010,11011,11012,11013,11014,11015,11016,11017,11018,11019,11020,11021,11022,11023,11024,11025,11026,11027,11028,11029,11030,11031,11032,11033,11034,11035,11036,11037,11038,11039,11040,11041,11042,11043,11044,11045,11046,11047,11048,11049,11050,11051,11052,11053,11054,11055,11056,11057,11058,11059,11060,11061,11062,11063,11064,11065,11066,11067,11068,11069,11070,11071,11072,11073,11074,11075,11076,11077,11078,11079,11080,11081,11082,11083,11084,11085,11086,11087,11088,11089,11090,11091,11092,11093,11094,11095,11096,11097,11098,11099,11100,11101,11102,11103,11104,11105,11106,11107,11108,11109,11110,11111,11112,11113,11114,11115,11116,11117,11118,11119,11120,11121,11122,11123,11124,11125,11126,11127,11128,11129,11130,11131,11132,11133,11134,11135,11136,11137,11138,11139,11140,11141,11142,11143,11144,11145,11146,11147,11148,11149,11150,11151,11152,11153,11154,11155,11156,11157,11158,11159,11160,11161,11162,11163,11164,11165,11166,11167,11168,11169,11170,11171,11172,11173,11174,11175,11176,11177,11178,11179,11180,11181,11182,11183,11184,11185,11186,11187,11188,11189,11190,11191,11192,11193,11194,11195,11196,11197,11198,11199,11200,11201,11202,11203,11204,11205,11206,11207,11208,11209,11210,11211,11212,11213,11214,11215,11216,11217,11218,11219,11220,11221,11222,11223,11224,11225,11226,11227,11228,11229,11230,11231,11232,11233,11234,11235,11236,11237,11238,11239,11240,11241,11242,11243,11244,11245,11246,11247,11248,11249,11250,11251,11252,11253,11254,11255,11256,11257,11258,11259,11260,11261,11262,11263,11264,11265,11266,11267,11268,11269,11270,11271,11272,11273,11274,11275,11276,11277,11278,11279,11280,11281,11282,11283,11284,11285,11286,11287,11288,11289,11290,11291,11292,11293,11294,11295,11296,11297,11298,11299,11300,11301,11302,11303,11304,11305,11306,11307,11308,11309,11310,11311,11312,11313,11314,11315,11316,11317,11318,11319,11320,11321,11322,11323,11324,11325,11326,11327,11328,11329,11330,11331,11332,11333,11334,11335,11336,11337,11338,11339,11340,11341,11342,11343,11344,11345,11346,11347,11348,11349,11350,11351,11352,11353,11354,11355,11356,11357,11358,11359,11360,11361,11362,11363,11364,11365,11366,11367,11368,11369,11370,11371,11372,11373,11374,11375,11376,11377,11378,11379,11380,11381,11382,11383,11384,11385,11386,11387,11388,11389,11390,11391,11392,11393,11394,11395,11396,11397,11398,11399,11400,11401,11402,11403,11404,11405,11406,11407,11408,11409,11410,11411,11412,11413,11414,11415,11416,11417,11418,11419,11420,11421,11422,11423,11424,11425,11426,11427,11428,11429,11430,11431,11432,11433,11434,11435,11436,11437,11438,11439,11440,11441,11442,11443,11444,11445,11446,11447,11448,11449,11450,11451,11452,11453,11454,11455,11456,11457,11458,11459,11460,11461,11462,11463,11464,11465,11466,11467,11468,11469,11470,11471,11472,11473,11474,11475,11476,11477,11478,11479,11480,11481,11482,11483,11484,11485,11486,11487,11488,11489,11490,11491,11492,11493,11494,11495,11496,11497,11498,11499,11500,11501,11502,11503,11504,11505,11506,11507,11508,11509,11510,11511,11512,11513,11514,11515,11516,11517,11518,11519,11520,11521,11522,11523,11524,11525,11526,11527,11528,11529,11530,11531,11532,11533,11534,11535,11536,11537,11538,11539,11540,11541,11542,11543,11544,11545,11546,11547,11548,11549,11550,11551,11552,11553,11554,11555,11556,11557,11558,11559,11560,11561,11562,11563,11564,11565,11566,11567,11568,11569,11570,11571,11572,11573,11574,11575,11576,11577,11578,11579,11580,11581,11582,11583,11584,11585,11586,11587,11588,11589,11590,11591,11592,11593,11594,11595,11596,11597,11598,11599,11600,11601,11602,11603,11604,11605,11606,11607,11608,11609,11610,11611,11612,11613,11614,11615,11616,11617,11618,11619,11620,11621,11622,11623,11624,11625,11626,11627,11628,11629,11630,11631,11632,11633,11634,11635,11636,11637,11638,11639,11640,11641,11642,11643,11644,11645,11646,11647,11648,11649,11650,11651,11652,11653,11654,11655,11656,11657,11658,11659,11660,11661,11662,11663,11664,11665,11666,11667,11668,11669,11670,11671,11672,11673,11674,11675,11676,11677,11678,11679,11680,11681,11682,11683,11684,11685,11686,11687,11688,11689,11690,11691,11692,11693,11694,11695,11696,11697,11698,11699,11700,11701,11702,11703,11704,11705,11706,11707,11708,11709,11710,11711,11712,11713,11714,11715,11716,11717,11718,11719,11720,11721,11722,11723,11724,11725,11726,11727,11728,11729,11730,11731,11732,11733,11734,11735,11736,11737,11738,11739,11740,11741,11742,11743,11744,11745,11746,11747,11748,11749,11750,11751,11752,11753,11754,11755,11756,11757,11758,11759,11760,11761,11762,11763,11764,11765,11766,11767,11768,11769,11770,11771,11772,11773,11774,11775,11776,11777,11778,11779,11780,11781,11782,11783,11784,11785,11786,11787,11788,11789,11790,11791,11792,11793,11794,11795,11796,11797,11798,11799,11800,11801,11802,11803,11804,11805,11806,11807,11808,11809,11810,11811,11812,11813,11814,11815,11816,11817,11818,11819,11820,11821,11822,11823,11824,11825,11826,11827,11828,11829,11830,11831,11832,11833,11834,11835,11836,11837,11838,11839,11840,11841,11842,11843,11844,11845,11846,11847,11848,11849,11850,11851,11852,11853,11854,11855,11856,11857,11858,11859,11860,11861,11862,11863,11864,11865,11866,11867,11868,11869,11870,11871,11872,11873,11874,11875,11876,11877,11878,11879,11880,11881,11882,11883,11884,11885,11886,11887,11888,11889,11890,11891,11892,11893,11894,11895,11896,11897,11898,11899,11900,11901,11902,11903,11904,11905,11906,11907,11908,11909,11910,11911,11912,11913,11914,11915,11916,11917,11918,11919,11920,11921,11922,11923,11924,11925,11926,11927,11928,11929,11930,11931,11932,11933,11934,11935,11936,11937,11938,11939,11940,11941,11942,11943,11944,11945,11946,11947,11948,11949,11950,11951,11952,11953,11954,11955,11956,11957,11958,11959,11960,11961,11962,11963,11964,11965,11966,11967,11968,11969,11970,11971,11972,11973,11974,11975,11976,11977,11978,11979,11980,11981,11982,11983,11984,11985,11986,11987,11988,11989,11990,11991,11992,11993,11994,11995,11996,11997,11998,11999,12000,12001,12002,12003,12004,12005,12006,12007,12008,12009,12010,12011,12012,12013,12014,12015,12016,12017,12018,12019,12020,12021,12022,12023,12024,12025,12026,12027,12028,12029,12030,12031,12032,12033,12034,12035,12036,12037,12038,12039,12040,12041,12042,12043,12044,12045,12046,12047,12048,12049,12050,12051,12052,12053,12054,12055,12056,12057,12058,12059,12060,12061,12062,12063,12064,12065,12066,12067,12068,12069,12070,12071,12072,12073,12074,12075,12076,12077,12078,12079,12080,12081,12082,12083,12084,12085,12086,12087,12088,12089,12090,12091,12092,12093,12094,12095,12096,12097,12098,12099,12100,12101,12102,12103,12104,12105,12106,12107,12108,12109,12110,12111,12112,12113,12114,12115,12116,12117,12118,12119,12120,12121,12122,12123,12124,12125,12126,12127,12128,12129,12130,12131,12132,12133,12134,12135,12136,12137,12138,12139,12140,12141,12142,12143,12144,12145,12146,12147,12148,12149,12150,12151,12152,12153,12154,12155,12156,12157,12158,12159,12160,12161,12162,12163,12164,12165,12166,12167,12168,12169,12170,12171,12172,12173,12174,12175,12176,12177,12178,12179,12180,12181,12182,12183,12184,12185,12186,12187,12188,12189,12190,12191,12192,12193,12194,12195,12196,12197,12198,12199,12200,12201,12202,12203,12204,12205,12206,12207,12208,12209,12210,12211,12212,12213,12214,12215,12216,12217,12218,12219,12220,12221,12222,12223,12224,12225,12226,12227,12228,12229,12230,12231,12232,12233,12234,12235,12236,12237,12238,12239,12240,12241,12242,12243,12244,12245,12246,12247,12248,12249,12250,12251,12252,12253,12254,12255,12256,12257,12258,12259,12260,12261,12262,12263,12264,12265,12266,12267,12268,12269,12270,12271,12272,12273,12274,12275,12276,12277,12278,12279,12280,12281,12282,12283,12284,12285,12286,12287,12288,12289,12290,12291,12292,12293,12294,12295,12296,12297,12298,12299,12300,12301,12302,12303,12304,12305,12306,12307,12308,12309,12310,12311,12312,12313,12314,12315,12316,12317,12318,12319,12320,12321,12322,12323,12324,12325,12326,12327,12328,12329,12330,12331,12332,12333,12334,12335,12336,12337,12338,12339,12340,12341,12342,12343,12344,12345,12346,12347,12348,12349,12350,12351,12352,12353,12354,12355,12356,12357,12358,12359,12360,12361,12362,12363,12364,12365,12366,12367,12368,12369,12370,12371,12372,12373,12374,12375,12376,12377,12378,12379,12380,12381,12382,12383,12384,12385,12386,12387,12388,12389,12390,12391,12392,12393,12394,12395,12396,12397,12398,12399,12400,12401,12402,12403,12404,12405,12406,12407,12408,12409,12410,12411,12412,12413,12414,12415,12416,12417,12418,12419,12420,12421,12422,12423,12424,12425,12426,12427,12428,12429,12430,12431,12432,12433,12434,12435,12436,12437,12438,12439,12440,12441,12442,12443,12444,12445,12446,12447,12448,12449,12450,12451,12452,12453,12454,12455,12456,12457,12458,12459,12460,12461,12462,12463,12464,12465,12466,12467,12468,12469,12470,12471,12472,12473,12474,12475,12476,12477,12478,12479,12480,12481,12482,12483,12484,12485,12486,12487,12488,12489,12490,12491,12492,12493,12494,12495,12496,12497,12498,12499,12500,12501,12502,12503,12504,12505,12506,12507,12508,12509,12510,12511,12512,12513,12514,12515,12516,12517,12518,12519,12520,12521,12522,12523,12524,12525,12526,12527,12528,12529,12530,12531,12532,12533,12534,12535,12536,12537,12538,12539,12540,12541,12542,12543,12544,12545,12546,12547,12548,12549,12550,12551,12552,12553,12554,12555,12556,12557,12558,12559,12560,12561,12562,12563,12564,12565,12566,12567,12568,12569,12570,12571,12572,12573,12574,12575,12576,12577,12578,12579,12580,12581,12582,12583,12584,12585,12586,12587,12588,12589,12590,12591,12592,12593,12594,12595,12596,12597,12598,12599,12600,12601,12602,12603,12604,12605,12606,12607,12608,12609,12610,12611,12612,12613,12614,12615,12616,12617,12618,12619,12620,12621,12622,12623,12624,12625,12626,12627,12628,12629,12630,12631,12632,12633,12634,12635,12636,12637,12638,12639,12640,12641,12642,12643,12644,12645,12646,12647,12648,12649,12650,12651,12652,12653,12654,12655,12656,12657,12658,12659,12660,12661,12662,12663,12664,12665,12666,12667,12668,12669,12670,12671,12672,12673,12674,12675,12676,12677,12678,12679,12680,12681,12682,12683,12684,12685,12686,12687,12688,12689,12690,12691,12692,12693,12694,12695,12696,12697,12698,12699,12700,12701,12702,12703,12704,12705,12706,12707,12708,12709,12710,12711,12712,12713,12714,12715,12716,12717,12718,12719,12720,12721,12722,12723,12724,12725,12726,12727,12728,12729,12730,12731,12732,12733,12734,12735,12736,12737,12738,12739,12740,12741,12742,12743,12744,12745,12746,12747,12748,12749,12750,12751,12752,12753,12754,12755,12756,12757,12758,12759,12760,12761,12762,12763,12764,12765,12766,12767,12768,12769,12770,12771,12772,12773,12774,12775,12776,12777,12778,12779,12780,12781,12782,12783,12784,12785,12786,12787,12788,12789,12790,12791,12792,12793,12794,12795,12796,12797,12798,12799,12800,12801,12802,12803,12804,12805,12806,12807,12808,12809,12810,12811,12812,12813,12814,12815,12816,12817,12818,12819,12820,12821,12822,12823,12824,12825,12826,12827,12828,12829,12830,12831,12832,12833,12834,12835,12836,12837,12838,12839,12840,12841,12842,12843,12844,12845,12846,12847,12848,12849,12850,12851,12852,12853,12854,12855,12856,12857,12858,12859,12860,12861,12862,12863,12864,12865,12866,12867,12868,12869,12870,12871,12872,12873,12874,12875,12876,12877,12878,12879,12880,12881,12882,12883,12884,12885,12886,12887,12888,12889,12890,12891,12892,12893,12894,12895,12896,12897,12898,12899,12900,12901,12902,12903,12904,12905,12906,12907,12908,12909,12910,12911,12912,12913,12914,12915,12916,12917,12918,12919,12920,12921,12922,12923,12924,12925,12926,12927,12928,12929,12930,12931,12932,12933,12934,12935,12936,12937,12938,12939,12940,12941,12942,12943,12944,12945,12946,12947,12948,12949,12950,12951,12952,12953,12954,12955,12956,12957,12958,12959,12960,12961,12962,12963,12964,12965,12966,12967,12968,12969,12970,12971,12972,12973,12974,12975,12976,12977,12978,12979,12980,12981,12982,12983,12984,12985,12986,12987,12988,12989,12990,12991,12992,12993,12994,12995,12996,12997,12998,12999,13000,13001,13002,13003,13004,13005,13006,13007,13008,13009,13010,13011,13012,13013,13014,13015,13016,13017,13018,13019,13020,13021,13022,13023,13024,13025,13026,13027,13028,13029,13030,13031,13032,13033,13034,13035,13036,13037,13038,13039,13040,13041,13042,13043,13044,13045,13046,13047,13048,13049,13050,13051,13052,13053,13054,13055,13056,13057,13058,13059,13060,13061,13062,13063,13064,13065,13066,13067,13068,13069,13070,13071,13072,13073,13074,13075,13076,13077,13078,13079,13080,13081,13082,13083,13084,13085,13086,13087,13088,13089,13090,13091,13092,13093,13094,13095,13096,13097,13098,13099,13100,13101,13102,13103,13104,13105,13106,13107,13108,13109,13110,13111,13112,13113,13114,13115,13116,13117,13118,13119,13120,13121,13122,13123,13124,13125,13126,13127,13128,13129,13130,13131,13132,13133,13134,13135,13136,13137,13138,13139,13140,13141,13142,13143,13144,13145,13146,13147,13148,13149,13150,13151,13152,13153,13154,13155,13156,13157,13158,13159,13160,13161,13162,13163,13164,13165,13166,13167,13168,13169,13170,13171,13172,13173,13174,13175,13176,13177,13178,13179,13180,13181,13182,13183,13184,13185,13186,13187,13188,13189,13190,13191,13192,13193,13194,13195,13196,13197,13198,13199,13200,13201,13202,13203,13204,13205,13206,13207,13208,13209,13210,13211,13212,13213,13214,13215,13216,13217,13218,13219,13220,13221,13222,13223,13224,13225,13226,13227,13228,13229,13230,13231,13232,13233,13234,13235,13236,13237,13238,13239,13240,13241,13242,13243,13244,13245,13246,13247,13248,13249,13250,13251,13252,13253,13254,13255,13256,13257,13258,13259,13260,13261,13262,13263,13264,13265,13266,13267,13268,13269,13270,13271,13272,13273,13274,13275,13276,13277,13278,13279,13280,13281,13282,13283,13284,13285,13286,13287,13288,13289,13290,13291,13292,13293,13294,13295,13296,13297,13298,13299,13300,13301,13302,13303,13304,13305,13306,13307,13308,13309,13310,13311,13312,13313,13314,13315,13316,13317,13318,13319,13320,13321,13322,13323,13324,13325,13326,13327,13328,13329,13330,13331,13332,13333,13334,13335,13336,13337,13338,13339,13340,13341,13342,13343,13344,13345,13346,13347,13348,13349,13350,13351,13352,13353,13354,13355,13356,13357,13358,13359,13360,13361,13362,13363,13364,13365,13366,13367,13368,13369,13370,13371,13372,13373,13374,13375,13376,13377,13378,13379,13380,13381,13382,13383,13384,13385,13386,13387,13388,13389,13390,13391,13392,13393,13394,13395,13396,13397,13398,13399,13400,13401,13402,13403,13404,13405,13406,13407,13408,13409,13410,13411,13412,13413,13414,13415,13416,13417,13418,13419,13420,13421,13422,13423,13424,13425,13426,13427,13428,13429,13430,13431,13432,13433,13434,13435,13436,13437,13438,13439,13440,13441,13442,13443,13444,13445,13446,13447,13448,13449,13450,13451,13452,13453,13454,13455,13456,13457,13458,13459,13460,13461,13462,13463,13464,13465,13466,13467,13468,13469,13470,13471,13472,13473,13474,13475,13476,13477,13478,13479,13480,13481,13482,13483,13484,13485,13486,13487,13488,13489,13490,13491,13492,13493,13494,13495,13496,13497,13498,13499,13500,13501,13502,13503,13504,13505,13506,13507,13508,13509,13510,13511,13512,13513,13514,13515,13516,13517,13518,13519,13520,13521,13522,13523,13524,13525,13526,13527,13528,13529,13530,13531,13532,13533,13534,13535,13536,13537,13538,13539,13540,13541,13542,13543,13544,13545,13546,13547,13548,13549,13550,13551,13552,13553,13554,13555,13556,13557,13558,13559,13560,13561,13562,13563,13564,13565,13566,13567,13568,13569,13570,13571,13572,13573,13574,13575,13576,13577,13578,13579,13580,13581,13582,13583,13584,13585,13586,13587,13588,13589,13590,13591,13592,13593,13594,13595,13596,13597,13598,13599,13600,13601,13602,13603,13604,13605,13606,13607,13608,13609,13610,13611,13612,13613,13614,13615,13616,13617,13618,13619,13620,13621,13622,13623,13624,13625,13626,13627,13628,13629,13630,13631,13632,13633,13634,13635,13636,13637,13638,13639,13640,13641,13642,13643,13644,13645,13646,13647,13648,13649,13650,13651,13652,13653,13654,13655,13656,13657,13658,13659,13660,13661,13662,13663,13664,13665,13666,13667,13668,13669,13670,13671,13672,13673,13674,13675,13676,13677,13678,13679,13680,13681,13682,13683,13684,13685,13686,13687,13688,13689,13690,13691,13692,13693,13694,13695,13696,13697,13698,13699,13700,13701,13702,13703,13704,13705,13706,13707,13708,13709,13710,13711,13712,13713,13714,13715,13716,13717,13718,13719,13720,13721,13722,13723,13724,13725,13726,13727,13728,13729,13730,13731,13732,13733,13734,13735,13736,13737,13738,13739,13740,13741,13742,13743,13744,13745,13746,13747,13748,13749,13750,13751,13752,13753,13754,13755,13756,13757,13758,13759,13760,13761,13762,13763,13764,13765,13766,13767,13768,13769,13770,13771,13772,13773,13774,13775,13776,13777,13778,13779,13780,13781,13782,13783,13784,13785,13786,13787,13788,13789,13790,13791,13792,13793,13794,13795,13796,13797,13798,13799,13800,13801,13802,13803,13804,13805,13806,13807,13808,13809,13810,13811,13812,13813,13814,13815,13816,13817,13818,13819,13820,13821,13822,13823,13824,13825,13826,13827,13828,13829,13830,13831,13832,13833,13834,13835,13836,13837,13838,13839,13840,13841,13842,13843,13844,13845,13846,13847,13848,13849,13850,13851,13852,13853,13854,13855,13856,13857,13858,13859,13860,13861,13862,13863,13864,13865,13866,13867,13868,13869,13870,13871,13872,13873,13874,13875,13876,13877,13878,13879,13880,13881,13882,13883,13884,13885,13886,13887,13888,13889,13890,13891,13892,13893,13894,13895,13896,13897,13898,13899,13900,13901,13902,13903,13904,13905,13906,13907,13908,13909,13910,13911,13912,13913,13914,13915,13916,13917,13918,13919,13920,13921,13922,13923,13924,13925,13926,13927,13928,13929,13930,13931,13932,13933,13934,13935,13936,13937,13938,13939,13940,13941,13942,13943,13944,13945,13946,13947,13948,13949,13950,13951,13952,13953,13954,13955,13956,13957,13958,13959,13960,13961,13962,13963,13964,13965,13966,13967,13968,13969,13970,13971,13972,13973,13974,13975,13976,13977,13978,13979,13980,13981,13982,13983,13984,13985,13986,13987,13988,13989,13990,13991,13992,13993,13994,13995,13996,13997,13998,13999,14000,14001,14002,14003,14004,14005,14006,14007,14008,14009,14010,14011,14012,14013,14014,14015,14016,14017,14018,14019,14020,14021,14022,14023,14024,14025,14026,14027,14028,14029,14030,14031,14032,14033,14034,14035,14036,14037,14038,14039,14040,14041,14042,14043,14044,14045,14046,14047,14048,14049,14050,14051,14052,14053,14054,14055,14056,14057,14058,14059,14060,14061,14062,14063,14064,14065,14066,14067,14068,14069,14070,14071,14072,14073,14074,14075,14076,14077,14078,14079,14080,14081,14082,14083,14084,14085,14086,14087,14088,14089,14090,14091,14092,14093,14094,14095,14096,14097,14098,14099,14100,14101,14102,14103,14104,14105,14106,14107,14108,14109,14110,14111,14112,14113,14114,14115,14116,14117,14118,14119,14120,14121,14122,14123,14124,14125,14126,14127,14128,14129,14130,14131,14132,14133,14134,14135,14136,14137,14138,14139,14140,14141,14142,14143,14144,14145,14146,14147,14148,14149,14150,14151,14152,14153,14154,14155,14156,14157,14158,14159,14160,14161,14162,14163,14164,14165,14166,14167,14168,14169,14170,14171,14172,14173,14174,14175,14176,14177,14178,14179,14180,14181,14182,14183,14184,14185,14186,14187,14188,14189,14190,14191,14192,14193,14194,14195,14196,14197,14198,14199,14200,14201,14202,14203,14204,14205,14206,14207,14208,14209,14210,14211,14212,14213,14214,14215,14216,14217,14218,14219,14220,14221,14222,14223,14224,14225,14226,14227,14228,14229,14230,14231,14232,14233,14234,14235,14236,14237,14238,14239,14240,14241,14242,14243,14244,14245,14246,14247,14248,14249,14250,14251,14252,14253,14254,14255,14256,14257,14258,14259,14260,14261,14262,14263,14264,14265,14266,14267,14268,14269,14270,14271,14272,14273,14274,14275,14276,14277,14278,14279,14280,14281,14282,14283,14284,14285,14286,14287,14288,14289,14290,14291,14292,14293,14294,14295,14296,14297,14298,14299,14300,14301,14302,14303,14304,14305,14306,14307,14308,14309,14310,14311,14312,14313,14314,14315,14316,14317,14318,14319,14320,14321,14322,14323,14324,14325,14326,14327,14328,14329,14330,14331,14332,14333,14334,14335,14336,14337,14338,14339,14340,14341,14342,14343,14344,14345,14346,14347,14348,14349,14350,14351,14352,14353,14354,14355,14356,14357,14358,14359,14360,14361,14362,14363,14364,14365,14366,14367,14368,14369,14370,14371,14372,14373,14374,14375,14376,14377,14378,14379,14380,14381,14382,14383,14384,14385,14386,14387,14388,14389,14390,14391,14392,14393,14394,14395,14396,14397,14398,14399,14400,14401,14402,14403,14404,14405,14406,14407,14408,14409,14410,14411,14412,14413,14414,14415,14416,14417,14418,14419,14420,14421,14422,14423,14424,14425,14426,14427,14428,14429,14430,14431,14432,14433,14434,14435,14436,14437,14438,14439,14440,14441,14442,14443,14444,14445,14446,14447,14448,14449,14450,14451,14452,14453,14454,14455,14456,14457,14458,14459,14460,14461,14462,14463,14464,14465,14466,14467,14468,14469,14470,14471,14472,14473,14474,14475,14476,14477,14478,14479,14480,14481,14482,14483,14484,14485,14486,14487,14488,14489,14490,14491,14492,14493,14494,14495,14496,14497,14498,14499,14500,14501,14502,14503,14504,14505,14506,14507,14508,14509,14510,14511,14512,14513,14514,14515,14516,14517,14518,14519,14520,14521,14522,14523,14524,14525,14526,14527,14528,14529,14530,14531,14532,14533,14534,14535,14536,14537,14538,14539,14540,14541,14542,14543,14544,14545,14546,14547,14548,14549,14550,14551,14552,14553,14554,14555,14556,14557,14558,14559,14560,14561,14562,14563,14564,14565,14566,14567,14568,14569,14570,14571,14572,14573,14574,14575,14576,14577,14578,14579,14580,14581,14582,14583,14584,14585,14586,14587,14588,14589,14590,14591,14592,14593,14594,14595,14596,14597,14598,14599,14600,14601,14602,14603,14604,14605,14606,14607,14608,14609,14610,14611,14612,14613,14614,14615,14616,14617,14618,14619,14620,14621,14622,14623,14624,14625,14626,14627,14628,14629,14630,14631,14632,14633,14634,14635,14636,14637,14638,14639,14640,14641,14642,14643,14644,14645,14646,14647,14648,14649,14650,14651,14652,14653,14654,14655,14656,14657,14658,14659,14660,14661,14662,14663,14664,14665,14666,14667,14668,14669,14670,14671,14672,14673,14674,14675,14676,14677,14678,14679,14680,14681,14682,14683,14684,14685,14686,14687,14688,14689,14690,14691,14692,14693,14694,14695,14696,14697,14698,14699,14700,14701,14702,14703,14704,14705,14706,14707,14708,14709,14710,14711,14712,14713,14714,14715,14716,14717,14718,14719,14720,14721,14722,14723,14724,14725,14726,14727,14728,14729,14730,14731,14732,14733,14734,14735,14736,14737,14738,14739,14740,14741,14742,14743,14744,14745,14746,14747,14748,14749,14750,14751,14752,14753,14754,14755,14756,14757,14758,14759,14760,14761,14762,14763,14764,14765,14766,14767,14768,14769,14770,14771,14772,14773,14774,14775,14776,14777,14778,14779,14780,14781,14782,14783,14784,14785,14786,14787,14788,14789,14790,14791,14792,14793,14794,14795,14796,14797,14798,14799,14800,14801,14802,14803,14804,14805,14806,14807,14808,14809,14810,14811,14812,14813,14814,14815,14816,14817,14818,14819,14820,14821,14822,14823,14824,14825,14826,14827,14828,14829,14830,14831,14832,14833,14834,14835,14836,14837,14838,14839,14840,14841,14842,14843,14844,14845,14846,14847,14848,14849,14850,14851,14852,14853,14854,14855,14856,14857,14858,14859,14860,14861,14862,14863,14864,14865,14866,14867,14868,14869,14870,14871,14872,14873,14874,14875,14876,14877,14878,14879,14880,14881,14882,14883,14884,14885,14886,14887,14888,14889,14890,14891,14892,14893,14894,14895,14896,14897,14898,14899,14900,14901,14902,14903,14904,14905,14906,14907,14908,14909,14910,14911,14912,14913,14914,14915,14916,14917,14918,14919,14920,14921,14922,14923,14924,14925,14926,14927,14928,14929,14930,14931,14932,14933,14934,14935,14936,14937,14938,14939,14940,14941,14942,14943,14944,14945,14946,14947,14948,14949,14950,14951,14952,14953,14954,14955,14956,14957,14958,14959,14960,14961,14962,14963,14964,14965,14966,14967,14968,14969,14970,14971,14972,14973,14974,14975,14976,14977,14978,14979,14980,14981,14982,14983,14984,14985,14986,14987,14988,14989,14990,14991,14992,14993,14994,14995,14996,14997,14998,14999,15000,15001,15002,15003,15004,15005,15006,15007,15008,15009,15010,15011,15012,15013,15014,15015,15016,15017,15018,15019,15020,15021,15022,15023,15024,15025,15026,15027,15028,15029,15030,15031,15032,15033,15034,15035,15036,15037,15038,15039,15040,15041,15042,15043,15044,15045,15046,15047,15048,15049,15050,15051,15052,15053,15054,15055,15056,15057,15058,15059,15060,15061,15062,15063,15064,15065,15066,15067,15068,15069,15070,15071,15072,15073,15074,15075,15076,15077,15078,15079,15080,15081,15082,15083,15084,15085,15086,15087,15088,15089,15090,15091,15092,15093,15094,15095,15096,15097,15098,15099,15100,15101,15102,15103,15104,15105,15106,15107,15108,15109,15110,15111,15112,15113,15114,15115,15116,15117,15118,15119,15120,15121,15122,15123,15124,15125,15126,15127,15128,15129,15130,15131,15132,15133,15134,15135,15136,15137,15138,15139,15140,15141,15142,15143,15144,15145,15146,15147,15148,15149,15150,15151,15152,15153,15154,15155,15156,15157,15158,15159,15160,15161,15162,15163,15164,15165,15166,15167,15168,15169,15170,15171,15172,15173,15174,15175,15176,15177,15178,15179,15180,15181,15182,15183,15184,15185,15186,15187,15188,15189,15190,15191,15192,15193,15194,15195,15196,15197,15198,15199,15200,15201,15202,15203,15204,15205,15206,15207,15208,15209,15210,15211,15212,15213,15214,15215,15216,15217,15218,15219,15220,15221,15222,15223,15224,15225,15226,15227,15228,15229,15230,15231,15232,15233,15234,15235,15236,15237,15238,15239,15240,15241,15242,15243,15244,15245,15246,15247,15248,15249,15250,15251,15252,15253,15254,15255,15256,15257,15258,15259,15260,15261,15262,15263,15264,15265,15266,15267,15268,15269,15270,15271,15272,15273,15274,15275,15276,15277,15278,15279,15280,15281,15282,15283,15284,15285,15286,15287,15288,15289,15290,15291,15292,15293,15294,15295,15296,15297,15298,15299,15300,15301,15302,15303,15304,15305,15306,15307,15308,15309,15310,15311,15312,15313,15314,15315,15316,15317,15318,15319,15320,15321,15322,15323,15324,15325,15326,15327,15328,15329,15330,15331,15332,15333,15334,15335,15336,15337,15338,15339,15340,15341,15342,15343,15344,15345,15346,15347,15348,15349,15350,15351,15352,15353,15354,15355,15356,15357,15358,15359,15360,15361,15362,15363,15364,15365,15366,15367,15368,15369,15370,15371,15372,15373,15374,15375,15376,15377,15378,15379,15380,15381,15382,15383,15384,15385,15386,15387,15388,15389,15390,15391,15392,15393,15394,15395,15396,15397,15398,15399,15400,15401,15402,15403,15404,15405,15406,15407,15408,15409,15410,15411,15412,15413,15414,15415,15416,15417,15418,15419,15420,15421,15422,15423,15424,15425,15426,15427,15428,15429,15430,15431,15432,15433,15434,15435,15436,15437,15438,15439,15440,15441,15442,15443,15444,15445,15446,15447,15448,15449,15450,15451,15452,15453,15454,15455,15456,15457,15458,15459,15460,15461,15462,15463,15464,15465,15466,15467,15468,15469,15470,15471,15472,15473,15474,15475,15476,15477,15478,15479,15480,15481,15482,15483,15484,15485,15486,15487,15488,15489,15490,15491,15492,15493,15494,15495,15496,15497,15498,15499,15500,15501,15502,15503,15504,15505,15506,15507,15508,15509,15510,15511,15512,15513,15514,15515,15516,15517,15518,15519,15520,15521,15522,15523,15524,15525,15526,15527,15528,15529,15530,15531,15532,15533,15534,15535,15536,15537,15538,15539,15540,15541,15542,15543,15544,15545,15546,15547,15548,15549,15550,15551,15552,15553,15554,15555,15556,15557,15558,15559,15560,15561,15562,15563,15564,15565,15566,15567,15568,15569,15570,15571,15572,15573,15574,15575,15576,15577,15578,15579,15580,15581,15582,15583,15584,15585,15586,15587,15588,15589,15590,15591,15592,15593,15594,15595,15596,15597,15598,15599,15600,15601,15602,15603,15604,15605,15606,15607,15608,15609,15610,15611,15612,15613,15614,15615,15616,15617,15618,15619,15620,15621,15622,15623,15624,15625,15626,15627,15628,15629,15630,15631,15632,15633,15634,15635,15636,15637,15638,15639,15640,15641,15642,15643,15644,15645,15646,15647,15648,15649,15650,15651,15652,15653,15654,15655,15656,15657,15658,15659,15660,15661,15662,15663,15664,15665,15666,15667,15668,15669,15670,15671,15672,15673,15674,15675,15676,15677,15678,15679,15680,15681,15682,15683,15684,15685,15686,15687,15688,15689,15690,15691,15692,15693,15694,15695,15696,15697,15698,15699,15700,15701,15702,15703,15704,15705,15706,15707,15708,15709,15710,15711,15712,15713,15714,15715,15716,15717,15718,15719,15720,15721,15722,15723,15724,15725,15726,15727,15728,15729,15730,15731,15732,15733,15734,15735,15736,15737,15738,15739,15740,15741,15742,15743,15744,15745,15746,15747,15748,15749,15750,15751,15752,15753,15754,15755,15756,15757,15758,15759,15760,15761,15762,15763,15764,15765,15766,15767,15768,15769,15770,15771,15772,15773,15774,15775,15776,15777,15778,15779,15780,15781,15782,15783,15784,15785,15786,15787,15788,15789,15790,15791,15792,15793,15794,15795,15796,15797,15798,15799,15800,15801,15802,15803,15804,15805,15806,15807,15808,15809,15810,15811,15812,15813,15814,15815,15816,15817,15818,15819,15820,15821,15822,15823,15824,15825,15826,15827,15828,15829,15830,15831,15832,15833,15834,15835,15836,15837,15838,15839,15840,15841,15842,15843,15844,15845,15846,15847,15848,15849,15850,15851,15852,15853,15854,15855,15856,15857,15858,15859,15860,15861,15862,15863,15864,15865,15866,15867,15868,15869,15870,15871,15872,15873,15874,15875,15876,15877,15878,15879,15880,15881,15882,15883,15884,15885,15886,15887,15888,15889,15890,15891,15892,15893,15894,15895,15896,15897,15898,15899,15900,15901,15902,15903,15904,15905,15906,15907,15908,15909,15910,15911,15912,15913,15914,15915,15916,15917,15918,15919,15920,15921,15922,15923,15924,15925,15926,15927,15928,15929,15930,15931,15932,15933,15934,15935,15936,15937,15938,15939,15940,15941,15942,15943,15944,15945,15946,15947,15948,15949,15950,15951,15952,15953,15954,15955,15956,15957,15958,15959,15960,15961,15962,15963,15964,15965,15966,15967,15968,15969,15970,15971,15972,15973,15974,15975,15976,15977,15978,15979,15980,15981,15982,15983,15984,15985,15986,15987,15988,15989,15990,15991,15992,15993,15994,15995,15996,15997,15998,15999,16000,16001,16002,16003,16004,16005,16006,16007,16008,16009,16010,16011,16012,16013,16014,16015,16016,16017,16018,16019,16020,16021,16022,16023,16024,16025,16026,16027,16028,16029,16030,16031,16032,16033,16034,16035,16036,16037,16038,16039,16040,16041,16042,16043,16044,16045,16046,16047,16048,16049,16050,16051,16052,16053,16054,16055,16056,16057,16058,16059,16060,16061,16062,16063,16064,16065,16066,16067,16068,16069,16070,16071,16072,16073,16074,16075,16076,16077,16078,16079,16080,16081,16082,16083,16084,16085,16086,16087,16088,16089,16090,16091,16092,16093,16094,16095,16096,16097,16098,16099,16100,16101,16102,16103,16104,16105,16106,16107,16108,16109,16110,16111,16112,16113,16114,16115,16116,16117,16118,16119,16120,16121,16122,16123,16124,16125,16126,16127,16128,16129,16130,16131,16132,16133,16134,16135,16136,16137,16138,16139,16140,16141,16142,16143,16144,16145,16146,16147,16148,16149,16150,16151,16152,16153,16154,16155,16156,16157,16158,16159,16160,16161,16162,16163,16164,16165,16166,16167,16168,16169,16170,16171,16172,16173,16174,16175,16176,16177,16178,16179,16180,16181,16182,16183,16184,16185,16186,16187,16188,16189,16190,16191,16192,16193,16194,16195,16196,16197,16198,16199,16200,16201,16202,16203,16204,16205,16206,16207,16208,16209,16210,16211,16212,16213,16214,16215,16216,16217,16218,16219,16220,16221,16222,16223,16224,16225,16226,16227,16228,16229,16230,16231,16232,16233,16234,16235,16236,16237,16238,16239,16240,16241,16242,16243,16244,16245,16246,16247,16248,16249,16250,16251,16252,16253,16254,16255,16256,16257,16258,16259,16260,16261,16262,16263,16264,16265,16266,16267,16268,16269,16270,16271,16272,16273,16274,16275,16276,16277,16278,16279,16280,16281,16282,16283,16284,16285,16286,16287,16288,16289,16290,16291,16292,16293,16294,16295,16296,16297,16298,16299,16300,16301,16302,16303,16304,16305,16306,16307,16308,16309,16310,16311,16312,16313,16314,16315,16316,16317,16318,16319,16320,16321,16322,16323,16324,16325,16326,16327,16328,16329,16330,16331,16332,16333,16334,16335,16336,16337,16338,16339,16340,16341,16342,16343,16344,16345,16346,16347,16348,16349,16350,16351,16352,16353,16354,16355,16356,16357,16358,16359,16360,16361,16362,16363,16364,16365,16366,16367,16368,16369,16370,16371,16372,16373,16374,16375,16376,16377,16378,16379,16380,16381,16382,16383,16384,16385,16386,16387,16388,16389,16390,16391,16392,16393,16394,16395,16396,16397,16398,16399,16400,16401,16402,16403,16404,16405,16406,16407,16408,16409,16410,16411,16412,16413,16414,16415,16416,16417,16418,16419,16420,16421,16422,16423,16424,16425,16426,16427,16428,16429,16430,16431,16432,16433,16434,16435,16436,16437,16438,16439,16440,16441,16442,16443,16444,16445,16446,16447,16448,16449,16450,16451,16452,16453,16454,16455,16456,16457,16458,16459,16460,16461,16462,16463,16464,16465,16466,16467,16468,16469,16470,16471,16472,16473,16474,16475,16476,16477,16478,16479,16480,16481,16482,16483,16484,16485,16486,16487,16488,16489,16490,16491,16492,16493,16494,16495,16496,16497,16498,16499,16500,16501,16502,16503,16504,16505,16506,16507,16508,16509,16510,16511,16512,16513,16514,16515,16516,16517,16518,16519,16520,16521,16522,16523,16524,16525,16526,16527,16528,16529,16530,16531,16532,16533,16534,16535,16536,16537,16538,16539,16540,16541,16542,16543,16544,16545,16546,16547,16548,16549,16550,16551,16552,16553,16554,16555,16556,16557,16558,16559,16560,16561,16562,16563,16564,16565,16566,16567,16568,16569,16570,16571,16572,16573,16574,16575,16576,16577,16578,16579,16580,16581,16582,16583,16584,16585,16586,16587,16588,16589,16590,16591,16592,16593,16594,16595,16596,16597,16598,16599,16600,16601,16602,16603,16604,16605,16606,16607,16608,16609,16610,16611,16612,16613,16614,16615,16616,16617,16618,16619,16620,16621,16622,16623,16624,16625,16626,16627,16628,16629,16630,16631,16632,16633,16634,16635,16636,16637,16638,16639,16640,16641,16642,16643,16644,16645,16646,16647,16648,16649,16650,16651,16652,16653,16654,16655,16656,16657,16658,16659,16660,16661,16662,16663,16664,16665,16666,16667,16668,16669,16670,16671,16672,16673,16674,16675,16676,16677,16678,16679,16680,16681,16682,16683,16684,16685,16686,16687,16688,16689,16690,16691,16692,16693,16694,16695,16696,16697,16698,16699,16700,16701,16702,16703,16704,16705,16706,16707,16708,16709,16710,16711,16712,16713,16714,16715,16716,16717,16718,16719,16720,16721,16722,16723,16724,16725,16726,16727,16728,16729,16730,16731,16732,16733,16734,16735,16736,16737,16738,16739,16740,16741,16742,16743,16744,16745,16746,16747,16748,16749,16750,16751,16752,16753,16754,16755,16756,16757,16758,16759,16760,16761,16762,16763,16764,16765,16766,16767,16768,16769,16770,16771,16772,16773,16774,16775,16776,16777,16778,16779,16780,16781,16782,16783,16784,16785,16786,16787,16788,16789,16790,16791,16792,16793,16794,16795,16796,16797,16798,16799,16800,16801,16802,16803,16804,16805,16806,16807,16808,16809,16810,16811,16812,16813,16814,16815,16816,16817,16818,16819,16820,16821,16822,16823,16824,16825,16826,16827,16828,16829,16830,16831,16832,16833,16834,16835,16836,16837,16838,16839,16840,16841,16842,16843,16844,16845,16846,16847,16848,16849,16850,16851,16852,16853,16854,16855,16856,16857,16858,16859,16860,16861,16862,16863,16864,16865,16866,16867,16868,16869,16870,16871,16872,16873,16874,16875,16876,16877,16878,16879,16880,16881,16882,16883,16884,16885,16886,16887,16888,16889,16890,16891,16892,16893,16894,16895,16896,16897,16898,16899,16900,16901,16902,16903,16904,16905,16906,16907,16908,16909,16910,16911,16912,16913,16914,16915,16916,16917,16918,16919,16920,16921,16922,16923,16924,16925,16926,16927,16928,16929,16930,16931,16932,16933,16934,16935,16936,16937,16938,16939,16940,16941,16942,16943,16944,16945,16946,16947,16948,16949,16950,16951,16952,16953,16954,16955,16956,16957,16958,16959,16960,16961,16962,16963,16964,16965,16966,16967,16968,16969,16970,16971,16972,16973,16974,16975,16976,16977,16978,16979,16980,16981,16982,16983,16984,16985,16986,16987,16988,16989,16990,16991,16992,16993,16994,16995,16996,16997,16998,16999,17000,17001,17002,17003,17004,17005,17006,17007,17008,17009,17010,17011,17012,17013,17014,17015,17016,17017,17018,17019,17020,17021,17022,17023,17024,17025,17026,17027,17028,17029,17030,17031,17032,17033,17034,17035,17036,17037,17038,17039,17040,17041,17042,17043,17044,17045,17046,17047,17048,17049,17050,17051,17052,17053,17054,17055,17056,17057,17058,17059,17060,17061,17062,17063,17064,17065,17066,17067,17068,17069,17070,17071,17072,17073,17074,17075,17076,17077,17078,17079,17080,17081,17082,17083,17084,17085,17086,17087,17088,17089,17090,17091,17092,17093,17094,17095,17096,17097,17098,17099,17100,17101,17102,17103,17104,17105,17106,17107,17108,17109,17110,17111,17112,17113,17114,17115,17116,17117,17118,17119,17120,17121,17122,17123,17124,17125,17126,17127,17128,17129,17130,17131,17132,17133,17134,17135,17136,17137,17138,17139,17140,17141,17142,17143,17144,17145,17146,17147,17148,17149,17150,17151,17152,17153,17154,17155,17156,17157,17158,17159,17160,17161,17162,17163,17164,17165,17166,17167,17168,17169,17170,17171,17172,17173,17174,17175,17176,17177,17178,17179,17180,17181,17182,17183,17184,17185,17186,17187,17188,17189,17190,17191,17192,17193,17194,17195,17196,17197,17198,17199,17200,17201,17202,17203,17204,17205,17206,17207,17208,17209,17210,17211,17212,17213,17214,17215,17216,17217,17218,17219,17220,17221,17222,17223,17224,17225,17226,17227,17228,17229,17230,17231,17232,17233,17234,17235,17236,17237,17238,17239,17240,17241,17242,17243,17244,17245,17246,17247,17248,17249,17250,17251,17252,17253,17254,17255,17256,17257,17258,17259,17260,17261,17262,17263,17264,17265,17266,17267,17268,17269,17270,17271,17272,17273,17274,17275,17276,17277,17278,17279,17280,17281,17282,17283,17284,17285,17286,17287,17288,17289,17290,17291,17292,17293,17294,17295,17296,17297,17298,17299,17300,17301,17302,17303,17304,17305,17306,17307,17308,17309,17310,17311,17312,17313,17314,17315,17316,17317,17318,17319,17320,17321,17322,17323,17324,17325,17326,17327,17328,17329,17330,17331,17332,17333,17334,17335,17336,17337,17338,17339,17340,17341,17342,17343,17344,17345,17346,17347,17348,17349,17350,17351,17352,17353,17354,17355,17356,17357,17358,17359,17360,17361,17362,17363,17364,17365,17366,17367,17368,17369,17370,17371,17372,17373,17374,17375,17376,17377,17378,17379,17380,17381,17382,17383,17384,17385,17386,17387,17388,17389,17390,17391,17392,17393,17394,17395,17396,17397,17398,17399,17400,17401,17402,17403,17404,17405,17406,17407,17408,17409,17410,17411,17412,17413,17414,17415,17416,17417,17418,17419,17420,17421,17422,17423,17424,17425,17426,17427,17428,17429,17430,17431,17432,17433,17434,17435,17436,17437,17438,17439,17440,17441,17442,17443,17444,17445,17446,17447,17448,17449,17450,17451,17452,17453,17454,17455,17456,17457,17458,17459,17460,17461,17462,17463,17464,17465,17466,17467,17468,17469,17470,17471,17472,17473,17474,17475,17476,17477,17478,17479,17480,17481,17482,17483,17484,17485,17486,17487,17488,17489,17490,17491,17492,17493,17494,17495,17496,17497,17498,17499,17500,17501,17502,17503,17504,17505,17506,17507,17508,17509,17510,17511,17512,17513,17514,17515,17516,17517,17518,17519,17520,17521,17522,17523,17524,17525,17526,17527,17528,17529,17530,17531,17532,17533,17534,17535,17536,17537,17538,17539,17540,17541,17542,17543,17544,17545,17546,17547,17548,17549,17550,17551,17552,17553,17554,17555,17556,17557,17558,17559,17560,17561,17562,17563,17564,17565,17566,17567,17568,17569,17570,17571,17572,17573,17574,17575,17576,17577,17578,17579,17580,17581,17582,17583,17584,17585,17586,17587,17588,17589,17590,17591,17592,17593,17594,17595,17596,17597,17598,17599,17600,17601,17602,17603,17604,17605,17606,17607,17608,17609,17610,17611,17612,17613,17614,17615,17616,17617,17618,17619,17620,17621,17622,17623,17624,17625,17626,17627,17628,17629,17630,17631,17632,17633,17634,17635,17636,17637,17638,17639,17640,17641,17642,17643,17644,17645,17646,17647,17648,17649,17650,17651,17652,17653,17654,17655,17656,17657,17658,17659,17660,17661,17662,17663,17664,17665,17666,17667,17668,17669,17670,17671,17672,17673,17674,17675,17676,17677,17678,17679,17680,17681,17682,17683,17684,17685,17686,17687,17688,17689,17690,17691,17692,17693,17694,17695,17696,17697,17698,17699,17700,17701,17702,17703,17704,17705,17706,17707,17708,17709,17710,17711,17712,17713,17714,17715,17716,17717,17718,17719,17720,17721,17722,17723,17724,17725,17726,17727,17728,17729,17730,17731,17732,17733,17734,17735,17736,17737,17738,17739,17740,17741,17742,17743,17744,17745,17746,17747,17748,17749,17750,17751,17752,17753,17754,17755,17756,17757,17758,17759,17760,17761,17762,17763,17764,17765,17766,17767,17768,17769,17770,17771,17772,17773,17774,17775,17776,17777,17778,17779,17780,17781,17782,17783,17784,17785,17786,17787,17788,17789,17790,17791,17792,17793,17794,17795,17796,17797,17798,17799,17800,17801,17802,17803,17804,17805,17806,17807,17808,17809,17810,17811,17812,17813,17814,17815,17816,17817,17818,17819,17820,17821,17822,17823,17824,17825,17826,17827,17828,17829,17830,17831,17832,17833,17834,17835,17836,17837,17838,17839,17840,17841,17842,17843,17844,17845,17846,17847,17848,17849,17850,17851,17852,17853,17854,17855,17856,17857,17858,17859,17860,17861,17862,17863,17864,17865,17866,17867,17868,17869,17870,17871,17872,17873,17874,17875,17876,17877,17878,17879,17880,17881,17882,17883,17884,17885,17886,17887,17888,17889,17890,17891,17892,17893,17894,17895,17896,17897,17898,17899,17900,17901,17902,17903,17904,17905,17906,17907,17908,17909,17910,17911,17912,17913,17914,17915,17916,17917,17918,17919,17920,17921,17922,17923,17924,17925,17926,17927,17928,17929,17930,17931,17932,17933,17934,17935,17936,17937,17938,17939,17940,17941,17942,17943,17944,17945,17946,17947,17948,17949,17950,17951,17952,17953,17954,17955,17956,17957,17958,17959,17960,17961,17962,17963,17964,17965,17966,17967,17968,17969,17970,17971,17972,17973,17974,17975,17976,17977,17978,17979,17980,17981,17982,17983,17984,17985,17986,17987,17988,17989,17990,17991,17992,17993,17994,17995,17996,17997,17998,17999,18000,18001,18002,18003,18004,18005,18006,18007,18008,18009,18010,18011,18012,18013,18014,18015,18016,18017,18018,18019,18020,18021,18022,18023,18024,18025,18026,18027,18028,18029,18030,18031,18032,18033,18034,18035,18036,18037,18038,18039,18040,18041,18042,18043,18044,18045,18046,18047,18048,18049,18050,18051,18052,18053,18054,18055,18056,18057,18058,18059,18060,18061,18062,18063,18064,18065,18066,18067,18068,18069,18070,18071,18072,18073,18074,18075,18076,18077,18078,18079,18080,18081,18082,18083,18084,18085,18086,18087,18088,18089,18090,18091,18092,18093,18094,18095,18096,18097,18098,18099,18100,18101,18102,18103,18104,18105,18106,18107,18108,18109,18110,18111,18112,18113,18114,18115,18116,18117,18118,18119,18120,18121,18122,18123,18124,18125,18126,18127,18128,18129,18130,18131,18132,18133,18134,18135,18136,18137,18138,18139,18140,18141,18142,18143,18144,18145,18146,18147,18148,18149,18150,18151,18152,18153,18154,18155,18156,18157,18158,18159,18160,18161,18162,18163,18164,18165,18166,18167,18168,18169,18170,18171,18172,18173,18174,18175,18176,18177,18178,18179,18180,18181,18182,18183,18184,18185,18186,18187,18188,18189,18190,18191,18192,18193,18194,18195,18196,18197,18198,18199,18200,18201,18202,18203,18204,18205,18206,18207,18208,18209,18210,18211,18212,18213,18214,18215,18216,18217,18218,18219,18220,18221,18222,18223,18224,18225,18226,18227,18228,18229,18230,18231,18232,18233,18234,18235,18236,18237,18238,18239,18240,18241,18242,18243,18244,18245,18246,18247,18248,18249,18250,18251,18252,18253,18254,18255,18256,18257,18258,18259,18260,18261,18262,18263,18264,18265,18266,18267,18268,18269,18270,18271,18272,18273,18274,18275,18276,18277,18278,18279,18280,18281,18282,18283,18284,18285,18286,18287,18288,18289,18290,18291,18292,18293,18294,18295,18296,18297,18298,18299,18300,18301,18302,18303,18304,18305,18306,18307,18308,18309,18310,18311,18312,18313,18314,18315,18316,18317,18318,18319,18320,18321,18322,18323,18324,18325,18326,18327,18328,18329,18330,18331,18332,18333,18334,18335,18336,18337,18338,18339,18340,18341,18342,18343,18344,18345,18346,18347,18348,18349,18350,18351,18352,18353,18354,18355,18356,18357,18358,18359,18360,18361,18362,18363,18364,18365,18366,18367,18368,18369,18370,18371,18372,18373,18374,18375,18376,18377,18378,18379,18380,18381,18382,18383,18384,18385,18386,18387,18388,18389,18390,18391,18392,18393,18394,18395,18396,18397,18398,18399,18400,18401,18402,18403,18404,18405,18406,18407,18408,18409,18410,18411,18412,18413,18414,18415,18416,18417,18418,18419,18420,18421,18422,18423,18424,18425,18426,18427,18428,18429,18430,18431,18432,18433,18434,18435,18436,18437,18438,18439,18440,18441,18442,18443,18444,18445,18446,18447,18448,18449,18450,18451,18452,18453,18454,18455,18456,18457,18458,18459,18460,18461,18462,18463,18464,18465,18466,18467,18468,18469,18470,18471,18472,18473,18474,18475,18476,18477,18478,18479,18480,18481,18482,18483,18484,18485,18486,18487,18488,18489,18490,18491,18492,18493,18494,18495,18496,18497,18498,18499,18500,18501,18502,18503,18504,18505,18506,18507,18508,18509,18510,18511,18512,18513,18514,18515,18516,18517,18518,18519,18520,18521,18522,18523,18524,18525,18526,18527,18528,18529,18530,18531,18532,18533,18534,18535,18536,18537,18538,18539,18540,18541,18542,18543,18544,18545,18546,18547,18548,18549,18550,18551,18552,18553,18554,18555,18556,18557,18558,18559,18560,18561,18562,18563,18564,18565,18566,18567,18568,18569,18570,18571,18572,18573,18574,18575,18576,18577,18578,18579,18580,18581,18582,18583,18584,18585,18586,18587,18588,18589,18590,18591,18592,18593,18594,18595,18596,18597,18598,18599,18600,18601,18602,18603,18604,18605,18606,18607,18608,18609,18610,18611,18612,18613,18614,18615,18616,18617,18618,18619,18620,18621,18622,18623,18624,18625,18626,18627,18628,18629,18630,18631,18632,18633,18634,18635,18636,18637,18638,18639,18640,18641,18642,18643,18644,18645,18646,18647,18648,18649,18650,18651,18652,18653,18654,18655,18656,18657,18658,18659,18660,18661,18662,18663,18664,18665,18666,18667,18668,18669,18670,18671,18672,18673,18674,18675,18676,18677,18678,18679,18680,18681,18682,18683,18684,18685,18686,18687,18688,18689,18690,18691,18692,18693,18694,18695,18696,18697,18698,18699,18700,18701,18702,18703,18704,18705,18706,18707,18708,18709,18710,18711,18712,18713,18714,18715,18716,18717,18718,18719,18720,18721,18722,18723,18724,18725,18726,18727,18728,18729,18730,18731,18732,18733,18734,18735,18736,18737,18738,18739,18740,18741,18742,18743,18744,18745,18746,18747,18748,18749,18750,18751,18752,18753,18754,18755,18756,18757,18758,18759,18760,18761,18762,18763,18764,18765,18766,18767,18768,18769,18770,18771,18772,18773,18774,18775,18776,18777,18778,18779,18780,18781,18782,18783,18784,18785,18786,18787,18788,18789,18790,18791,18792,18793,18794,18795,18796,18797,18798,18799,18800,18801,18802,18803,18804,18805,18806,18807,18808,18809,18810,18811,18812,18813,18814,18815,18816,18817,18818,18819,18820,18821,18822,18823,18824,18825,18826,18827,18828,18829,18830,18831,18832,18833,18834,18835,18836,18837,18838,18839,18840,18841,18842,18843,18844,18845,18846,18847,18848,18849,18850,18851,18852,18853,18854,18855,18856,18857,18858,18859,18860,18861,18862,18863,18864,18865,18866,18867,18868,18869,18870,18871,18872,18873,18874,18875,18876,18877,18878,18879,18880,18881,18882,18883,18884,18885,18886,18887,18888,18889,18890,18891,18892,18893,18894,18895,18896,18897,18898,18899,18900,18901,18902,18903,18904,18905,18906,18907,18908,18909,18910,18911,18912,18913,18914,18915,18916,18917,18918,18919,18920,18921,18922,18923,18924,18925,18926,18927,18928,18929,18930,18931,18932,18933,18934,18935,18936,18937,18938,18939,18940,18941,18942,18943,18944,18945,18946,18947,18948,18949,18950,18951,18952,18953,18954,18955,18956,18957,18958,18959,18960,18961,18962,18963,18964,18965,18966,18967,18968,18969,18970,18971,18972,18973,18974,18975,18976,18977,18978,18979,18980,18981,18982,18983,18984,18985,18986,18987,18988,18989,18990,18991,18992,18993,18994,18995,18996,18997,18998,18999,19000,19001,19002,19003,19004,19005,19006,19007,19008,19009,19010,19011,19012,19013,19014,19015,19016,19017,19018,19019,19020,19021,19022,19023,19024,19025,19026,19027,19028,19029,19030,19031,19032,19033,19034,19035,19036,19037,19038,19039,19040,19041,19042,19043,19044,19045,19046,19047,19048,19049,19050,19051,19052,19053,19054,19055,19056,19057,19058,19059,19060,19061,19062,19063,19064,19065,19066,19067,19068,19069,19070,19071,19072,19073,19074,19075,19076,19077,19078,19079,19080,19081,19082,19083,19084,19085,19086,19087,19088,19089,19090,19091,19092,19093,19094,19095,19096,19097,19098,19099,19100,19101,19102,19103,19104,19105,19106,19107,19108,19109,19110,19111,19112,19113,19114,19115,19116,19117,19118,19119,19120,19121,19122,19123,19124,19125,19126,19127,19128,19129,19130,19131,19132,19133,19134,19135,19136,19137,19138,19139,19140,19141,19142,19143,19144,19145,19146,19147,19148,19149,19150,19151,19152,19153,19154,19155,19156,19157,19158,19159,19160,19161,19162,19163,19164,19165,19166,19167,19168,19169,19170,19171,19172,19173,19174,19175,19176,19177,19178,19179,19180,19181,19182,19183,19184,19185,19186,19187,19188,19189,19190,19191,19192,19193,19194,19195,19196,19197,19198,19199,19200,19201,19202,19203,19204,19205,19206,19207,19208,19209,19210,19211,19212,19213,19214,19215,19216,19217,19218,19219,19220,19221,19222,19223,19224,19225,19226,19227,19228,19229,19230,19231,19232,19233,19234,19235,19236,19237,19238,19239,19240,19241,19242,19243,19244,19245,19246,19247,19248,19249,19250,19251,19252,19253,19254,19255,19256,19257,19258,19259,19260,19261,19262,19263,19264,19265,19266,19267,19268,19269,19270,19271,19272,19273,19274,19275,19276,19277,19278,19279,19280,19281,19282,19283,19284,19285,19286,19287,19288,19289,19290,19291,19292,19293,19294,19295,19296,19297,19298,19299,19300,19301,19302,19303,19304,19305,19306,19307,19308,19309,19310,19311,19312,19313,19314,19315,19316,19317,19318,19319,19320,19321,19322,19323,19324,19325,19326,19327,19328,19329,19330,19331,19332,19333,19334,19335,19336,19337,19338,19339,19340,19341,19342,19343,19344,19345,19346,19347,19348,19349,19350,19351,19352,19353,19354,19355,19356,19357,19358,19359,19360,19361,19362,19363,19364,19365,19366,19367,19368,19369,19370,19371,19372,19373,19374,19375,19376,19377,19378,19379,19380,19381,19382,19383,19384,19385,19386,19387,19388,19389,19390,19391,19392,19393,19394,19395,19396,19397,19398,19399,19400,19401,19402,19403,19404,19405,19406,19407,19408,19409,19410,19411,19412,19413,19414,19415,19416,19417,19418,19419,19420,19421,19422,19423,19424,19425,19426,19427,19428,19429,19430,19431,19432,19433,19434,19435,19436,19437,19438,19439,19440,19441,19442,19443,19444,19445,19446,19447,19448,19449,19450,19451,19452,19453,19454,19455,19456,19457,19458,19459,19460,19461,19462,19463,19464,19465,19466,19467,19468,19469,19470,19471,19472,19473,19474,19475,19476,19477,19478,19479,19480,19481,19482,19483,19484,19485,19486,19487,19488,19489,19490,19491,19492,19493,19494,19495,19496,19497,19498,19499,19500,19501,19502,19503,19504,19505,19506,19507,19508,19509,19510,19511,19512,19513,19514,19515,19516,19517,19518,19519,19520,19521,19522,19523,19524,19525,19526,19527,19528,19529,19530,19531,19532,19533,19534,19535,19536,19537,19538,19539,19540,19541,19542,19543,19544,19545,19546,19547,19548,19549,19550,19551,19552,19553,19554,19555,19556,19557,19558,19559,19560,19561,19562,19563,19564,19565,19566,19567,19568,19569,19570,19571,19572,19573,19574,19575,19576,19577,19578,19579,19580,19581,19582,19583,19584,19585,19586,19587,19588,19589,19590,19591,19592,19593,19594,19595,19596,19597,19598,19599,19600,19601,19602,19603,19604,19605,19606,19607,19608,19609,19610,19611,19612,19613,19614,19615,19616,19617,19618,19619,19620,19621,19622,19623,19624,19625,19626,19627,19628,19629,19630,19631,19632,19633,19634,19635,19636,19637,19638,19639,19640,19641,19642,19643,19644,19645,19646,19647,19648,19649,19650,19651,19652,19653,19654,19655,19656,19657,19658,19659,19660,19661,19662,19663,19664,19665,19666,19667,19668,19669,19670,19671,19672,19673,19674,19675,19676,19677,19678,19679,19680,19681,19682,19683,19684,19685,19686,19687,19688,19689,19690,19691,19692,19693,19694,19695,19696,19697,19698,19699,19700,19701,19702,19703,19704,19705,19706,19707,19708,19709,19710,19711,19712,19713,19714,19715,19716,19717,19718,19719,19720,19721,19722,19723,19724,19725,19726,19727,19728,19729,19730,19731,19732,19733,19734,19735,19736,19737,19738,19739,19740,19741,19742,19743,19744,19745,19746,19747,19748,19749,19750,19751,19752,19753,19754,19755,19756,19757,19758,19759,19760,19761,19762,19763,19764,19765,19766,19767,19768,19769,19770,19771,19772,19773,19774,19775,19776,19777,19778,19779,19780,19781,19782,19783,19784,19785,19786,19787,19788,19789,19790,19791,19792,19793,19794,19795,19796,19797,19798,19799,19800,19801,19802,19803,19804,19805,19806,19807,19808,19809,19810,19811,19812,19813,19814,19815,19816,19817,19818,19819,19820,19821,19822,19823,19824,19825,19826,19827,19828,19829,19830,19831,19832,19833,19834,19835,19836,19837,19838,19839,19840,19841,19842,19843,19844,19845,19846,19847,19848,19849,19850,19851,19852,19853,19854,19855,19856,19857,19858,19859,19860,19861,19862,19863,19864,19865,19866,19867,19868,19869,19870,19871,19872,19873,19874,19875,19876,19877,19878,19879,19880,19881,19882,19883,19884,19885,19886,19887,19888,19889,19890,19891,19892,19893,19894,19895,19896,19897,19898,19899,19900,19901,19902,19903,19904,19905,19906,19907,19908,19909,19910,19911,19912,19913,19914,19915,19916,19917,19918,19919,19920,19921,19922,19923,19924,19925,19926,19927,19928,19929,19930,19931,19932,19933,19934,19935,19936,19937,19938,19939,19940,19941,19942,19943,19944,19945,19946,19947,19948,19949,19950,19951,19952,19953,19954,19955,19956,19957,19958,19959,19960,19961,19962,19963,19964,19965,19966,19967,19968,19969,19970,19971,19972,19973,19974,19975,19976,19977,19978,19979,19980,19981,19982,19983,19984,19985,19986,19987,19988,19989,19990,19991,19992,19993,19994,19995,19996,19997,19998,19999,20000,20001,20002,20003,20004,20005,20006,20007,20008,20009,20010,20011,20012,20013,20014,20015,20016,20017,20018,20019,20020,20021,20022,20023,20024,20025,20026,20027,20028,20029,20030,20031,20032,20033,20034,20035,20036,20037,20038,20039,20040,20041,20042,20043,20044,20045,20046,20047,20048,20049,20050,20051,20052,20053,20054,20055,20056,20057,20058,20059,20060,20061,20062,20063,20064,20065,20066,20067,20068,20069,20070,20071,20072,20073,20074,20075,20076,20077,20078,20079,20080,20081,20082,20083,20084,20085,20086,20087,20088,20089,20090,20091,20092,20093,20094,20095,20096,20097,20098,20099,20100,20101,20102,20103,20104,20105,20106,20107,20108,20109,20110,20111,20112,20113,20114,20115,20116,20117,20118,20119,20120,20121,20122,20123,20124,20125,20126,20127,20128,20129,20130,20131,20132,20133,20134,20135,20136,20137,20138,20139,20140,20141,20142,20143,20144,20145,20146,20147,20148,20149,20150,20151,20152,20153,20154,20155,20156,20157,20158,20159,20160,20161,20162,20163,20164,20165,20166,20167,20168,20169,20170,20171,20172,20173,20174,20175,20176,20177,20178,20179,20180,20181,20182,20183,20184,20185,20186,20187,20188,20189,20190,20191,20192,20193,20194,20195,20196,20197,20198,20199,20200,20201,20202,20203,20204,20205,20206,20207,20208,20209,20210,20211,20212,20213,20214,20215,20216,20217,20218,20219,20220,20221,20222,20223,20224,20225,20226,20227,20228,20229,20230,20231,20232,20233,20234,20235,20236,20237,20238,20239,20240,20241,20242,20243,20244,20245,20246,20247,20248,20249,20250,20251,20252,20253,20254,20255,20256,20257,20258,20259,20260,20261,20262,20263,20264,20265,20266,20267,20268,20269,20270,20271,20272,20273,20274,20275,20276,20277,20278,20279,20280,20281,20282,20283,20284,20285,20286,20287,20288,20289,20290,20291,20292,20293,20294,20295,20296,20297,20298,20299,20300,20301,20302,20303,20304,20305,20306,20307,20308,20309,20310,20311,20312,20313,20314,20315,20316,20317,20318,20319,20320,20321,20322,20323,20324,20325,20326,20327,20328,20329,20330,20331,20332,20333,20334,20335,20336,20337,20338,20339,20340,20341,20342,20343,20344,20345,20346,20347,20348,20349,20350,20351,20352,20353,20354,20355,20356,20357,20358,20359,20360,20361,20362,20363,20364,20365,20366,20367,20368,20369,20370,20371,20372,20373,20374,20375,20376,20377,20378,20379,20380,20381,20382,20383,20384,20385,20386,20387,20388,20389,20390,20391,20392,20393,20394,20395,20396,20397,20398,20399,20400,20401,20402,20403,20404,20405,20406,20407,20408,20409,20410,20411,20412,20413,20414,20415,20416,20417,20418,20419,20420,20421,20422,20423,20424,20425,20426,20427,20428,20429,20430,20431,20432,20433,20434,20435,20436,20437,20438,20439,20440,20441,20442,20443,20444,20445,20446,20447,20448,20449,20450,20451,20452,20453,20454,20455,20456,20457,20458,20459,20460,20461,20462,20463,20464,20465,20466,20467,20468,20469,20470,20471,20472,20473,20474,20475,20476,20477,20478,20479,20480,20481,20482,20483,20484,20485,20486,20487,20488,20489,20490,20491,20492,20493,20494,20495,20496,20497,20498,20499,20500,20501,20502,20503,20504,20505,20506,20507,20508,20509,20510,20511,20512,20513,20514,20515,20516,20517,20518,20519,20520,20521,20522,20523,20524,20525,20526,20527,20528,20529,20530,20531,20532,20533,20534,20535,20536,20537,20538,20539,20540,20541,20542,20543,20544,20545,20546,20547,20548,20549,20550,20551,20552,20553,20554,20555,20556,20557,20558,20559,20560,20561,20562,20563,20564,20565,20566,20567,20568,20569,20570,20571,20572,20573,20574,20575,20576,20577,20578,20579,20580,20581,20582,20583,20584,20585,20586,20587,20588,20589,20590,20591,20592,20593,20594,20595,20596,20597,20598,20599,20600,20601,20602,20603,20604,20605,20606,20607,20608,20609,20610,20611,20612,20613,20614,20615,20616,20617,20618,20619,20620,20621,20622,20623,20624,20625,20626,20627,20628,20629,20630,20631,20632,20633,20634,20635,20636,20637,20638,20639,20640,20641,20642,20643,20644,20645,20646,20647,20648,20649,20650,20651,20652,20653,20654,20655,20656,20657,20658,20659,20660,20661,20662,20663,20664,20665,20666,20667,20668,20669,20670,20671,20672,20673,20674,20675,20676,20677,20678,20679,20680,20681,20682,20683,20684,20685,20686,20687,20688,20689,20690,20691,20692,20693,20694,20695,20696,20697,20698,20699,20700,20701,20702,20703,20704,20705,20706,20707,20708,20709,20710,20711,20712,20713,20714,20715,20716,20717,20718,20719,20720,20721,20722,20723,20724,20725,20726,20727,20728,20729,20730,20731,20732,20733,20734,20735,20736,20737,20738,20739,20740,20741,20742,20743,20744,20745,20746,20747,20748,20749,20750,20751,20752,20753,20754,20755,20756,20757,20758,20759,20760,20761,20762,20763,20764,20765,20766,20767,20768,20769,20770,20771,20772,20773,20774,20775,20776,20777,20778,20779,20780,20781,20782,20783,20784,20785,20786,20787,20788,20789,20790,20791,20792,20793,20794,20795,20796,20797,20798,20799,20800,20801,20802,20803,20804,20805,20806,20807,20808,20809,20810,20811,20812,20813,20814,20815,20816,20817,20818,20819,20820,20821,20822,20823,20824,20825,20826,20827,20828,20829,20830,20831,20832,20833,20834,20835,20836,20837,20838,20839,20840,20841,20842,20843,20844,20845,20846,20847,20848,20849,20850,20851,20852,20853,20854,20855,20856,20857,20858,20859,20860,20861,20862,20863,20864,20865,20866,20867,20868,20869,20870,20871,20872,20873,20874,20875,20876,20877,20878,20879,20880,20881,20882,20883,20884,20885,20886,20887,20888,20889,20890,20891,20892,20893,20894,20895,20896,20897,20898,20899,20900,20901,20902,20903,20904,20905,20906,20907,20908,20909,20910,20911,20912,20913,20914,20915,20916,20917,20918,20919,20920,20921,20922,20923,20924,20925,20926,20927,20928,20929,20930,20931,20932,20933,20934,20935,20936,20937,20938,20939,20940,20941,20942,20943,20944,20945,20946,20947,20948,20949,20950,20951,20952,20953,20954,20955,20956,20957,20958,20959,20960,20961,20962,20963,20964,20965,20966,20967,20968,20969,20970,20971,20972,20973,20974,20975,20976,20977,20978,20979,20980,20981,20982,20983,20984,20985,20986,20987,20988,20989,20990,20991,20992,20993,20994,20995,20996,20997,20998,20999,21000,21001,21002,21003,21004,21005,21006,21007,21008,21009,21010,21011,21012,21013,21014,21015,21016,21017,21018,21019,21020,21021,21022,21023,21024,21025,21026,21027,21028,21029,21030,21031,21032,21033,21034,21035,21036,21037,21038,21039,21040,21041,21042,21043,21044,21045,21046,21047,21048,21049,21050,21051,21052,21053,21054,21055,21056,21057,21058,21059,21060,21061,21062,21063,21064,21065,21066,21067,21068,21069,21070,21071,21072,21073,21074,21075,21076,21077,21078,21079,21080,21081,21082,21083,21084,21085,21086,21087,21088,21089,21090,21091,21092,21093,21094,21095,21096,21097,21098,21099,21100,21101,21102,21103,21104,21105,21106,21107,21108,21109,21110,21111,21112,21113,21114,21115,21116,21117,21118,21119,21120,21121,21122,21123,21124,21125,21126,21127,21128,21129,21130,21131,21132,21133,21134,21135,21136,21137,21138,21139,21140,21141,21142,21143,21144,21145,21146,21147,21148,21149,21150,21151,21152,21153,21154,21155,21156,21157,21158,21159,21160,21161,21162,21163,21164,21165,21166,21167,21168,21169,21170,21171,21172,21173,21174,21175,21176,21177,21178,21179,21180,21181,21182,21183,21184,21185,21186,21187,21188,21189,21190,21191,21192,21193,21194,21195,21196,21197,21198,21199,21200,21201,21202,21203,21204,21205,21206,21207,21208,21209,21210,21211,21212,21213,21214,21215,21216,21217,21218,21219,21220,21221,21222,21223,21224,21225,21226,21227,21228,21229,21230,21231,21232,21233,21234,21235,21236,21237,21238,21239,21240,21241,21242,21243,21244,21245,21246,21247,21248,21249,21250,21251,21252,21253,21254,21255,21256,21257,21258,21259,21260,21261,21262,21263,21264,21265,21266,21267,21268,21269,21270,21271,21272,21273,21274,21275,21276,21277,21278,21279,21280,21281,21282,21283,21284,21285,21286,21287,21288,21289,21290,21291,21292,21293,21294,21295,21296,21297,21298,21299,21300,21301,21302,21303,21304,21305,21306,21307,21308,21309,21310,21311,21312,21313,21314,21315,21316,21317,21318,21319,21320,21321,21322,21323,21324,21325,21326,21327,21328,21329,21330,21331,21332,21333,21334,21335,21336,21337,21338,21339,21340,21341,21342,21343,21344,21345,21346,21347,21348,21349,21350,21351,21352,21353,21354,21355,21356,21357,21358,21359,21360,21361,21362,21363,21364,21365,21366,21367,21368,21369,21370,21371,21372,21373,21374,21375,21376,21377,21378,21379,21380,21381,21382,21383,21384,21385,21386,21387,21388,21389,21390,21391,21392,21393,21394,21395,21396,21397,21398,21399,21400,21401,21402,21403,21404,21405,21406,21407,21408,21409,21410,21411,21412,21413,21414,21415,21416,21417,21418,21419,21420,21421,21422,21423,21424,21425,21426,21427,21428,21429,21430,21431,21432,21433,21434,21435,21436,21437,21438,21439,21440,21441,21442,21443,21444,21445,21446,21447,21448,21449,21450,21451,21452,21453,21454,21455,21456,21457,21458,21459,21460,21461,21462,21463,21464,21465,21466,21467,21468,21469,21470,21471,21472,21473,21474,21475,21476,21477,21478,21479,21480,21481,21482,21483,21484,21485,21486,21487,21488,21489,21490,21491,21492,21493,21494,21495,21496,21497,21498,21499,21500,21501,21502,21503,21504,21505,21506,21507,21508,21509,21510,21511,21512,21513,21514,21515,21516,21517,21518,21519,21520,21521,21522,21523,21524,21525,21526,21527,21528,21529,21530,21531,21532,21533,21534,21535,21536,21537,21538,21539,21540,21541,21542,21543,21544,21545,21546,21547,21548,21549,21550,21551,21552,21553,21554,21555,21556,21557,21558,21559,21560,21561,21562,21563,21564,21565,21566,21567,21568,21569,21570,21571,21572,21573,21574,21575,21576,21577,21578,21579,21580,21581,21582,21583,21584,21585,21586,21587,21588,21589,21590,21591,21592,21593,21594,21595,21596,21597,21598,21599,21600,21601,21602,21603,21604,21605,21606,21607,21608,21609,21610,21611,21612,21613,21614,21615,21616,21617,21618,21619,21620,21621,21622,21623,21624,21625,21626,21627,21628,21629,21630,21631,21632,21633,21634,21635,21636,21637,21638,21639,21640,21641,21642,21643,21644,21645,21646,21647,21648,21649,21650,21651,21652,21653,21654,21655,21656,21657,21658,21659,21660,21661,21662,21663,21664,21665,21666,21667,21668,21669,21670,21671,21672,21673,21674,21675,21676,21677,21678,21679,21680,21681,21682,21683,21684,21685,21686,21687,21688,21689,21690,21691,21692,21693,21694,21695,21696,21697,21698,21699,21700,21701,21702,21703,21704,21705,21706,21707,21708,21709,21710,21711,21712,21713,21714,21715,21716,21717,21718,21719,21720,21721,21722,21723,21724,21725,21726,21727,21728,21729,21730,21731,21732,21733,21734,21735,21736,21737,21738,21739,21740,21741,21742,21743,21744,21745,21746,21747,21748,21749,21750,21751,21752,21753,21754,21755,21756,21757,21758,21759,21760,21761,21762,21763,21764,21765,21766,21767,21768,21769,21770,21771,21772,21773,21774,21775,21776,21777,21778,21779,21780,21781,21782,21783,21784,21785,21786,21787,21788,21789,21790,21791,21792,21793,21794,21795,21796,21797,21798,21799,21800,21801,21802,21803,21804,21805,21806,21807,21808,21809,21810,21811,21812,21813,21814,21815,21816,21817,21818,21819,21820,21821,21822,21823,21824,21825,21826,21827,21828,21829,21830,21831,21832,21833,21834,21835,21836,21837,21838,21839,21840,21841,21842,21843,21844,21845,21846,21847,21848,21849,21850,21851,21852,21853,21854,21855,21856,21857,21858,21859,21860,21861,21862,21863,21864,21865,21866,21867,21868,21869,21870,21871,21872,21873,21874,21875,21876,21877,21878,21879,21880,21881,21882,21883,21884,21885,21886,21887,21888,21889,21890,21891,21892,21893,21894,21895,21896,21897,21898,21899,21900,21901,21902,21903,21904,21905,21906,21907,21908,21909,21910,21911,21912,21913,21914,21915,21916,21917,21918,21919,21920,21921,21922,21923,21924,21925,21926,21927,21928,21929,21930,21931,21932,21933,21934,21935,21936,21937,21938,21939,21940,21941,21942,21943,21944,21945,21946,21947,21948,21949,21950,21951,21952,21953,21954,21955,21956,21957,21958,21959,21960,21961,21962,21963,21964,21965,21966,21967,21968,21969,21970,21971,21972,21973,21974,21975,21976,21977,21978,21979,21980,21981,21982,21983,21984,21985,21986,21987,21988,21989,21990,21991,21992,21993,21994,21995,21996,21997,21998,21999,22000,22001,22002,22003,22004,22005,22006,22007,22008,22009,22010,22011,22012,22013,22014,22015,22016,22017,22018,22019,22020,22021,22022,22023,22024,22025,22026,22027,22028,22029,22030,22031,22032,22033,22034,22035,22036,22037,22038,22039,22040,22041,22042,22043,22044,22045,22046,22047,22048,22049,22050,22051,22052,22053,22054,22055,22056,22057,22058,22059,22060,22061,22062,22063,22064,22065,22066,22067,22068,22069,22070,22071,22072,22073,22074,22075,22076,22077,22078,22079,22080,22081,22082,22083,22084,22085,22086,22087,22088,22089,22090,22091,22092,22093,22094,22095,22096,22097,22098,22099,22100,22101,22102,22103,22104,22105,22106,22107,22108,22109,22110,22111,22112,22113,22114,22115,22116,22117,22118,22119,22120,22121,22122,22123,22124,22125,22126,22127,22128,22129,22130,22131,22132,22133,22134,22135,22136,22137,22138,22139,22140,22141,22142,22143,22144,22145,22146,22147,22148,22149,22150,22151,22152,22153,22154,22155,22156,22157,22158,22159,22160,22161,22162,22163,22164,22165,22166,22167,22168,22169,22170,22171,22172,22173,22174,22175,22176,22177,22178,22179,22180,22181,22182,22183,22184,22185,22186,22187,22188,22189,22190,22191,22192,22193,22194,22195,22196,22197,22198,22199,22200,22201,22202,22203,22204,22205,22206,22207,22208,22209,22210,22211,22212,22213,22214,22215,22216,22217,22218,22219,22220,22221,22222,22223,22224,22225,22226,22227,22228,22229,22230,22231,22232,22233,22234,22235,22236,22237,22238,22239,22240,22241,22242,22243,22244,22245,22246,22247,22248,22249,22250,22251,22252,22253,22254,22255,22256,22257,22258,22259,22260,22261,22262,22263,22264,22265,22266,22267,22268,22269,22270,22271,22272,22273,22274,22275,22276,22277,22278,22279,22280,22281,22282,22283,22284,22285,22286,22287,22288,22289,22290,22291,22292,22293,22294,22295,22296,22297,22298,22299,22300,22301,22302,22303,22304,22305,22306,22307,22308,22309,22310,22311,22312,22313,22314,22315,22316,22317,22318,22319,22320,22321,22322,22323,22324,22325,22326,22327,22328,22329,22330,22331,22332,22333,22334,22335,22336,22337,22338,22339,22340,22341,22342,22343,22344,22345,22346,22347,22348,22349,22350,22351,22352,22353,22354,22355,22356,22357,22358,22359,22360,22361,22362,22363,22364,22365,22366,22367,22368,22369,22370,22371,22372,22373,22374,22375,22376,22377,22378,22379,22380,22381,22382,22383,22384,22385,22386,22387,22388,22389,22390,22391,22392,22393,22394,22395,22396,22397,22398,22399,22400,22401,22402,22403,22404,22405,22406,22407,22408,22409,22410,22411,22412,22413,22414,22415,22416,22417,22418,22419,22420,22421,22422,22423,22424,22425,22426,22427,22428,22429,22430,22431,22432,22433,22434,22435,22436,22437,22438,22439,22440,22441,22442,22443,22444,22445,22446,22447,22448,22449,22450,22451,22452,22453,22454,22455,22456,22457,22458,22459,22460,22461,22462,22463,22464,22465,22466,22467,22468,22469,22470,22471,22472,22473
0.0,1.0,0.0,1.0,1.0,1.0,1.0,1.0,1.0,1.0,1.0,1.0,0.0,1.0,1.0,1.0,1.0,1.0,1.0,1.0,1.0,1.0,1.0,1.0,1.0,1.0,1.0,1.0,1.0,1.0,1.0,1.0,1.0,1.0,1.0,1.0,1.0,1.0,1.0,1.0,1.0,1.0,1.0,0.0,0.0,0.0,1.0,1.0,0.0,1.0,1.0,1.0,0.0,0.0,1.0,0.0,1.0,0.0,1.0,1.0,1.0,1.0,0.0,1.0,1.0,0.0,1.0,1.0,1.0,1.0,1.0,1.0,0.0,0.0,1.0,1.0,1.0,0.0,1.0,0.0,1.0,1.0,1.0,0.0,1.0,1.0,1.0,1.0,1.0,1.0,1.0,0.0,1.0,1.0,1.0,1.0,1.0,1.0,1.0,1.0,1.0,1.0,1.0,1.0,1.0,1.0,1.0,1.0,1.0,1.0,1.0,1.0,1.0,1.0,1.0,1.0,1.0,1.0,1.0,1.0,1.0,1.0,1.0,1.0,1.0,1.0,1.0,1.0,1.0,1.0,1.0,1.0,1.0,1.0,0.0,0.0,0.0,0.0,0.0,0.0,0.0,1.0,0.0,0.0,0.0,0.0,0.0,0.0,0.0,0.0,0.0,0.0,0.0,0.0,0.0,0.0,0.0,0.0,0.0,0.0,0.0,0.0,0.0,0.0,0.0,0.0,0.0,0.0,0.0,0.0,0.0,0.0,0.0,0.0,0.0,0.0,0.0,0.0,0.0,0.0,0.0,0.0,0.0,0.0,0.0,0.0,1.0,0.0,0.0,1.0,1.0,0.0,0.0,0.0,1.0,0.0,0.0,0.0,0.0,1.0,1.0,0.0,0.0,0.0,0.0,0.0,1.0,1.0,1.0,1.0,1.0,1.0,0.0,0.0,0.0,0.0,0.0,0.0,1.0,0.0,1.0,1.0,1.0,0.0,1.0,1.0,0.0,1.0,1.0,1.0,1.0,0.0,0.0,1.0,0.0,1.0,1.0,0.0,1.0,1.0,1.0,1.0,1.0,1.0,0.0,1.0,1.0,1.0,1.0,1.0,1.0,1.0,1.0,1.0,1.0,1.0,1.0,1.0,1.0,1.0,1.0,1.0,1.0,1.0,1.0,1.0,1.0,1.0,1.0,1.0,1.0,1.0,1.0,1.0,1.0,0.0,0.0,0.0,1.0,0.0,0.0,0.0,1.0,0.0,0.0,0.0,1.0,0.0,0.0,0.0,0.0,1.0,1.0,0.0,0.0,0.0,0.0,0.0,1.0,1.0,1.0,1.0,0.0,1.0,0.0,0.0,0.0,0.0,0.0,0.0,1.0,0.0,0.0,1.0,1.0,0.0,1.0,1.0,0.0,0.0,0.0,1.0,1.0,0.0,0.0,0.0,0.0,0.0,0.0,0.0,0.0,0.0,0.0,0.0,0.0,0.0,0.0,0.0,0.0,0.0,0.0,0.0,0.0,0.0,0.0,0.0,0.0,0.0,0.0,0.0,0.0,0.0,0.0,0.0,0.0,0.0,0.0,0.0,0.0,0.0,0.0,0.0,0.0,0.0,0.0,0.0,0.0,0.0,0.0,0.0,0.0,0.0,0.0,0.0,0.0,0.0,1.0,1.0,0.0,1.0,1.0,0.0,0.0,0.0,1.0,0.0,0.0,0.0,1.0,1.0,1.0,0.0,0.0,0.0,1.0,0.0,1.0,1.0,1.0,1.0,1.0,1.0,0.0,0.0,0.0,0.0,1.0,0.0,1.0,0.0,1.0,1.0,1.0,0.0,1.0,1.0,0.0,1.0,1.0,1.0,1.0,0.0,0.0,1.0,0.0,1.0,1.0,0.0,1.0,1.0,1.0,0.0,0.0,1.0,0.0,1.0,0.0,1.0,1.0,1.0,1.0,0.0,1.0,1.0,1.0,1.0,1.0,1.0,1.0,1.0,1.0,1.0,0.0,1.0,1.0,1.0,0.0,1.0,0.0,1.0,1.0,1.0,0.0,1.0,1.0,1.0,1.0,1.0,1.0,1.0,0.0,1.0,1.0,1.0,1.0,1.0,1.0,1.0,1.0,1.0,1.0,1.0,1.0,1.0,1.0,1.0,1.0,1.0,1.0,1.0,1.0,1.0,1.0,1.0,1.0,1.0,1.0,1.0,1.0,1.0,1.0,1.0,1.0,1.0,1.0,1.0,1.0,1.0,0.0,0.0,0.0,1.0,0.0,0.0,0.0,1.0,0.0,0.0,0.0,0.0,0.0,0.0,0.0,0.0,0.0,0.0,0.0,0.0,0.0,0.0,0.0,0.0,0.0,0.0,1.0,0.0,1.0,0.0,0.0,0.0,0.0,0.0,0.0,0.0,0.0,0.0,1.0,1.0,0.0,0.0,0.0,0.0,0.0,0.0,1.0,1.0,0.0,1.0,1.0,1.0,1.0,1.0,1.0,1.0,1.0,1.0,1.0,1.0,1.0,1.0,1.0,1.0,1.0,1.0,1.0,1.0,1.0,1.0,1.0,1.0,1.0,1.0,1.0,1.0,1.0,1.0,1.0,1.0,1.0,1.0,1.0,1.0,1.0,1.0,1.0,1.0,0.0,0.0,0.0,1.0,1.0,0.0,1.0,1.0,1.0,0.0,0.0,1.0,0.0,0.0,0.0,1.0,1.0,1.0,0.0,0.0,0.0,1.0,0.0,1.0,1.0,1.0,1.0,1.0,1.0,0.0,0.0,0.0,0.0,1.0,0.0,1.0,0.0,1.0,1.0,1.0,0.0,1.0,1.0,0.0,1.0,1.0,1.0,1.0,0.0,1.0,1.0,0.0,1.0,1.0,1.0,1.0,1.0,1.0,1.0,1.0,1.0,0.0,1.0,1.0,1.0,1.0,1.0,1.0,1.0,1.0,1.0,1.0,1.0,1.0,1.0,1.0,1.0,1.0,1.0,1.0,1.0,1.0,1.0,1.0,1.0,1.0,1.0,1.0,1.0,1.0,1.0,1.0,0.0,0.0,0.0,1.0,1.0,0.0,1.0,1.0,0.0,0.0,0.0,1.0,0.0,0.0,0.0,0.0,1.0,1.0,0.0,0.0,0.0,1.0,0.0,1.0,1.0,1.0,1.0,1.0,1.0,0.0,0.0,0.0,0.0,1.0,0.0,1.0,0.0,1.0,1.0,1.0,0.0,1.0,1.0,0.0,1.0,1.0,1.0,1.0,0.0,0.0,0.0,0.0,1.0,0.0,0.0,0.0,1.0,0.0,0.0,0.0,1.0,0.0,0.0,0.0,0.0,0.0,1.0,0.0,0.0,0.0,0.0,0.0,1.0,0.0,1.0,1.0,0.0,1.0,0.0,0.0,0.0,0.0,0.0,0.0,1.0,0.0,0.0,1.0,1.0,0.0,1.0,1.0,0.0,0.0,0.0,1.0,1.0,0.0,0.0,0.0,0.0,1.0,0.0,0.0,0.0,1.0,0.0,0.0,0.0,1.0,0.0,0.0,0.0,0.0,0.0,0.0,0.0,0.0,0.0,0.0,0.0,1.0,0.0,0.0,1.0,0.0,1.0,0.0,0.0,0.0,0.0,0.0,0.0,1.0,0.0,0.0,1.0,1.0,0.0,1.0,0.0,0.0,0.0,0.0,1.0,1.0,0.0,0.0,0.0,0.0,1.0,1.0,0.0,1.0,1.0,1.0,0.0,0.0,1.0,0.0,1.0,0.0,1.0,1.0,1.0,0.0,0.0,1.0,1.0,0.0,1.0,1.0,1.0,1.0,1.0,1.0,0.0,0.0,1.0,0.0,1.0,0.0,1.0,0.0,1.0,1.0,1.0,0.0,1.0,1.0,0.0,1.0,1.0,1.0,1.0,0.0,0.0,1.0,0.0,1.0,1.0,0.0,1.0,1.0,1.0,1.0,1.0,0.0,1.0,0.0,1.0,1.0,1.0,1.0,0.0,1.0,1.0,1.0,1.0,1.0,1.0,1.0,1.0,1.0,1.0,1.0,1.0,1.0,0.0,1.0,0.0,1.0,1.0,1.0,1.0,1.0,1.0,1.0,1.0,1.0,1.0,1.0,0.0,0.0,0.0,1.0,1.0,0.0,1.0,1.0,1.0,0.0,0.0,1.0,0.0,1.0,0.0,1.0,1.0,1.0,0.0,0.0,0.0,1.0,0.0,1.0,1.0,1.0,1.0,1.0,1.0,0.0,0.0,0.0,0.0,1.0,0.0,1.0,0.0,1.0,1.0,1.0,0.0,1.0,1.0,0.0,1.0,1.0,1.0,1.0,0.0,0.0,0.0,0.0,1.0,1.0,0.0,1.0,1.0,0.0,0.0,0.0,1.0,0.0,0.0,0.0,0.0,1.0,1.0,0.0,0.0,0.0,0.0,0.0,1.0,1.0,1.0,1.0,1.0,1.0,0.0,0.0,0.0,0.0,1.0,0.0,1.0,0.0,1.0,1.0,1.0,0.0,1.0,1.0,0.0,1.0,1.0,1.0,1.0,0.0,0.0,0.0,0.0,1.0,1.0,0.0,1.0,1.0,1.0,0.0,0.0,1.0,0.0,1.0,0.0,1.0,1.0,1.0,1.0,0.0,1.0,1.0,0.0,1.0,1.0,1.0,1.0,1.0,1.0,0.0,0.0,1.0,1.0,1.0,0.0,1.0,0.0,1.0,1.0,1.0,0.0,1.0,1.0,1.0,1.0,1.0,1.0,1.0,0.0,0.0,0.0,0.0,1.0,0.0,0.0,0.0,1.0,0.0,0.0,0.0,1.0,0.0,0.0,0.0,0.0,0.0,0.0,0.0,0.0,0.0,0.0,0.0,0.0,0.0,0.0,1.0,0.0,1.0,0.0,0.0,0.0,0.0,0.0,0.0,0.0,0.0,0.0,1.0,1.0,0.0,0.0,0.0,0.0,0.0,0.0,1.0,1.0,0.0,0.0,0.0,0.0,1.0,0.0,0.0,0.0,1.0,0.0,0.0,0.0,1.0,0.0,0.0,0.0,0.0,1.0,1.0,0.0,0.0,0.0,0.0,0.0,1.0,0.0,1.0,1.0,0.0,1.0,0.0,0.0,0.0,0.0,0.0,0.0,1.0,0.0,0.0,1.0,1.0,0.0,1.0,1.0,0.0,0.0,0.0,1.0,1.0,0.0,0.0,0.0,0.0,1.0,0.0,0.0,0.0,1.0,0.0,0.0,0.0,1.0,0.0,0.0,0.0,0.0,0.0,1.0,0.0,0.0,0.0,0.0,0.0,1.0,0.0,0.0,1.0,0.0,1.0,0.0,0.0,0.0,0.0,0.0,0.0,1.0,0.0,0.0,1.0,1.0,0.0,1.0,0.0,0.0,0.0,0.0,1.0,1.0,0.0,0.0,0.0,0.0,1.0,0.0,0.0,0.0,1.0,0.0,0.0,0.0,0.0,0.0,0.0,0.0,0.0,0.0,0.0,0.0,0.0,0.0,0.0,0.0,0.0,0.0,0.0,0.0,0.0,0.0,0.0,0.0,0.0,0.0,0.0,0.0,0.0,0.0,0.0,0.0,0.0,0.0,0.0,0.0,0.0,0.0,0.0,0.0,0.0,0.0,0.0,0.0,0.0,1.0,0.0,0.0,1.0,1.0,0.0,0.0,0.0,1.0,0.0,0.0,0.0,0.0,1.0,1.0,0.0,0.0,0.0,0.0,0.0,1.0,1.0,1.0,1.0,0.0,1.0,0.0,0.0,0.0,0.0,0.0,0.0,1.0,0.0,1.0,1.0,1.0,0.0,1.0,1.0,0.0,1.0,1.0,1.0,1.0,0.0,0.0,0.0,0.0,1.0,0.0,0.0,0.0,1.0,0.0,0.0,0.0,0.0,0.0,0.0,0.0,0.0,0.0,0.0,0.0,0.0,0.0,0.0,0.0,0.0,0.0,0.0,1.0,0.0,0.0,0.0,0.0,0.0,0.0,0.0,0.0,0.0,0.0,0.0,0.0,1.0,0.0,0.0,0.0,0.0,0.0,0.0,1.0,1.0,0.0,0.0,1.0,0.0,1.0,1.0,0.0,1.0,1.0,1.0,0.0,0.0,1.0,0.0,1.0,0.0,1.0,1.0,1.0,1.0,0.0,1.0,1.0,1.0,1.0,1.0,1.0,1.0,1.0,1.0,0.0,0.0,1.0,1.0,1.0,0.0,1.0,0.0,1.0,1.0,1.0,0.0,1.0,1.0,1.0,1.0,1.0,1.0,1.0,0.0,1.0,1.0,1.0,1.0,1.0,1.0,1.0,1.0,1.0,1.0,1.0,1.0,1.0,1.0,1.0,1.0,1.0,1.0,1.0,1.0,1.0,1.0,1.0,1.0,1.0,1.0,1.0,1.0,1.0,1.0,1.0,1.0,1.0,1.0,1.0,1.0,1.0,0.0,0.0,0.0,1.0,1.0,0.0,1.0,1.0,1.0,0.0,0.0,1.0,0.0,1.0,0.0,1.0,1.0,1.0,0.0,0.0,1.0,1.0,0.0,1.0,1.0,1.0,1.0,1.0,1.0,0.0,0.0,0.0,0.0,1.0,0.0,1.0,0.0,1.0,1.0,1.0,0.0,1.0,1.0,0.0,1.0,1.0,1.0,1.0,0.0,0.0,0.0,0.0,1.0,1.0,0.0,1.0,1.0,1.0,0.0,0.0,1.0,0.0,1.0,0.0,1.0,1.0,1.0,1.0,0.0,1.0,1.0,0.0,1.0,1.0,1.0,1.0,1.0,1.0,0.0,0.0,1.0,0.0,1.0,0.0,1.0,0.0,1.0,1.0,1.0,0.0,1.0,1.0,1.0,1.0,1.0,1.0,1.0,0.0,0.0,0.0,0.0,1.0,1.0,0.0,1.0,1.0,0.0,0.0,0.0,1.0,0.0,0.0,0.0,0.0,1.0,1.0,0.0,0.0,0.0,0.0,0.0,1.0,1.0,1.0,1.0,1.0,1.0,0.0,0.0,0.0,0.0,0.0,0.0,1.0,0.0,1.0,1.0,1.0,0.0,1.0,1.0,0.0,1.0,1.0,1.0,1.0,0.0,1.0,1.0,1.0,1.0,1.0,1.0,1.0,1.0,1.0,1.0,1.0,1.0,1.0,1.0,1.0,1.0,1.0,1.0,1.0,1.0,1.0,1.0,1.0,1.0,1.0,1.0,1.0,1.0,1.0,1.0,1.0,1.0,1.0,1.0,1.0,1.0,1.0,1.0,1.0,0.0,0.0,0.0,1.0,0.0,0.0,0.0,1.0,0.0,0.0,0.0,1.0,0.0,0.0,0.0,0.0,0.0,0.0,0.0,0.0,0.0,0.0,0.0,1.0,0.0,0.0,1.0,0.0,1.0,0.0,0.0,0.0,0.0,0.0,0.0,0.0,0.0,0.0,1.0,1.0,0.0,1.0,0.0,0.0,0.0,0.0,1.0,1.0,0.0,1.0,1.0,1.0,1.0,1.0,1.0,1.0,1.0,1.0,1.0,1.0,1.0,1.0,1.0,1.0,1.0,1.0,1.0,1.0,1.0,1.0,1.0,1.0,1.0,1.0,1.0,1.0,1.0,1.0,1.0,1.0,1.0,1.0,1.0,1.0,1.0,1.0,1.0,1.0,0.0,0.0,0.0,1.0,0.0,0.0,1.0,1.0,0.0,0.0,0.0,1.0,0.0,0.0,0.0,0.0,1.0,1.0,0.0,0.0,0.0,0.0,0.0,1.0,1.0,1.0,1.0,0.0,1.0,0.0,0.0,0.0,0.0,0.0,0.0,1.0,0.0,0.0,1.0,1.0,0.0,1.0,1.0,0.0,0.0,0.0,1.0,1.0,0.0,0.0,0.0,0.0,1.0,0.0,0.0,0.0,1.0,0.0,0.0,0.0,0.0,0.0,0.0,0.0,0.0,0.0,0.0,0.0,0.0,0.0,0.0,0.0,0.0,0.0,0.0,1.0,0.0,1.0,0.0,0.0,0.0,0.0,0.0,0.0,0.0,0.0,0.0,0.0,1.0,0.0,0.0,0.0,0.0,0.0,0.0,1.0,1.0,0.0,0.0,0.0,0.0,1.0,0.0,0.0,0.0,1.0,0.0,0.0,0.0,0.0,0.0,0.0,0.0,0.0,0.0,0.0,0.0,0.0,0.0,0.0,0.0,0.0,0.0,0.0,1.0,0.0,0.0,0.0,0.0,0.0,0.0,0.0,0.0,0.0,0.0,0.0,0.0,0.0,0.0,0.0,0.0,0.0,0.0,0.0,0.0,0.0,0.0,1.0,1.0,1.0,1.0,1.0,1.0,1.0,1.0,1.0,1.0,1.0,1.0,1.0,1.0,1.0,1.0,1.0,1.0,1.0,1.0,1.0,1.0,1.0,1.0,1.0,1.0,1.0,1.0,1.0,1.0,1.0,1.0,1.0,1.0,1.0,1.0,1.0,0.0,0.0,0.0,1.0,0.0,0.0,0.0,1.0,0.0,0.0,0.0,1.0,0.0,0.0,0.0,0.0,0.0,0.0,0.0,0.0,0.0,0.0,0.0,1.0,0.0,0.0,1.0,0.0,1.0,0.0,0.0,0.0,0.0,0.0,0.0,0.0,0.0,0.0,1.0,1.0,0.0,0.0,0.0,0.0,0.0,0.0,1.0,1.0,0.0,0.0,0.0,0.0,1.0,0.0,0.0,0.0,1.0,0.0,0.0,0.0,1.0,0.0,0.0,0.0,0.0,0.0,1.0,0.0,0.0,0.0,0.0,0.0,1.0,0.0,1.0,1.0,0.0,1.0,0.0,0.0,0.0,0.0,0.0,0.0,1.0,0.0,0.0,1.0,1.0,0.0,1.0,0.0,0.0,0.0,0.0,1.0,1.0,0.0,0.0,0.0,0.0,1.0,1.0,0.0,1.0,1.0,1.0,0.0,0.0,1.0,0.0,1.0,0.0,1.0,1.0,1.0,1.0,0.0,1.0,1.0,0.0,1.0,1.0,1.0,1.0,1.0,1.0,0.0,0.0,1.0,0.0,1.0,0.0,1.0,0.0,1.0,1.0,1.0,0.0,1.0,1.0,0.0,1.0,1.0,1.0,1.0,0.0,0.0,0.0,0.0,1.0,0.0,0.0,1.0,1.0,0.0,0.0,0.0,1.0,0.0,0.0,0.0,0.0,1.0,1.0,0.0,0.0,0.0,0.0,0.0,1.0,1.0,1.0,1.0,0.0,1.0,0.0,0.0,0.0,0.0,0.0,0.0,1.0,0.0,1.0,1.0,1.0,0.0,1.0,1.0,0.0,0.0,1.0,1.0,1.0,0.0,0.0,0.0,0.0,1.0,0.0,0.0,1.0,1.0,0.0,0.0,0.0,1.0,0.0,0.0,0.0,0.0,1.0,1.0,0.0,0.0,0.0,0.0,0.0,1.0,1.0,1.0,1.0,0.0,1.0,0.0,0.0,0.0,0.0,0.0,0.0,1.0,0.0,1.0,1.0,1.0,0.0,1.0,1.0,0.0,0.0,0.0,1.0,1.0,0.0,0.0,0.0,0.0,1.0,0.0,0.0,0.0,1.0,0.0,0.0,0.0,0.0,0.0,0.0,0.0,0.0,0.0,0.0,0.0,0.0,0.0,0.0,0.0,0.0,0.0,0.0,1.0,0.0,0.0,0.0,0.0,0.0,0.0,0.0,0.0,0.0,0.0,0.0,0.0,1.0,0.0,0.0,0.0,0.0,0.0,0.0,0.0,1.0,0.0,0.0,0.0,0.0,1.0,0.0,0.0,0.0,1.0,0.0,0.0,0.0,0.0,0.0,0.0,0.0,0.0,0.0,0.0,0.0,0.0,0.0,0.0,0.0,0.0,0.0,0.0,1.0,0.0,0.0,0.0,0.0,0.0,0.0,0.0,0.0,0.0,0.0,0.0,0.0,1.0,0.0,0.0,0.0,0.0,0.0,0.0,0.0,0.0,0.0,0.0,1.0,0.0,1.0,1.0,0.0,1.0,1.0,1.0,1.0,1.0,0.0,1.0,0.0,1.0,1.0,1.0,1.0,0.0,1.0,1.0,1.0,1.0,1.0,1.0,1.0,1.0,1.0,1.0,1.0,1.0,1.0,0.0,1.0,0.0,1.0,1.0,1.0,1.0,1.0,1.0,1.0,1.0,1.0,1.0,0.0,0.0,0.0,0.0,0.0,0.0,0.0,0.0,0.0,0.0,1.0,0.0,0.0,0.0,0.0,0.0,0.0,0.0,0.0,0.0,0.0,0.0,0.0,0.0,0.0,0.0,0.0,0.0,0.0,0.0,0.0,0.0,0.0,0.0,0.0,0.0,0.0,0.0,0.0,0.0,0.0,0.0,0.0,1.0,0.0,0.0,0.0,0.0,0.0,0.0,1.0,0.0,0.0,0.0,0.0,0.0,0.0,0.0,0.0,1.0,0.0,0.0,0.0,0.0,0.0,0.0,0.0,0.0,0.0,0.0,0.0,0.0,0.0,0.0,1.0,1.0,1.0,0.0,0.0,0.0,0.0,0.0,0.0,0.0,0.0,1.0,1.0,0.0,0.0,0.0,1.0,0.0,1.0,0.0,0.0,0.0,0.0,0.0,1.0,1.0,1.0,0.0,0.0,0.0,0.0,0.0,1.0,0.0,1.0,0.0,0.0,0.0,0.0,1.0,0.0,0.0,0.0,0.0,0.0,0.0,0.0,0.0,0.0,1.0,1.0,1.0,0.0,0.0,0.0,0.0,0.0,0.0,0.0,0.0,1.0,1.0,0.0,0.0,0.0,1.0,0.0,1.0,0.0,0.0,0.0,0.0,0.0,1.0,1.0,1.0,1.0,1.0,1.0,1.0,1.0,1.0,1.0,1.0,1.0,1.0,1.0,1.0,1.0,1.0,1.0,1.0,1.0,1.0,1.0,1.0,1.0,1.0,1.0,1.0,1.0,1.0,1.0,1.0,1.0,1.0,1.0,1.0,1.0,1.0,1.0,1.0,1.0,1.0,1.0,0.0,0.0,0.0,0.0,1.0,0.0,1.0,0.0,0.0,0.0,0.0,1.0,0.0,0.0,0.0,0.0,0.0,0.0,0.0,0.0,0.0,1.0,1.0,1.0,0.0,0.0,0.0,0.0,0.0,0.0,0.0,0.0,1.0,1.0,0.0,0.0,0.0,1.0,0.0,1.0,0.0,0.0,0.0,0.0,0.0,1.0,1.0,1.0,1.0,0.0,1.0,0.0,0.0,1.0,0.0,1.0,1.0,0.0,1.0,0.0,1.0,0.0,0.0,0.0,0.0,0.0,0.0,1.0,0.0,0.0,1.0,1.0,1.0,0.0,0.0,1.0,0.0,0.0,0.0,0.0,0.0,1.0,1.0,1.0,0.0,0.0,1.0,0.0,1.0,0.0,0.0,1.0,0.0,0.0,1.0,1.0,1.0,1.0,1.0,1.0,1.0,1.0,1.0,1.0,1.0,1.0,1.0,1.0,1.0,1.0,1.0,1.0,1.0,1.0,1.0,1.0,1.0,1.0,1.0,1.0,1.0,1.0,1.0,1.0,1.0,1.0,1.0,1.0,1.0,1.0,1.0,1.0,1.0,1.0,1.0,1.0,0.0,0.0,0.0,0.0,0.0,0.0,0.0,1.0,0.0,0.0,0.0,0.0,1.0,0.0,0.0,0.0,0.0,0.0,0.0,0.0,0.0,0.0,1.0,1.0,1.0,0.0,0.0,0.0,0.0,0.0,0.0,0.0,0.0,1.0,1.0,0.0,0.0,0.0,1.0,0.0,1.0,0.0,0.0,0.0,0.0,0.0,1.0,1.0,1.0,1.0,1.0,1.0,1.0,1.0,1.0,1.0,1.0,1.0,1.0,1.0,1.0,1.0,1.0,1.0,1.0,1.0,1.0,1.0,1.0,1.0,1.0,1.0,1.0,1.0,1.0,1.0,1.0,1.0,1.0,1.0,1.0,1.0,1.0,1.0,1.0,1.0,1.0,0.0,0.0,0.0,0.0,0.0,0.0,0.0,0.0,0.0,0.0,0.0,0.0,0.0,0.0,0.0,0.0,0.0,0.0,0.0,0.0,0.0,0.0,0.0,0.0,0.0,0.0,0.0,0.0,0.0,0.0,0.0,0.0,0.0,0.0,0.0,0.0,0.0,0.0,0.0,0.0,0.0,0.0,1.0,0.0,0.0,0.0,0.0,0.0,0.0,1.0,1.0,1.0,0.0,1.0,0.0,0.0,1.0,0.0,1.0,0.0,0.0,1.0,0.0,1.0,0.0,0.0,0.0,0.0,0.0,0.0,0.0,0.0,0.0,1.0,1.0,1.0,0.0,0.0,0.0,0.0,0.0,0.0,0.0,0.0,1.0,1.0,0.0,0.0,0.0,1.0,0.0,1.0,0.0,0.0,0.0,0.0,0.0,1.0,1.0,1.0,1.0,0.0,1.0,1.0,0.0,1.0,0.0,1.0,1.0,0.0,1.0,0.0,1.0,1.0,1.0,1.0,0.0,0.0,1.0,1.0,0.0,0.0,1.0,1.0,1.0,1.0,0.0,1.0,0.0,1.0,0.0,0.0,0.0,1.0,1.0,1.0,0.0,1.0,1.0,0.0,1.0,0.0,1.0,1.0,0.0,0.0,1.0,1.0,1.0,1.0,0.0,1.0,0.0,0.0,1.0,0.0,1.0,0.0,0.0,0.0,0.0,1.0,0.0,0.0,0.0,0.0,0.0,0.0,0.0,0.0,0.0,1.0,1.0,1.0,0.0,0.0,0.0,0.0,0.0,0.0,0.0,0.0,1.0,1.0,0.0,0.0,0.0,1.0,0.0,1.0,0.0,0.0,0.0,0.0,0.0,1.0,1.0,1.0,1.0,0.0,1.0,1.0,0.0,1.0,0.0,1.0,1.0,1.0,1.0,0.0,1.0,1.0,1.0,1.0,1.0,0.0,1.0,1.0,0.0,1.0,1.0,1.0,1.0,1.0,1.0,0.0,1.0,0.0,0.0,1.0,1.0,1.0,1.0,1.0,1.0,1.0,0.0,1.0,1.0,1.0,1.0,0.0,1.0,1.0,1.0,0.0,0.0,0.0,0.0,0.0,0.0,0.0,1.0,0.0,0.0,0.0,0.0,0.0,0.0,0.0,0.0,0.0,0.0,0.0,0.0,0.0,0.0,1.0,1.0,1.0,0.0,0.0,0.0,0.0,0.0,0.0,0.0,0.0,1.0,1.0,0.0,0.0,0.0,1.0,0.0,1.0,0.0,0.0,0.0,0.0,0.0,1.0,1.0,1.0,1.0,0.0,1.0,1.0,0.0,1.0,0.0,1.0,1.0,0.0,1.0,0.0,1.0,0.0,0.0,0.0,0.0,0.0,0.0,1.0,0.0,0.0,1.0,1.0,1.0,1.0,0.0,1.0,0.0,1.0,0.0,0.0,0.0,1.0,1.0,1.0,0.0,1.0,1.0,0.0,1.0,0.0,0.0,1.0,0.0,0.0,1.0,1.0,1.0,1.0,0.0,1.0,1.0,0.0,1.0,0.0,1.0,1.0,0.0,1.0,0.0,1.0,1.0,0.0,0.0,0.0,0.0,0.0,1.0,0.0,0.0,1.0,1.0,1.0,1.0,0.0,1.0,0.0,1.0,0.0,0.0,0.0,1.0,1.0,1.0,0.0,1.0,1.0,0.0,1.0,0.0,0.0,1.0,0.0,0.0,1.0,1.0,1.0,1.0,0.0,1.0,1.0,0.0,1.0,0.0,1.0,1.0,0.0,1.0,0.0,1.0,1.0,1.0,0.0,0.0,0.0,1.0,1.0,0.0,0.0,1.0,1.0,1.0,1.0,0.0,1.0,0.0,1.0,0.0,0.0,0.0,1.0,1.0,1.0,0.0,1.0,1.0,0.0,1.0,0.0,1.0,1.0,0.0,0.0,1.0,1.0,1.0,1.0,0.0,1.0,1.0,0.0,1.0,0.0,1.0,1.0,1.0,1.0,0.0,1.0,1.0,1.0,1.0,0.0,0.0,1.0,1.0,0.0,1.0,1.0,1.0,1.0,1.0,0.0,1.0,0.0,1.0,0.0,0.0,1.0,1.0,1.0,1.0,0.0,1.0,1.0,0.0,1.0,1.0,1.0,1.0,0.0,1.0,1.0,1.0,1.0,1.0,1.0,1.0,1.0,1.0,1.0,1.0,1.0,1.0,1.0,1.0,1.0,1.0,1.0,1.0,1.0,1.0,1.0,1.0,1.0,1.0,1.0,1.0,1.0,1.0,1.0,1.0,1.0,1.0,1.0,1.0,1.0,1.0,1.0,1.0,1.0,1.0,1.0,0.0,1.0,1.0,0.0,1.0,0.0,1.0,1.0,0.0,1.0,0.0,1.0,1.0,1.0,0.0,0.0,0.0,0.0,1.0,0.0,0.0,1.0,1.0,1.0,1.0,0.0,1.0,0.0,1.0,0.0,0.0,0.0,1.0,1.0,1.0,0.0,1.0,1.0,0.0,1.0,0.0,0.0,1.0,0.0,0.0,1.0,1.0,1.0,1.0,0.0,1.0,0.0,0.0,1.0,0.0,1.0,1.0,0.0,1.0,0.0,1.0,0.0,0.0,0.0,0.0,0.0,0.0,0.0,0.0,0.0,1.0,1.0,1.0,0.0,0.0,1.0,0.0,0.0,0.0,0.0,0.0,1.0,1.0,0.0,0.0,0.0,1.0,0.0,1.0,0.0,0.0,0.0,0.0,0.0,1.0,1.0,1.0,1.0,1.0,1.0,1.0,1.0,1.0,1.0,1.0,1.0,1.0,1.0,1.0,1.0,1.0,1.0,1.0,1.0,1.0,1.0,1.0,1.0,1.0,1.0,1.0,1.0,1.0,1.0,1.0,1.0,1.0,1.0,1.0,1.0,1.0,1.0,1.0,1.0,1.0,1.0,0.0,1.0,1.0,0.0,1.0,0.0,1.0,1.0,1.0,1.0,0.0,1.0,1.0,1.0,1.0,0.0,0.0,1.0,1.0,0.0,0.0,1.0,1.0,1.0,1.0,0.0,1.0,0.0,1.0,0.0,0.0,1.0,1.0,1.0,1.0,0.0,1.0,1.0,0.0,1.0,1.0,1.0,1.0,0.0,0.0,1.0,1.0,0.0,0.0,0.0,0.0,0.0,0.0,0.0,0.0,1.0,0.0,0.0,0.0,0.0,0.0,0.0,0.0,0.0,0.0,0.0,0.0,0.0,0.0,0.0,0.0,1.0,0.0,0.0,0.0,0.0,0.0,0.0,0.0,0.0,0.0,1.0,0.0,0.0,0.0,0.0,0.0,0.0,1.0,0.0,0.0,0.0,0.0,0.0,1.0,1.0,0.0,0.0,0.0,0.0,0.0,0.0,0.0,0.0,1.0,0.0,0.0,0.0,0.0,0.0,0.0,0.0,0.0,0.0,0.0,0.0,0.0,0.0,0.0,0.0,0.0,0.0,0.0,0.0,0.0,0.0,0.0,0.0,0.0,0.0,1.0,0.0,0.0,0.0,0.0,0.0,0.0,1.0,0.0,0.0,0.0,0.0,0.0,0.0,1.0,0.0,0.0,0.0,0.0,0.0,0.0,0.0,0.0,1.0,0.0,0.0,0.0,0.0,0.0,0.0,0.0,0.0,0.0,0.0,0.0,0.0,0.0,0.0,1.0,1.0,0.0,0.0,0.0,0.0,0.0,0.0,0.0,0.0,0.0,1.0,0.0,0.0,0.0,0.0,1.0,0.0,1.0,0.0,0.0,0.0,0.0,0.0,1.0,1.0,1.0,1.0,0.0,1.0,1.0,0.0,1.0,0.0,1.0,1.0,0.0,1.0,0.0,1.0,0.0,0.0,0.0,0.0,0.0,0.0,1.0,0.0,0.0,1.0,1.0,1.0,0.0,0.0,1.0,0.0,1.0,0.0,0.0,0.0,1.0,1.0,1.0,0.0,0.0,1.0,0.0,1.0,0.0,0.0,1.0,0.0,0.0,1.0,1.0,1.0,1.0,1.0,1.0,1.0,1.0,1.0,1.0,1.0,1.0,1.0,1.0,1.0,1.0,1.0,1.0,1.0,1.0,1.0,1.0,1.0,1.0,1.0,1.0,1.0,1.0,1.0,1.0,1.0,1.0,1.0,1.0,1.0,1.0,1.0,1.0,1.0,1.0,0.0,1.0,0.0,0.0,1.0,0.0,1.0,1.0,0.0,1.0,0.0,1.0,0.0,0.0,0.0,0.0,0.0,0.0,0.0,0.0,0.0,1.0,1.0,1.0,0.0,0.0,0.0,0.0,0.0,0.0,0.0,0.0,1.0,1.0,0.0,0.0,0.0,1.0,0.0,1.0,0.0,0.0,0.0,0.0,0.0,1.0,1.0,1.0,1.0,1.0,1.0,1.0,0.0,1.0,1.0,1.0,1.0,1.0,1.0,1.0,1.0,1.0,1.0,1.0,1.0,1.0,1.0,1.0,1.0,1.0,1.0,0.0,1.0,1.0,0.0,1.0,1.0,1.0,1.0,1.0,1.0,1.0,1.0,1.0,1.0,1.0,1.0,1.0,1.0,1.0,1.0,0.0,1.0,1.0,0.0,1.0,0.0,1.0,1.0,0.0,1.0,0.0,1.0,0.0,0.0,0.0,0.0,0.0,0.0,1.0,0.0,0.0,1.0,1.0,1.0,0.0,0.0,1.0,0.0,0.0,0.0,0.0,0.0,1.0,1.0,1.0,0.0,0.0,1.0,0.0,1.0,0.0,0.0,1.0,0.0,0.0,1.0,1.0,1.0,1.0,1.0,1.0,0.0,1.0,0.0,1.0,1.0,1.0,1.0,1.0,1.0,1.0,1.0,1.0,1.0,1.0,1.0,1.0,1.0,1.0,1.0,1.0,1.0,0.0,1.0,0.0,0.0,1.0,1.0,1.0,1.0,1.0,1.0,1.0,1.0,1.0,1.0,1.0,1.0,1.0,1.0,1.0,1.0,1.0,1.0,1.0,1.0,1.0,1.0,1.0,1.0,1.0,1.0,1.0,1.0,1.0,1.0,1.0,1.0,1.0,1.0,1.0,1.0,1.0,1.0,1.0,1.0,0.0,1.0,1.0,1.0,1.0,1.0,1.0,1.0,1.0,1.0,1.0,1.0,1.0,1.0,1.0,1.0,1.0,0.0,1.0,1.0,0.0,1.0,0.0,1.0,1.0,1.0,1.0,0.0,1.0,1.0,1.0,1.0,0.0,0.0,1.0,1.0,0.0,0.0,1.0,1.0,1.0,1.0,0.0,1.0,0.0,1.0,0.0,0.0,0.0,1.0,1.0,1.0,0.0,1.0,1.0,0.0,1.0,0.0,1.0,1.0,0.0,0.0,1.0,1.0,0.0,0.0,0.0,0.0,0.0,0.0,0.0,0.0,1.0,0.0,0.0,0.0,0.0,0.0,0.0,0.0,0.0,0.0,0.0,0.0,0.0,0.0,0.0,0.0,0.0,0.0,0.0,0.0,0.0,0.0,0.0,0.0,0.0,0.0,0.0,0.0,0.0,0.0,0.0,0.0,0.0,1.0,0.0,0.0,0.0,0.0,0.0,0.0,1.0,0.0,0.0,0.0,0.0,0.0,0.0,0.0,0.0,1.0,0.0,0.0,0.0,0.0,0.0,0.0,0.0,0.0,0.0,0.0,0.0,0.0,0.0,0.0,1.0,1.0,1.0,0.0,0.0,0.0,0.0,0.0,0.0,0.0,0.0,1.0,0.0,0.0,0.0,0.0,1.0,0.0,1.0,0.0,0.0,0.0,0.0,0.0,1.0,1.0,1.0,1.0,0.0,1.0,0.0,0.0,1.0,0.0,1.0,1.0,0.0,1.0,0.0,1.0,0.0,0.0,0.0,0.0,0.0,0.0,1.0,0.0,0.0,1.0,1.0,1.0,0.0,0.0,1.0,0.0,0.0,0.0,0.0,0.0,1.0,1.0,0.0,0.0,0.0,1.0,0.0,1.0,0.0,0.0,0.0,0.0,0.0,1.0,1.0,1.0,1.0,0.0,1.0,1.0,0.0,1.0,0.0,1.0,1.0,1.0,1.0,0.0,1.0,1.0,1.0,1.0,1.0,0.0,1.0,1.0,0.0,1.0,1.0,1.0,1.0,1.0,0.0,1.0,0.0,1.0,0.0,0.0,1.0,1.0,1.0,1.0,0.0,1.0,1.0,0.0,1.0,1.0,1.0,1.0,0.0,1.0,1.0,1.0,1.0,0.0,1.0,1.0,0.0,1.0,0.0,1.0,1.0,0.0,1.0,0.0,1.0,0.0,0.0,0.0,0.0,0.0,0.0,1.0,0.0,0.0,1.0,1.0,1.0,1.0,0.0,1.0,0.0,1.0,0.0,0.0,0.0,1.0,1.0,1.0,0.0,0.0,1.0,0.0,1.0,0.0,0.0,1.0,0.0,0.0,1.0,1.0,0.0,0.0,0.0,0.0,0.0,0.0,0.0,0.0,1.0,0.0,0.0,0.0,0.0,0.0,0.0,0.0,0.0,0.0,0.0,0.0,0.0,0.0,0.0,1.0,1.0,0.0,0.0,0.0,0.0,0.0,0.0,0.0,0.0,0.0,1.0,0.0,0.0,0.0,0.0,0.0,0.0,1.0,0.0,0.0,0.0,0.0,0.0,1.0,1.0,1.0,1.0,0.0,1.0,1.0,0.0,1.0,0.0,1.0,1.0,1.0,1.0,1.0,1.0,1.0,1.0,1.0,1.0,0.0,1.0,1.0,0.0,1.0,1.0,1.0,1.0,1.0,1.0,0.0,1.0,0.0,0.0,1.0,1.0,1.0,1.0,1.0,1.0,1.0,0.0,1.0,1.0,1.0,1.0,0.0,1.0,0.0,0.0,0.0,0.0,0.0,0.0,0.0,0.0,0.0,0.0,0.0,0.0,0.0,0.0,0.0,0.0,0.0,0.0,0.0,0.0,0.0,0.0,0.0,0.0,0.0,0.0,0.0,0.0,0.0,0.0,0.0,0.0,0.0,0.0,0.0,0.0,0.0,0.0,0.0,0.0,0.0,0.0,0.0,0.0,0.0,0.0,0.0,0.0,0.0,1.0,1.0,1.0,0.0,1.0,1.0,0.0,1.0,0.0,1.0,1.0,1.0,1.0,0.0,1.0,1.0,1.0,1.0,0.0,0.0,1.0,1.0,0.0,0.0,1.0,1.0,1.0,1.0,0.0,1.0,0.0,1.0,0.0,0.0,1.0,1.0,1.0,1.0,0.0,1.0,1.0,0.0,1.0,0.0,1.0,1.0,0.0,0.0,1.0,1.0,1.0,1.0,0.0,1.0,1.0,0.0,1.0,0.0,1.0,1.0,0.0,1.0,0.0,1.0,1.0,1.0,0.0,0.0,0.0,1.0,1.0,0.0,0.0,1.0,1.0,1.0,1.0,0.0,1.0,0.0,1.0,0.0,0.0,0.0,1.0,1.0,1.0,0.0,1.0,1.0,0.0,1.0,0.0,0.0,1.0,0.0,0.0,1.0,1.0,1.0,1.0,0.0,1.0,0.0,0.0,1.0,0.0,1.0,1.0,0.0,1.0,0.0,1.0,0.0,0.0,0.0,0.0,0.0,0.0,1.0,0.0,0.0,1.0,1.0,1.0,0.0,0.0,1.0,0.0,0.0,0.0,0.0,0.0,1.0,1.0,1.0,0.0,0.0,1.0,0.0,1.0,0.0,0.0,0.0,0.0,0.0,1.0,1.0,1.0,1.0,1.0,1.0,1.0,1.0,1.0,1.0,1.0,1.0,1.0,1.0,1.0,1.0,1.0,1.0,1.0,1.0,1.0,1.0,1.0,1.0,1.0,1.0,1.0,1.0,1.0,1.0,1.0,1.0,1.0,1.0,1.0,1.0,1.0,1.0,1.0,1.0,1.0,1.0,1.0,1.0,1.0,1.0,1.0,1.0,1.0,1.0,1.0,1.0,1.0,1.0,1.0,1.0,1.0,1.0,1.0,1.0,1.0,1.0,1.0,1.0,1.0,1.0,1.0,1.0,1.0,1.0,1.0,1.0,1.0,1.0,0.0,0.0,0.0,0.0,0.0,0.0,0.0,0.0,1.0,0.0,0.0,0.0,0.0,0.0,0.0,0.0,0.0,0.0,0.0,0.0,0.0,0.0,0.0,0.0,1.0,0.0,0.0,0.0,0.0,0.0,0.0,0.0,0.0,0.0,1.0,0.0,0.0,0.0,0.0,0.0,0.0,1.0,0.0,0.0,0.0,0.0,0.0,0.0,0.0,0.0,0.0,0.0,1.0,0.0,0.0,0.0,0.0,0.0,0.0,0.0,0.0,0.0,0.0,0.0,0.0,0.0,0.0,0.0,0.0,0.0,0.0,0.0,0.0,1.0,0.0,0.0,1.0,0.0,0.0,1.0,0.0,0.0,0.0,0.0,0.0,0.0,0.0,0.0,0.0,0.0,0.0,0.0,0.0,0.0,0.0,0.0,0.0,1.0,1.0,1.0,1.0,1.0,1.0,1.0,1.0,1.0,1.0,1.0,1.0,1.0,1.0,1.0,1.0,1.0,1.0,1.0,1.0,1.0,1.0,1.0,1.0,1.0,1.0,1.0,1.0,1.0,1.0,1.0,1.0,1.0,1.0,1.0,1.0,1.0,1.0,1.0,1.0,1.0,1.0,1.0,1.0,1.0,1.0,1.0,1.0,1.0,1.0,1.0,1.0,1.0,1.0,1.0,1.0,1.0,1.0,1.0,1.0,1.0,1.0,1.0,1.0,1.0,1.0,1.0,1.0,1.0,1.0,1.0,1.0,1.0,1.0,1.0,1.0,1.0,1.0,1.0,1.0,1.0,1.0,1.0,1.0,1.0,1.0,1.0,1.0,1.0,1.0,1.0,1.0,1.0,1.0,1.0,1.0,1.0,1.0,1.0,1.0,1.0,1.0,1.0,1.0,1.0,1.0,1.0,1.0,0.0,0.0,0.0,0.0,0.0,0.0,0.0,0.0,0.0,0.0,0.0,0.0,0.0,0.0,0.0,0.0,0.0,0.0,0.0,0.0,0.0,0.0,0.0,0.0,0.0,0.0,0.0,0.0,0.0,0.0,0.0,0.0,0.0,0.0,0.0,0.0,0.0,0.0,0.0,0.0,0.0,0.0,0.0,0.0,0.0,0.0,0.0,0.0,0.0,1.0,0.0,0.0,0.0,1.0,0.0,0.0,1.0,0.0,1.0,0.0,1.0,0.0,1.0,0.0,1.0,0.0,0.0,0.0,0.0,1.0,0.0,0.0,0.0,0.0,1.0,1.0,1.0,1.0,1.0,0.0,1.0,0.0,1.0,1.0,0.0,0.0,0.0,0.0,0.0,0.0,0.0,0.0,0.0,0.0,1.0,1.0,1.0,0.0,1.0,0.0,0.0,0.0,1.0,1.0,0.0,1.0,0.0,1.0,0.0,1.0,0.0,1.0,0.0,1.0,0.0,1.0,0.0,0.0,1.0,0.0,0.0,1.0,0.0,1.0,1.0,1.0,1.0,1.0,0.0,1.0,0.0,1.0,1.0,0.0,0.0,1.0,0.0,0.0,0.0,0.0,0.0,0.0,0.0,1.0,1.0,1.0,0.0,1.0,0.0,0.0,0.0,1.0,0.0,0.0,0.0,0.0,0.0,0.0,0.0,0.0,0.0,0.0,1.0,0.0,0.0,0.0,0.0,0.0,0.0,0.0,0.0,0.0,1.0,1.0,1.0,1.0,1.0,0.0,1.0,0.0,1.0,1.0,0.0,0.0,0.0,0.0,0.0,0.0,0.0,0.0,0.0,0.0,1.0,0.0,1.0,0.0,1.0,1.0,1.0,1.0,1.0,0.0,1.0,1.0,1.0,1.0,1.0,0.0,1.0,1.0,1.0,1.0,1.0,1.0,1.0,1.0,1.0,1.0,1.0,1.0,1.0,1.0,0.0,1.0,1.0,1.0,1.0,1.0,1.0,1.0,1.0,1.0,0.0,1.0,1.0,1.0,1.0,1.0,1.0,0.0,0.0,0.0,1.0,0.0,0.0,1.0,0.0,0.0,0.0,0.0,0.0,1.0,0.0,1.0,0.0,0.0,0.0,0.0,1.0,0.0,0.0,0.0,0.0,1.0,1.0,1.0,1.0,1.0,0.0,1.0,0.0,1.0,1.0,0.0,0.0,0.0,0.0,0.0,0.0,0.0,0.0,0.0,0.0,1.0,1.0,1.0,0.0,1.0,0.0,0.0,0.0,1.0,1.0,1.0,1.0,0.0,1.0,0.0,1.0,0.0,1.0,0.0,1.0,0.0,1.0,1.0,0.0,1.0,0.0,0.0,1.0,0.0,1.0,1.0,1.0,1.0,1.0,0.0,1.0,0.0,1.0,1.0,0.0,0.0,1.0,0.0,0.0,0.0,0.0,0.0,0.0,1.0,1.0,1.0,1.0,0.0,1.0,0.0,0.0,0.0,1.0,0.0,0.0,1.0,0.0,1.0,0.0,0.0,0.0,1.0,0.0,1.0,0.0,0.0,0.0,0.0,1.0,0.0,0.0,0.0,0.0,1.0,1.0,1.0,1.0,1.0,0.0,1.0,0.0,1.0,1.0,0.0,0.0,0.0,0.0,0.0,0.0,0.0,0.0,0.0,0.0,1.0,1.0,1.0,0.0,1.0,0.0,0.0,1.0,1.0,1.0,1.0,0.0,1.0,1.0,1.0,0.0,1.0,0.0,1.0,1.0,1.0,1.0,0.0,1.0,0.0,1.0,1.0,1.0,1.0,1.0,1.0,1.0,1.0,0.0,1.0,0.0,1.0,1.0,1.0,0.0,1.0,0.0,0.0,1.0,1.0,0.0,0.0,1.0,1.0,1.0,1.0,0.0,1.0,0.0,0.0,0.0,1.0,0.0,0.0,1.0,0.0,0.0,0.0,0.0,0.0,0.0,0.0,1.0,0.0,0.0,0.0,0.0,1.0,0.0,0.0,0.0,0.0,1.0,1.0,1.0,1.0,1.0,0.0,1.0,0.0,1.0,1.0,0.0,0.0,0.0,0.0,0.0,0.0,0.0,0.0,0.0,0.0,1.0,0.0,1.0,0.0,1.0,1.0,1.0,1.0,1.0,1.0,1.0,1.0,1.0,1.0,1.0,1.0,1.0,1.0,1.0,1.0,1.0,1.0,1.0,1.0,1.0,1.0,1.0,1.0,1.0,1.0,1.0,1.0,1.0,1.0,1.0,1.0,1.0,1.0,1.0,1.0,1.0,1.0,1.0,1.0,0.0,0.0,0.0,1.0,0.0,0.0,0.0,0.0,0.0,0.0,0.0,0.0,0.0,0.0,0.0,0.0,0.0,0.0,0.0,0.0,0.0,0.0,0.0,0.0,1.0,0.0,0.0,1.0,0.0,0.0,1.0,0.0,1.0,0.0,0.0,0.0,0.0,0.0,0.0,0.0,0.0,0.0,0.0,0.0,1.0,0.0,0.0,0.0,1.0,0.0,0.0,0.0,1.0,1.0,1.0,1.0,0.0,1.0,1.0,1.0,0.0,1.0,0.0,1.0,0.0,1.0,1.0,0.0,1.0,0.0,0.0,1.0,0.0,1.0,1.0,1.0,1.0,1.0,0.0,1.0,0.0,1.0,1.0,0.0,0.0,1.0,0.0,0.0,0.0,0.0,0.0,0.0,1.0,1.0,1.0,1.0,0.0,1.0,0.0,0.0,0.0,1.0,0.0,0.0,1.0,0.0,1.0,0.0,1.0,0.0,1.0,0.0,1.0,0.0,0.0,0.0,0.0,1.0,0.0,0.0,0.0,0.0,1.0,1.0,1.0,1.0,1.0,0.0,1.0,0.0,1.0,1.0,0.0,0.0,0.0,0.0,0.0,0.0,0.0,0.0,0.0,0.0,1.0,1.0,1.0,0.0,1.0,0.0,0.0,0.0,1.0,1.0,1.0,1.0,0.0,1.0,0.0,1.0,0.0,1.0,0.0,1.0,0.0,1.0,0.0,0.0,1.0,0.0,0.0,1.0,0.0,1.0,1.0,1.0,1.0,1.0,0.0,1.0,0.0,1.0,1.0,0.0,0.0,1.0,0.0,0.0,0.0,0.0,0.0,0.0,1.0,1.0,1.0,1.0,0.0,1.0,0.0,0.0,1.0,1.0,1.0,1.0,0.0,1.0,1.0,1.0,1.0,1.0,0.0,1.0,1.0,1.0,1.0,0.0,1.0,0.0,1.0,1.0,1.0,1.0,1.0,1.0,1.0,1.0,0.0,1.0,0.0,1.0,1.0,1.0,0.0,1.0,0.0,0.0,1.0,1.0,0.0,0.0,1.0,1.0,1.0,1.0,1.0,1.0,0.0,0.0,0.0,1.0,0.0,0.0,1.0,0.0,0.0,0.0,0.0,0.0,0.0,0.0,1.0,0.0,0.0,0.0,0.0,0.0,0.0,0.0,0.0,0.0,1.0,1.0,1.0,1.0,1.0,0.0,1.0,0.0,1.0,1.0,0.0,0.0,0.0,0.0,0.0,0.0,0.0,0.0,0.0,0.0,1.0,0.0,1.0,0.0,1.0,1.0,1.0,1.0,1.0,1.0,1.0,1.0,1.0,1.0,1.0,1.0,1.0,1.0,1.0,1.0,1.0,1.0,1.0,1.0,1.0,1.0,1.0,1.0,1.0,1.0,1.0,1.0,1.0,1.0,1.0,1.0,1.0,1.0,1.0,1.0,1.0,1.0,1.0,0.0,0.0,0.0,1.0,1.0,1.0,1.0,0.0,1.0,1.0,1.0,0.0,1.0,0.0,1.0,1.0,1.0,1.0,0.0,1.0,0.0,0.0,1.0,1.0,1.0,1.0,1.0,1.0,1.0,0.0,1.0,0.0,1.0,1.0,1.0,0.0,1.0,0.0,0.0,1.0,0.0,0.0,0.0,1.0,1.0,1.0,1.0,0.0,1.0,0.0,0.0,0.0,1.0,1.0,0.0,1.0,0.0,1.0,0.0,1.0,0.0,1.0,0.0,1.0,0.0,1.0,0.0,0.0,1.0,0.0,0.0,0.0,0.0,1.0,1.0,1.0,1.0,1.0,0.0,1.0,0.0,1.0,1.0,0.0,0.0,0.0,0.0,0.0,0.0,0.0,0.0,0.0,0.0,1.0,1.0,1.0,0.0,1.0,0.0,0.0,0.0,1.0,1.0,1.0,1.0,0.0,1.0,1.0,1.0,0.0,1.0,0.0,1.0,1.0,1.0,1.0,0.0,1.0,0.0,0.0,1.0,0.0,1.0,1.0,1.0,1.0,1.0,0.0,1.0,0.0,1.0,1.0,0.0,0.0,1.0,0.0,0.0,0.0,0.0,0.0,0.0,1.0,1.0,1.0,1.0,0.0,0.0,0.0,0.0,0.0,1.0,0.0,0.0,0.0,0.0,0.0,0.0,0.0,0.0,0.0,0.0,0.0,0.0,0.0,0.0,0.0,0.0,0.0,0.0,0.0,0.0,0.0,0.0,0.0,0.0,0.0,0.0,1.0,0.0,0.0,0.0,0.0,0.0,0.0,0.0,0.0,0.0,0.0,0.0,0.0,0.0,0.0,0.0,0.0,0.0,1.0,0.0,0.0,0.0,1.0,0.0,0.0,0.0,0.0,0.0,0.0,0.0,0.0,0.0,0.0,1.0,0.0,0.0,0.0,0.0,0.0,0.0,0.0,0.0,0.0,1.0,0.0,0.0,1.0,1.0,0.0,1.0,0.0,1.0,1.0,0.0,0.0,0.0,0.0,0.0,0.0,0.0,0.0,0.0,0.0,1.0,0.0,1.0,0.0,1.0,0.0,0.0,0.0,1.0,0.0,0.0,0.0,0.0,0.0,0.0,0.0,0.0,0.0,0.0,1.0,0.0,0.0,0.0,0.0,0.0,0.0,0.0,0.0,0.0,1.0,1.0,0.0,1.0,1.0,0.0,1.0,0.0,1.0,1.0,0.0,0.0,0.0,0.0,0.0,0.0,0.0,0.0,0.0,0.0,1.0,0.0,1.0,0.0,0.0,0.0,0.0,0.0,1.0,0.0,0.0,0.0,0.0,0.0,0.0,0.0,0.0,0.0,0.0,0.0,0.0,0.0,0.0,0.0,0.0,0.0,0.0,0.0,0.0,1.0,0.0,0.0,0.0,0.0,0.0,1.0,0.0,0.0,0.0,0.0,0.0,0.0,0.0,0.0,0.0,0.0,0.0,0.0,0.0,0.0,0.0,0.0,0.0,1.0,0.0,0.0,0.0,1.0,0.0,0.0,0.0,0.0,0.0,0.0,0.0,0.0,0.0,0.0,1.0,0.0,0.0,0.0,0.0,0.0,0.0,0.0,0.0,0.0,1.0,0.0,0.0,1.0,0.0,0.0,1.0,0.0,1.0,0.0,0.0,0.0,0.0,0.0,0.0,0.0,0.0,0.0,0.0,0.0,1.0,0.0,0.0,0.0,1.0,1.0,1.0,1.0,1.0,1.0,1.0,1.0,1.0,1.0,1.0,1.0,1.0,1.0,1.0,1.0,1.0,1.0,1.0,1.0,1.0,1.0,1.0,1.0,1.0,1.0,1.0,1.0,1.0,1.0,1.0,1.0,1.0,1.0,1.0,1.0,1.0,1.0,1.0,0.0,0.0,0.0,0.0,1.0,0.0,0.0,0.0,0.0,0.0,0.0,0.0,0.0,0.0,0.0,0.0,0.0,0.0,0.0,0.0,0.0,0.0,0.0,0.0,0.0,0.0,0.0,0.0,0.0,0.0,0.0,0.0,0.0,0.0,0.0,0.0,0.0,0.0,0.0,0.0,0.0,0.0,0.0,0.0,0.0,0.0,0.0,0.0,0.0,1.0,0.0,0.0,1.0,1.0,1.0,1.0,0.0,1.0,1.0,1.0,1.0,1.0,0.0,1.0,1.0,1.0,1.0,1.0,1.0,0.0,1.0,1.0,1.0,1.0,1.0,1.0,1.0,1.0,0.0,1.0,0.0,1.0,1.0,1.0,1.0,0.0,0.0,1.0,1.0,0.0,0.0,1.0,1.0,1.0,1.0,1.0,1.0,0.0,0.0,0.0,1.0,0.0,0.0,0.0,0.0,0.0,0.0,0.0,0.0,0.0,0.0,0.0,0.0,0.0,0.0,0.0,0.0,0.0,0.0,0.0,0.0,1.0,0.0,0.0,1.0,0.0,0.0,1.0,0.0,0.0,0.0,0.0,0.0,0.0,0.0,0.0,0.0,0.0,0.0,0.0,0.0,0.0,0.0,0.0,0.0,1.0,0.0,0.0,0.0,1.0,0.0,0.0,0.0,0.0,0.0,0.0,0.0,0.0,0.0,0.0,1.0,0.0,0.0,0.0,0.0,0.0,0.0,0.0,0.0,0.0,1.0,0.0,0.0,1.0,1.0,0.0,1.0,0.0,1.0,0.0,0.0,0.0,0.0,0.0,0.0,0.0,0.0,0.0,0.0,0.0,1.0,0.0,0.0,0.0,1.0,0.0,0.0,0.0,1.0,1.0,1.0,1.0,0.0,1.0,1.0,1.0,0.0,1.0,0.0,1.0,1.0,1.0,1.0,0.0,1.0,0.0,0.0,1.0,1.0,1.0,1.0,1.0,1.0,1.0,0.0,1.0,0.0,1.0,1.0,0.0,0.0,1.0,0.0,0.0,0.0,0.0,0.0,0.0,1.0,1.0,1.0,1.0,0.0,1.0,1.0,1.0,1.0,1.0,1.0,1.0,1.0,1.0,1.0,1.0,1.0,1.0,1.0,1.0,1.0,1.0,1.0,1.0,1.0,1.0,1.0,1.0,1.0,1.0,1.0,1.0,1.0,1.0,1.0,1.0,1.0,1.0,1.0,1.0,1.0,1.0,0.0,0.0,0.0,1.0,1.0,0.0,1.0,0.0,1.0,0.0,1.0,0.0,1.0,0.0,1.0,0.0,1.0,0.0,0.0,1.0,0.0,0.0,1.0,0.0,1.0,1.0,1.0,1.0,1.0,0.0,1.0,0.0,1.0,1.0,0.0,0.0,0.0,0.0,0.0,0.0,0.0,0.0,0.0,0.0,1.0,1.0,1.0,0.0,1.0,0.0,0.0,1.0,1.0,1.0,1.0,0.0,1.0,1.0,1.0,1.0,1.0,0.0,1.0,1.0,1.0,1.0,1.0,1.0,0.0,1.0,1.0,1.0,1.0,1.0,1.0,1.0,1.0,0.0,1.0,1.0,1.0,1.0,1.0,1.0,0.0,0.0,1.0,1.0,0.0,0.0,1.0,1.0,1.0,1.0,1.0,1.0,1.0,1.0,1.0,1.0,1.0,1.0,1.0,1.0,1.0,1.0,1.0,1.0,1.0,1.0,1.0,1.0,1.0,1.0,1.0,1.0,1.0,1.0,1.0,1.0,1.0,1.0,1.0,1.0,1.0,1.0,1.0,1.0,1.0,1.0,1.0,1.0,1.0,1.0,0.0,0.0,0.0,1.0,1.0,1.0,1.0,0.0,1.0,1.0,1.0,0.0,1.0,0.0,1.0,1.0,1.0,1.0,0.0,1.0,0.0,0.0,1.0,1.0,1.0,1.0,1.0,1.0,1.0,0.0,1.0,0.0,1.0,1.0,1.0,0.0,1.0,0.0,0.0,0.0,0.0,0.0,0.0,1.0,1.0,1.0,1.0,0.0,1.0,0.0,0.0,1.0,1.0,1.0,1.0,0.0,1.0,1.0,1.0,0.0,1.0,0.0,1.0,1.0,1.0,1.0,0.0,1.0,0.0,1.0,1.0,1.0,1.0,1.0,1.0,1.0,1.0,0.0,1.0,0.0,1.0,1.0,1.0,0.0,1.0,0.0,0.0,1.0,0.0,0.0,0.0,1.0,1.0,1.0,1.0,0.0,1.0,1.0,1.0,1.0,1.0,1.0,1.0,1.0,1.0,1.0,1.0,1.0,1.0,1.0,1.0,1.0,1.0,1.0,1.0,1.0,1.0,1.0,1.0,1.0,1.0,1.0,1.0,1.0,1.0,1.0,1.0,1.0,1.0,1.0,1.0,1.0,1.0,1.0,1.0,1.0,1.0,1.0,1.0,1.0,1.0,1.0,1.0,1.0,1.0,1.0,1.0,1.0,1.0,1.0,1.0,1.0,1.0,1.0,1.0,1.0,1.0,1.0,1.0,1.0,1.0,1.0,1.0,1.0,1.0,1.0,1.0,1.0,1.0,1.0,1.0,1.0,1.0,1.0,0.0,0.0,0.0,1.0,1.0,1.0,1.0,0.0,1.0,0.0,1.0,0.0,1.0,0.0,1.0,0.0,1.0,0.0,0.0,1.0,0.0,0.0,1.0,0.0,1.0,1.0,1.0,1.0,1.0,0.0,1.0,0.0,1.0,1.0,0.0,0.0,1.0,0.0,0.0,0.0,0.0,0.0,0.0,0.0,1.0,1.0,1.0,0.0,1.0,0.0,0.0,0.0,1.0,0.0,0.0,0.0,0.0,0.0,0.0,0.0,0.0,0.0,0.0,0.0,0.0,0.0,0.0,0.0,0.0,0.0,0.0,0.0,0.0,1.0,0.0,0.0,1.0,0.0,0.0,1.0,0.0,1.0,0.0,0.0,0.0,0.0,0.0,0.0,0.0,0.0,0.0,0.0,0.0,0.0,0.0,0.0,0.0,1.0,0.0,0.0,0.0,1.0,0.0,0.0,1.0,0.0,0.0,0.0,0.0,0.0,0.0,0.0,1.0,0.0,0.0,0.0,0.0,1.0,0.0,0.0,0.0,0.0,1.0,1.0,1.0,1.0,1.0,0.0,1.0,0.0,1.0,1.0,0.0,0.0,0.0,0.0,0.0,0.0,0.0,0.0,0.0,0.0,1.0,0.0,1.0,0.0,1.0,0.0,0.0,0.0,1.0,0.0,0.0,0.0,0.0,0.0,0.0,0.0,0.0,0.0,0.0,1.0,0.0,0.0,0.0,0.0,0.0,0.0,0.0,0.0,0.0,1.0,0.0,0.0,1.0,1.0,0.0,1.0,0.0,1.0,1.0,0.0,0.0,0.0,0.0,0.0,0.0,0.0,0.0,0.0,0.0,1.0,0.0,0.0,0.0,1.0,0.0,0.0,1.0,1.0,1.0,1.0,0.0,1.0,1.0,1.0,1.0,1.0,0.0,1.0,1.0,1.0,1.0,0.0,1.0,0.0,1.0,1.0,1.0,1.0,1.0,1.0,1.0,1.0,0.0,1.0,0.0,1.0,1.0,1.0,0.0,1.0,0.0,0.0,1.0,1.0,0.0,0.0,1.0,1.0,1.0,1.0,0.0,0.0,1.0,1.0,1.0,1.0,1.0,1.0,1.0,1.0,1.0,1.0,1.0,1.0,1.0,1.0,1.0,1.0,1.0,1.0,1.0,1.0,1.0,1.0,1.0,1.0,1.0,1.0,1.0,1.0,1.0,1.0,1.0,1.0,1.0,1.0,1.0,1.0,1.0,0.0,0.0,1.0,1.0,1.0,1.0,1.0,1.0,1.0,0.0,1.0,0.0,1.0,0.0,1.0,0.0,1.0,1.0,0.0,1.0,1.0,1.0,1.0,1.0,1.0,1.0,0.0,1.0,0.0,1.0,1.0,1.0,1.0,1.0,1.0,1.0,1.0,1.0,1.0,1.0,1.0,1.0,1.0,1.0,0.0,0.0,0.0,0.0,0.0,0.0,0.0,0.0,0.0,0.0,0.0,0.0,0.0,0.0,0.0,0.0,1.0,0.0,0.0,0.0,0.0,1.0,0.0,0.0,0.0,0.0,1.0,0.0,0.0,0.0,0.0,1.0,0.0,0.0,1.0,1.0,0.0,1.0,0.0,0.0,0.0,0.0,0.0,0.0,0.0,0.0,0.0,1.0,1.0,1.0,1.0,1.0,1.0,1.0,1.0,1.0,1.0,1.0,1.0,1.0,1.0,1.0,1.0,1.0,1.0,1.0,1.0,1.0,1.0,1.0,1.0,1.0,1.0,1.0,1.0,1.0,1.0,1.0,1.0,1.0,1.0,1.0,1.0,0.0,0.0,0.0,0.0,0.0,0.0,0.0,0.0,0.0,0.0,0.0,0.0,0.0,0.0,0.0,0.0,1.0,0.0,0.0,0.0,0.0,1.0,0.0,0.0,0.0,0.0,1.0,0.0,0.0,0.0,0.0,1.0,0.0,0.0,1.0,1.0,0.0,1.0,0.0,0.0,0.0,0.0,0.0,0.0,0.0,0.0,0.0,1.0,1.0,1.0,1.0,1.0,1.0,1.0,1.0,1.0,1.0,1.0,1.0,1.0,1.0,1.0,1.0,1.0,1.0,1.0,1.0,1.0,1.0,1.0,1.0,1.0,1.0,1.0,1.0,1.0,1.0,1.0,1.0,1.0,1.0,1.0,0.0,0.0,1.0,0.0,1.0,0.0,0.0,0.0,1.0,1.0,1.0,0.0,0.0,0.0,0.0,0.0,1.0,0.0,0.0,0.0,1.0,1.0,0.0,0.0,0.0,0.0,1.0,1.0,1.0,0.0,0.0,1.0,0.0,1.0,1.0,1.0,1.0,1.0,1.0,1.0,0.0,1.0,1.0,1.0,0.0,1.0,1.0,1.0,0.0,0.0,1.0,0.0,1.0,0.0,1.0,0.0,1.0,1.0,1.0,0.0,0.0,0.0,0.0,0.0,1.0,0.0,0.0,0.0,1.0,1.0,0.0,0.0,0.0,0.0,1.0,1.0,1.0,0.0,0.0,1.0,0.0,1.0,1.0,1.0,1.0,1.0,1.0,1.0,0.0,1.0,1.0,1.0,0.0,1.0,1.0,1.0,0.0,0.0,1.0,0.0,1.0,0.0,0.0,0.0,0.0,1.0,0.0,0.0,0.0,0.0,0.0,0.0,1.0,0.0,0.0,0.0,1.0,1.0,0.0,0.0,0.0,0.0,1.0,1.0,1.0,0.0,0.0,1.0,0.0,0.0,1.0,1.0,1.0,1.0,1.0,0.0,0.0,0.0,1.0,0.0,0.0,1.0,1.0,1.0,0.0,0.0,1.0,0.0,1.0,0.0,0.0,0.0,0.0,0.0,0.0,0.0,0.0,0.0,0.0,0.0,1.0,0.0,0.0,0.0,1.0,1.0,0.0,0.0,0.0,0.0,1.0,1.0,1.0,0.0,0.0,1.0,0.0,0.0,1.0,1.0,1.0,1.0,1.0,0.0,0.0,0.0,1.0,0.0,0.0,0.0,1.0,1.0,0.0,0.0,1.0,0.0,1.0,0.0,0.0,0.0,1.0,1.0,0.0,0.0,0.0,0.0,0.0,0.0,1.0,0.0,0.0,0.0,1.0,1.0,0.0,0.0,0.0,0.0,1.0,1.0,1.0,0.0,0.0,1.0,0.0,0.0,1.0,1.0,1.0,1.0,1.0,0.0,0.0,0.0,1.0,0.0,0.0,1.0,1.0,1.0,1.0,1.0,1.0,1.0,1.0,1.0,1.0,1.0,1.0,1.0,1.0,1.0,1.0,1.0,1.0,1.0,1.0,1.0,1.0,1.0,1.0,1.0,1.0,1.0,1.0,1.0,1.0,1.0,1.0,1.0,1.0,1.0,1.0,1.0,1.0,1.0,0.0,0.0,1.0,0.0,1.0,0.0,1.0,1.0,1.0,1.0,1.0,0.0,0.0,0.0,0.0,1.0,0.0,1.0,0.0,1.0,1.0,0.0,1.0,1.0,0.0,1.0,1.0,1.0,1.0,0.0,1.0,0.0,1.0,1.0,1.0,1.0,1.0,1.0,1.0,0.0,1.0,1.0,1.0,0.0,1.0,1.0,1.0,1.0,1.0,1.0,1.0,1.0,1.0,1.0,1.0,1.0,1.0,1.0,1.0,1.0,1.0,1.0,1.0,1.0,1.0,1.0,1.0,1.0,1.0,1.0,1.0,1.0,1.0,1.0,1.0,1.0,1.0,1.0,1.0,1.0,1.0,1.0,1.0,1.0,1.0,1.0,1.0,1.0,1.0,1.0,1.0,1.0,1.0,1.0,1.0,1.0,1.0,1.0,1.0,1.0,1.0,1.0,1.0,1.0,1.0,1.0,1.0,1.0,1.0,1.0,1.0,1.0,1.0,1.0,1.0,1.0,1.0,1.0,1.0,1.0,1.0,1.0,1.0,1.0,1.0,1.0,1.0,1.0,1.0,1.0,1.0,1.0,1.0,1.0,1.0,1.0,1.0,1.0,1.0,1.0,1.0,1.0,1.0,1.0,1.0,1.0,1.0,1.0,0.0,0.0,0.0,0.0,0.0,0.0,0.0,0.0,0.0,0.0,0.0,0.0,0.0,0.0,0.0,0.0,0.0,0.0,0.0,0.0,0.0,1.0,0.0,0.0,0.0,0.0,1.0,0.0,0.0,0.0,0.0,1.0,0.0,0.0,0.0,0.0,0.0,0.0,0.0,0.0,0.0,0.0,0.0,0.0,0.0,0.0,0.0,0.0,1.0,1.0,1.0,1.0,1.0,1.0,1.0,1.0,1.0,1.0,1.0,1.0,1.0,1.0,1.0,1.0,1.0,1.0,1.0,1.0,1.0,1.0,1.0,1.0,1.0,1.0,1.0,1.0,1.0,1.0,1.0,1.0,1.0,1.0,1.0,1.0,0.0,0.0,1.0,0.0,1.0,0.0,1.0,1.0,1.0,1.0,1.0,0.0,0.0,0.0,0.0,0.0,1.0,0.0,0.0,0.0,1.0,1.0,0.0,0.0,0.0,0.0,1.0,1.0,1.0,0.0,0.0,1.0,0.0,1.0,1.0,1.0,1.0,1.0,1.0,1.0,0.0,1.0,1.0,1.0,0.0,1.0,1.0,1.0,1.0,1.0,1.0,1.0,1.0,1.0,1.0,1.0,1.0,1.0,1.0,1.0,1.0,1.0,1.0,1.0,1.0,1.0,1.0,1.0,1.0,1.0,1.0,1.0,1.0,1.0,1.0,1.0,1.0,1.0,1.0,1.0,1.0,1.0,1.0,1.0,0.0,0.0,1.0,0.0,1.0,0.0,0.0,0.0,0.0,0.0,0.0,0.0,0.0,0.0,0.0,0.0,1.0,0.0,0.0,0.0,0.0,1.0,0.0,0.0,0.0,0.0,1.0,1.0,0.0,0.0,0.0,1.0,0.0,0.0,1.0,1.0,0.0,1.0,0.0,0.0,0.0,0.0,1.0,0.0,0.0,0.0,0.0,1.0,0.0,0.0,0.0,0.0,0.0,0.0,0.0,0.0,0.0,0.0,0.0,0.0,0.0,0.0,0.0,0.0,0.0,0.0,0.0,0.0,0.0,0.0,0.0,0.0,0.0,0.0,1.0,0.0,0.0,0.0,0.0,0.0,0.0,0.0,0.0,0.0,0.0,0.0,0.0,0.0,0.0,0.0,0.0,0.0,0.0,0.0,0.0,0.0,1.0,1.0,1.0,1.0,1.0,1.0,1.0,1.0,1.0,1.0,1.0,1.0,1.0,1.0,1.0,1.0,1.0,1.0,1.0,1.0,1.0,1.0,1.0,1.0,1.0,1.0,1.0,1.0,1.0,1.0,1.0,1.0,1.0,1.0,1.0,1.0,0.0,0.0,1.0,0.0,1.0,0.0,1.0,1.0,1.0,1.0,1.0,0.0,0.0,0.0,0.0,0.0,1.0,0.0,1.0,0.0,1.0,1.0,0.0,0.0,1.0,0.0,1.0,1.0,1.0,0.0,0.0,1.0,0.0,1.0,1.0,1.0,1.0,1.0,1.0,1.0,0.0,1.0,1.0,1.0,0.0,1.0,1.0,1.0,0.0,0.0,1.0,0.0,1.0,0.0,1.0,1.0,1.0,1.0,1.0,0.0,0.0,0.0,0.0,0.0,1.0,0.0,1.0,0.0,1.0,1.0,0.0,0.0,0.0,0.0,1.0,1.0,1.0,0.0,0.0,1.0,0.0,1.0,1.0,1.0,1.0,1.0,1.0,1.0,0.0,1.0,1.0,1.0,0.0,1.0,1.0,1.0,0.0,0.0,1.0,0.0,1.0,0.0,1.0,1.0,1.0,1.0,1.0,0.0,1.0,0.0,0.0,1.0,0.0,1.0,0.0,1.0,1.0,0.0,1.0,1.0,0.0,1.0,1.0,1.0,1.0,0.0,1.0,0.0,1.0,1.0,1.0,1.0,1.0,1.0,1.0,0.0,1.0,1.0,1.0,0.0,1.0,1.0,1.0,0.0,0.0,0.0,0.0,0.0,0.0,0.0,0.0,0.0,0.0,0.0,0.0,0.0,0.0,0.0,0.0,0.0,0.0,0.0,0.0,0.0,0.0,0.0,0.0,0.0,0.0,0.0,0.0,0.0,0.0,0.0,0.0,0.0,0.0,0.0,0.0,0.0,0.0,0.0,0.0,0.0,0.0,0.0,0.0,0.0,0.0,0.0,0.0,0.0,0.0,1.0,0.0,1.0,0.0,0.0,0.0,0.0,0.0,0.0,0.0,0.0,0.0,0.0,0.0,1.0,0.0,0.0,0.0,0.0,1.0,0.0,0.0,0.0,0.0,1.0,0.0,0.0,0.0,0.0,1.0,0.0,0.0,1.0,1.0,0.0,1.0,0.0,0.0,0.0,0.0,1.0,0.0,0.0,0.0,0.0,1.0,0.0,0.0,1.0,0.0,1.0,0.0,0.0,0.0,0.0,0.0,0.0,0.0,0.0,0.0,0.0,0.0,1.0,0.0,0.0,0.0,1.0,1.0,0.0,0.0,0.0,0.0,1.0,1.0,0.0,0.0,0.0,1.0,0.0,0.0,1.0,1.0,1.0,1.0,1.0,0.0,0.0,0.0,1.0,0.0,0.0,0.0,1.0,1.0,0.0,0.0,1.0,0.0,1.0,0.0,1.0,1.0,1.0,1.0,1.0,0.0,0.0,0.0,0.0,0.0,1.0,0.0,1.0,0.0,1.0,1.0,0.0,1.0,1.0,0.0,1.0,1.0,1.0,0.0,0.0,1.0,0.0,1.0,1.0,1.0,1.0,1.0,1.0,1.0,0.0,1.0,1.0,1.0,0.0,1.0,1.0,1.0,0.0,1.0,1.0,1.0,1.0,1.0,1.0,1.0,1.0,1.0,1.0,1.0,1.0,1.0,1.0,1.0,1.0,1.0,1.0,1.0,1.0,0.0,1.0,1.0,1.0,1.0,1.0,1.0,1.0,1.0,1.0,1.0,1.0,1.0,1.0,1.0,1.0,1.0,0.0,0.0,0.0,0.0,0.0,0.0,0.0,0.0,0.0,0.0,0.0,0.0,0.0,0.0,0.0,0.0,0.0,0.0,0.0,0.0,0.0,1.0,0.0,0.0,0.0,0.0,1.0,0.0,0.0,0.0,0.0,0.0,0.0,0.0,0.0,0.0,0.0,0.0,0.0,0.0,0.0,0.0,0.0,0.0,0.0,0.0,0.0,0.0,1.0,1.0,1.0,1.0,1.0,1.0,1.0,1.0,1.0,1.0,1.0,1.0,1.0,1.0,1.0,1.0,1.0,1.0,1.0,1.0,1.0,1.0,1.0,1.0,1.0,1.0,1.0,1.0,1.0,1.0,1.0,1.0,1.0,1.0,1.0,1.0,0.0,0.0,1.0,0.0,1.0,0.0,0.0,0.0,1.0,1.0,1.0,0.0,0.0,0.0,0.0,0.0,1.0,0.0,0.0,0.0,1.0,1.0,0.0,0.0,0.0,0.0,1.0,1.0,1.0,0.0,0.0,1.0,0.0,0.0,1.0,1.0,1.0,1.0,1.0,1.0,0.0,0.0,1.0,1.0,0.0,1.0,1.0,1.0,0.0,0.0,0.0,0.0,0.0,0.0,0.0,0.0,0.0,0.0,0.0,0.0,0.0,0.0,0.0,0.0,1.0,0.0,0.0,0.0,0.0,1.0,0.0,0.0,0.0,0.0,1.0,0.0,0.0,0.0,0.0,1.0,0.0,0.0,0.0,0.0,0.0,1.0,0.0,0.0,0.0,0.0,0.0,0.0,0.0,0.0,0.0,1.0,0.0,0.0,0.0,0.0,0.0,0.0,0.0,0.0,0.0,0.0,0.0,0.0,0.0,0.0,0.0,0.0,1.0,0.0,0.0,0.0,0.0,1.0,0.0,0.0,0.0,0.0,1.0,0.0,0.0,0.0,0.0,1.0,0.0,0.0,1.0,0.0,0.0,1.0,0.0,0.0,0.0,0.0,0.0,0.0,0.0,0.0,0.0,1.0,0.0,0.0,1.0,0.0,1.0,0.0,0.0,0.0,0.0,0.0,0.0,0.0,0.0,0.0,0.0,0.0,1.0,0.0,0.0,0.0,1.0,1.0,0.0,0.0,0.0,0.0,1.0,1.0,0.0,0.0,0.0,1.0,0.0,0.0,1.0,1.0,0.0,1.0,1.0,0.0,0.0,0.0,1.0,0.0,0.0,0.0,0.0,1.0,0.0,0.0,0.0,0.0,0.0,0.0,0.0,0.0,0.0,0.0,0.0,0.0,0.0,0.0,0.0,0.0,1.0,0.0,0.0,0.0,0.0,1.0,0.0,0.0,0.0,0.0,1.0,0.0,0.0,0.0,0.0,1.0,0.0,0.0,0.0,0.0,0.0,0.0,0.0,0.0,0.0,0.0,0.0,0.0,0.0,0.0,0.0,0.0,0.0,0.0,1.0,0.0,1.0,0.0,0.0,0.0,0.0,0.0,0.0,0.0,0.0,0.0,0.0,0.0,1.0,0.0,0.0,0.0,1.0,1.0,0.0,0.0,0.0,0.0,1.0,1.0,0.0,0.0,0.0,1.0,0.0,0.0,1.0,1.0,0.0,1.0,0.0,0.0,0.0,0.0,1.0,0.0,0.0,0.0,0.0,1.0,0.0,0.0,1.0,0.0,1.0,0.0,0.0,0.0,1.0,1.0,1.0,0.0,0.0,0.0,0.0,0.0,1.0,0.0,0.0,0.0,1.0,1.0,0.0,0.0,0.0,0.0,1.0,1.0,1.0,0.0,0.0,1.0,0.0,0.0,1.0,1.0,1.0,1.0,1.0,0.0,0.0,0.0,1.0,1.0,0.0,1.0,1.0,1.0,0.0,0.0,1.0,0.0,1.0,1.0,1.0,1.0,1.0,1.0,0.0,1.0,0.0,1.0,0.0,1.0,0.0,1.0,1.0,0.0,1.0,1.0,1.0,1.0,1.0,1.0,1.0,0.0,1.0,0.0,1.0,1.0,1.0,1.0,1.0,1.0,1.0,0.0,1.0,1.0,1.0,1.0,1.0,1.0,1.0,0.0,0.0,1.0,0.0,1.0,0.0,0.0,0.0,1.0,1.0,1.0,0.0,0.0,0.0,0.0,0.0,1.0,0.0,0.0,0.0,1.0,1.0,0.0,0.0,0.0,0.0,1.0,1.0,1.0,0.0,0.0,1.0,0.0,1.0,1.0,1.0,1.0,1.0,1.0,1.0,0.0,0.0,1.0,1.0,0.0,1.0,1.0,1.0,0.0,0.0,1.0,0.0,1.0,0.0,0.0,0.0,0.0,0.0,0.0,0.0,0.0,0.0,0.0,0.0,1.0,0.0,0.0,0.0,0.0,1.0,0.0,0.0,0.0,0.0,1.0,0.0,0.0,0.0,0.0,1.0,0.0,0.0,1.0,1.0,0.0,1.0,0.0,0.0,0.0,0.0,0.0,0.0,0.0,0.0,0.0,1.0,0.0,0.0,1.0,0.0,1.0,0.0,0.0,0.0,1.0,1.0,1.0,0.0,0.0,0.0,0.0,0.0,1.0,0.0,0.0,0.0,1.0,1.0,0.0,0.0,0.0,0.0,1.0,1.0,1.0,0.0,0.0,1.0,0.0,0.0,1.0,1.0,1.0,1.0,1.0,0.0,0.0,0.0,1.0,0.0,0.0,1.0,1.0,1.0,0.0,0.0,1.0,0.0,1.0,0.0,1.0,1.0,1.0,1.0,1.0,0.0,1.0,0.0,0.0,1.0,0.0,1.0,0.0,1.0,1.0,0.0,1.0,1.0,1.0,1.0,1.0,1.0,1.0,0.0,1.0,0.0,1.0,1.0,1.0,1.0,1.0,1.0,1.0,0.0,1.0,1.0,1.0,0.0,1.0,1.0,1.0,0.0,0.0,1.0,0.0,1.0,0.0,0.0,0.0,0.0,1.0,0.0,0.0,0.0,0.0,0.0,0.0,1.0,0.0,0.0,0.0,1.0,1.0,0.0,0.0,0.0,0.0,1.0,1.0,1.0,0.0,0.0,1.0,0.0,0.0,1.0,1.0,1.0,1.0,1.0,0.0,0.0,0.0,1.0,0.0,0.0,0.0,1.0,1.0,0.0,0.0,1.0,0.0,1.0,0.0,0.0,0.0,0.0,0.0,0.0,0.0,0.0,0.0,0.0,0.0,1.0,0.0,0.0,0.0,1.0,1.0,0.0,0.0,0.0,0.0,1.0,1.0,0.0,0.0,0.0,1.0,0.0,0.0,1.0,1.0,1.0,1.0,1.0,0.0,0.0,0.0,1.0,0.0,0.0,0.0,0.0,1.0,0.0,0.0,0.0,0.0,0.0,0.0,0.0,0.0,0.0,0.0,0.0,0.0,0.0,0.0,0.0,0.0,1.0,0.0,0.0,0.0,0.0,1.0,0.0,0.0,0.0,0.0,1.0,0.0,0.0,0.0,0.0,1.0,0.0,0.0,0.0,0.0,0.0,1.0,0.0,0.0,0.0,0.0,0.0,0.0,0.0,0.0,0.0,0.0,0.0,0.0,0.0,1.0,1.0,1.0,0.0,0.0,0.0,0.0,0.0,0.0,0.0,0.0,1.0,0.0,1.0,0.0,1.0,0.0,0.0,0.0,0.0,0.0,1.0,0.0,0.0,1.0,0.0,1.0,0.0,0.0,0.0,0.0,0.0,1.0,0.0,0.0,1.0,0.0,1.0,1.0,0.0,1.0,0.0,0.0,1.0,0.0,1.0,0.0,0.0,1.0,1.0,1.0,1.0,0.0,0.0,0.0,0.0,0.0,0.0,1.0,1.0,0.0,1.0,0.0,1.0,1.0,1.0,1.0,0.0,1.0,1.0,0.0,0.0,1.0,0.0,1.0,0.0,0.0,0.0,1.0,0.0,1.0,1.0,1.0,1.0,0.0,1.0,1.0,0.0,1.0,0.0,1.0,1.0,1.0,1.0,1.0,0.0,1.0,1.0,1.0,1.0,0.0,1.0,1.0,0.0,0.0,1.0,1.0,0.0,1.0,1.0,1.0,1.0,1.0,1.0,1.0,1.0,1.0,0.0,0.0,1.0,0.0,1.0,1.0,1.0,1.0,1.0,1.0,1.0,1.0,1.0,1.0,1.0,1.0,1.0,0.0,1.0,1.0,1.0,1.0,1.0,0.0,0.0,0.0,0.0,1.0,1.0,0.0,0.0,0.0,0.0,0.0,0.0,0.0,0.0,1.0,0.0,1.0,0.0,1.0,0.0,0.0,0.0,0.0,0.0,1.0,0.0,0.0,1.0,0.0,1.0,0.0,0.0,0.0,0.0,0.0,1.0,0.0,0.0,1.0,0.0,1.0,1.0,0.0,0.0,0.0,0.0,1.0,0.0,0.0,0.0,0.0,0.0,0.0,0.0,0.0,0.0,0.0,0.0,0.0,0.0,0.0,0.0,0.0,0.0,0.0,0.0,0.0,0.0,0.0,0.0,0.0,0.0,0.0,0.0,0.0,1.0,0.0,0.0,0.0,0.0,0.0,0.0,0.0,0.0,0.0,0.0,1.0,0.0,0.0,0.0,0.0,0.0,0.0,0.0,0.0,0.0,0.0,0.0,0.0,0.0,1.0,0.0,0.0,0.0,0.0,0.0,0.0,0.0,0.0,0.0,1.0,0.0,1.0,0.0,1.0,0.0,0.0,0.0,0.0,0.0,1.0,0.0,0.0,1.0,0.0,0.0,0.0,0.0,0.0,0.0,0.0,0.0,0.0,0.0,1.0,0.0,1.0,0.0,0.0,0.0,0.0,0.0,0.0,0.0,1.0,0.0,0.0,1.0,1.0,1.0,0.0,0.0,0.0,0.0,0.0,0.0,0.0,0.0,1.0,0.0,1.0,0.0,1.0,1.0,1.0,0.0,0.0,1.0,1.0,0.0,0.0,1.0,0.0,1.0,0.0,0.0,0.0,0.0,0.0,1.0,1.0,0.0,1.0,0.0,1.0,1.0,0.0,1.0,0.0,1.0,1.0,0.0,1.0,1.0,1.0,1.0,1.0,1.0,1.0,0.0,1.0,1.0,1.0,1.0,1.0,1.0,1.0,1.0,1.0,1.0,1.0,1.0,1.0,1.0,1.0,1.0,1.0,1.0,1.0,1.0,1.0,1.0,1.0,1.0,1.0,1.0,1.0,1.0,1.0,1.0,1.0,1.0,1.0,1.0,1.0,1.0,0.0,1.0,1.0,1.0,1.0,0.0,0.0,0.0,0.0,0.0,0.0,1.0,1.0,0.0,1.0,0.0,1.0,1.0,1.0,1.0,0.0,1.0,1.0,0.0,0.0,1.0,0.0,1.0,1.0,0.0,1.0,1.0,0.0,1.0,1.0,1.0,1.0,0.0,1.0,1.0,0.0,1.0,0.0,1.0,1.0,1.0,1.0,1.0,0.0,1.0,1.0,1.0,1.0,0.0,1.0,0.0,0.0,0.0,0.0,1.0,1.0,0.0,1.0,0.0,1.0,1.0,1.0,1.0,0.0,1.0,1.0,0.0,0.0,1.0,0.0,1.0,1.0,1.0,1.0,1.0,0.0,1.0,1.0,1.0,1.0,0.0,1.0,1.0,0.0,1.0,0.0,1.0,1.0,1.0,1.0,1.0,1.0,1.0,1.0,1.0,1.0,1.0,1.0,1.0,1.0,1.0,1.0,1.0,1.0,1.0,1.0,1.0,1.0,1.0,1.0,1.0,1.0,1.0,1.0,1.0,1.0,1.0,1.0,1.0,1.0,1.0,1.0,1.0,1.0,1.0,1.0,1.0,1.0,1.0,1.0,1.0,1.0,1.0,1.0,1.0,1.0,1.0,1.0,1.0,1.0,1.0,1.0,1.0,1.0,1.0,1.0,1.0,1.0,1.0,1.0,1.0,1.0,1.0,1.0,1.0,1.0,1.0,1.0,1.0,1.0,1.0,1.0,1.0,1.0,1.0,1.0,1.0,1.0,1.0,1.0,1.0,1.0,1.0,1.0,1.0,1.0,1.0,1.0,1.0,1.0,1.0,1.0,1.0,1.0,1.0,1.0,1.0,1.0,1.0,1.0,1.0,1.0,1.0,1.0,1.0,1.0,1.0,1.0,1.0,1.0,1.0,1.0,1.0,1.0,1.0,0.0,0.0,1.0,1.0,1.0,1.0,0.0,0.0,0.0,0.0,0.0,0.0,0.0,1.0,0.0,1.0,0.0,1.0,1.0,1.0,1.0,0.0,1.0,1.0,0.0,0.0,1.0,0.0,1.0,0.0,0.0,0.0,1.0,0.0,1.0,1.0,1.0,1.0,0.0,1.0,1.0,0.0,1.0,0.0,1.0,1.0,1.0,0.0,0.0,0.0,0.0,1.0,0.0,0.0,0.0,0.0,0.0,0.0,0.0,0.0,0.0,0.0,0.0,0.0,0.0,0.0,0.0,0.0,0.0,0.0,0.0,1.0,0.0,0.0,1.0,0.0,0.0,0.0,0.0,0.0,0.0,0.0,0.0,0.0,0.0,1.0,0.0,0.0,0.0,0.0,0.0,0.0,0.0,0.0,0.0,1.0,1.0,1.0,1.0,1.0,1.0,1.0,1.0,1.0,1.0,1.0,1.0,1.0,1.0,1.0,1.0,1.0,1.0,1.0,1.0,1.0,1.0,1.0,1.0,1.0,1.0,1.0,1.0,1.0,1.0,1.0,1.0,1.0,1.0,1.0,1.0,1.0,1.0,1.0,1.0,0.0,0.0,0.0,0.0,1.0,0.0,0.0,0.0,0.0,0.0,0.0,0.0,0.0,0.0,1.0,0.0,0.0,0.0,1.0,0.0,0.0,0.0,0.0,0.0,1.0,0.0,0.0,1.0,0.0,0.0,0.0,0.0,0.0,0.0,0.0,0.0,0.0,0.0,1.0,0.0,0.0,0.0,0.0,0.0,0.0,0.0,0.0,0.0,1.0,1.0,0.0,1.0,1.0,1.0,1.0,0.0,1.0,1.0,0.0,0.0,0.0,1.0,1.0,0.0,1.0,0.0,1.0,1.0,1.0,1.0,0.0,1.0,1.0,0.0,0.0,1.0,0.0,1.0,1.0,1.0,1.0,1.0,0.0,1.0,1.0,1.0,1.0,0.0,1.0,1.0,0.0,1.0,1.0,1.0,1.0,1.0,0.0,0.0,0.0,0.0,1.0,0.0,0.0,0.0,0.0,0.0,0.0,0.0,0.0,0.0,1.0,0.0,0.0,0.0,0.0,0.0,0.0,0.0,0.0,0.0,1.0,0.0,0.0,1.0,0.0,0.0,0.0,0.0,0.0,0.0,0.0,0.0,0.0,0.0,1.0,0.0,0.0,0.0,0.0,0.0,0.0,0.0,0.0,0.0,1.0,0.0,0.0,1.0,1.0,1.0,0.0,0.0,0.0,0.0,0.0,0.0,0.0,0.0,1.0,0.0,1.0,0.0,1.0,0.0,1.0,0.0,0.0,0.0,1.0,0.0,0.0,1.0,0.0,1.0,0.0,0.0,0.0,0.0,0.0,1.0,1.0,0.0,1.0,0.0,1.0,1.0,0.0,1.0,0.0,1.0,1.0,0.0,1.0,0.0,0.0,1.0,1.0,1.0,0.0,0.0,0.0,0.0,0.0,0.0,0.0,0.0,1.0,0.0,1.0,0.0,1.0,0.0,0.0,0.0,0.0,0.0,1.0,0.0,0.0,1.0,0.0,1.0,0.0,0.0,0.0,0.0,0.0,1.0,0.0,0.0,1.0,0.0,1.0,1.0,0.0,1.0,0.0,0.0,1.0,0.0,1.0,0.0,0.0,1.0,1.0,1.0,1.0,0.0,0.0,0.0,0.0,0.0,0.0,0.0,1.0,0.0,1.0,0.0,1.0,1.0,1.0,0.0,0.0,1.0,1.0,0.0,0.0,1.0,0.0,1.0,0.0,0.0,0.0,1.0,0.0,1.0,1.0,1.0,1.0,0.0,1.0,1.0,0.0,1.0,0.0,1.0,1.0,0.0,1.0,1.0,0.0,1.0,1.0,1.0,1.0,0.0,1.0,1.0,0.0,0.0,1.0,1.0,0.0,1.0,1.0,1.0,1.0,1.0,1.0,0.0,1.0,1.0,0.0,0.0,1.0,0.0,1.0,1.0,1.0,1.0,1.0,0.0,1.0,1.0,1.0,1.0,0.0,1.0,1.0,0.0,1.0,1.0,1.0,1.0,1.0,1.0,0.0,0.0,1.0,1.0,1.0,0.0,0.0,0.0,0.0,0.0,0.0,0.0,0.0,1.0,0.0,1.0,0.0,1.0,1.0,1.0,0.0,0.0,0.0,1.0,0.0,0.0,1.0,0.0,1.0,0.0,0.0,0.0,0.0,0.0,1.0,1.0,0.0,1.0,0.0,1.0,1.0,0.0,1.0,0.0,1.0,1.0,0.0,0.0,0.0,0.0,0.0,1.0,0.0,0.0,0.0,0.0,0.0,0.0,0.0,0.0,0.0,0.0,0.0,0.0,0.0,0.0,0.0,0.0,0.0,0.0,0.0,0.0,0.0,0.0,1.0,0.0,0.0,0.0,0.0,0.0,0.0,0.0,0.0,0.0,0.0,1.0,0.0,0.0,0.0,0.0,0.0,0.0,0.0,0.0,0.0,1.0,1.0,1.0,1.0,1.0,1.0,1.0,0.0,1.0,1.0,1.0,1.0,1.0,1.0,1.0,1.0,1.0,1.0,1.0,1.0,1.0,0.0,1.0,1.0,0.0,1.0,1.0,1.0,1.0,1.0,1.0,1.0,1.0,1.0,1.0,1.0,1.0,1.0,0.0,1.0,1.0,1.0,1.0,1.0,1.0,1.0,1.0,1.0,1.0,1.0,1.0,0.0,1.0,1.0,0.0,0.0,1.0,1.0,0.0,1.0,1.0,1.0,1.0,1.0,1.0,1.0,1.0,1.0,0.0,0.0,1.0,0.0,1.0,1.0,1.0,1.0,1.0,1.0,1.0,1.0,1.0,1.0,1.0,1.0,1.0,0.0,1.0,1.0,1.0,1.0,1.0,0.0,0.0,0.0,0.0,0.0,0.0,0.0,0.0,0.0,0.0,0.0,0.0,0.0,0.0,0.0,0.0,0.0,0.0,0.0,0.0,0.0,0.0,0.0,0.0,0.0,0.0,0.0,0.0,0.0,0.0,0.0,0.0,0.0,0.0,0.0,0.0,0.0,0.0,1.0,0.0,0.0,0.0,0.0,0.0,0.0,0.0,0.0,0.0,1.0,1.0,1.0,1.0,1.0,1.0,1.0,1.0,1.0,1.0,1.0,1.0,1.0,1.0,1.0,1.0,1.0,1.0,1.0,1.0,1.0,1.0,1.0,1.0,1.0,1.0,1.0,1.0,1.0,1.0,1.0,1.0,1.0,1.0,1.0,1.0,1.0,1.0,1.0,1.0,1.0,0.0,0.0,0.0,0.0,1.0,1.0,0.0,0.0,0.0,0.0,0.0,0.0,0.0,0.0,1.0,0.0,1.0,0.0,1.0,0.0,0.0,0.0,0.0,0.0,1.0,0.0,0.0,1.0,0.0,0.0,0.0,0.0,0.0,0.0,0.0,0.0,0.0,0.0,1.0,0.0,1.0,0.0,0.0,0.0,0.0,0.0,0.0,0.0,1.0,1.0,0.0,1.0,1.0,1.0,1.0,0.0,0.0,0.0,0.0,0.0,0.0,1.0,1.0,0.0,1.0,0.0,1.0,1.0,1.0,1.0,0.0,1.0,1.0,0.0,0.0,1.0,0.0,1.0,0.0,0.0,1.0,1.0,0.0,1.0,1.0,1.0,1.0,0.0,1.0,1.0,0.0,1.0,0.0,1.0,1.0,1.0,1.0,1.0,0.0,1.0,1.0,1.0,1.0,0.0,1.0,0.0,0.0,0.0,0.0,1.0,1.0,0.0,1.0,0.0,1.0,1.0,1.0,1.0,0.0,1.0,1.0,0.0,0.0,1.0,0.0,1.0,1.0,0.0,1.0,1.0,0.0,1.0,1.0,1.0,1.0,0.0,1.0,1.0,0.0,1.0,0.0,1.0,1.0,1.0,1.0,1.0,0.0,1.0,1.0,1.0,1.0,0.0,0.0,0.0,0.0,0.0,0.0,1.0,1.0,0.0,1.0,0.0,1.0,1.0,1.0,1.0,0.0,1.0,1.0,0.0,0.0,1.0,0.0,1.0,0.0,0.0,0.0,1.0,0.0,1.0,1.0,1.0,1.0,0.0,1.0,1.0,0.0,1.0,0.0,1.0,1.0,1.0,1.0,0.0,0.0,1.0,1.0,1.0,1.0,0.0,0.0,0.0,0.0,0.0,0.0,0.0,1.0,0.0,1.0,0.0,1.0,1.0,1.0,0.0,0.0,1.0,1.0,0.0,0.0,1.0,0.0,1.0,0.0,0.0,0.0,0.0,0.0,1.0,1.0,0.0,1.0,0.0,1.0,1.0,0.0,1.0,0.0,1.0,1.0,0.0,1.0,1.0,0.0,1.0,1.0,1.0,1.0,0.0,1.0,1.0,0.0,0.0,1.0,1.0,0.0,1.0,1.0,1.0,1.0,1.0,1.0,1.0,1.0,1.0,0.0,0.0,1.0,0.0,1.0,1.0,1.0,1.0,1.0,0.0,1.0,1.0,1.0,1.0,1.0,1.0,1.0,0.0,1.0,1.0,1.0,1.0,1.0,0.0,0.0,0.0,0.0,1.0,1.0,0.0,0.0,0.0,0.0,0.0,0.0,0.0,0.0,1.0,0.0,1.0,0.0,1.0,0.0,0.0,0.0,0.0,0.0,1.0,0.0,0.0,1.0,0.0,1.0,0.0,0.0,0.0,0.0,0.0,0.0,0.0,0.0,1.0,0.0,1.0,0.0,0.0,0.0,0.0,0.0,0.0,0.0,1.0,0.0,0.0,1.0,1.0,1.0,0.0,0.0,0.0,0.0,0.0,0.0,0.0,0.0,1.0,0.0,1.0,0.0,1.0,0.0,1.0,0.0,0.0,0.0,1.0,0.0,0.0,1.0,0.0,1.0,0.0,0.0,0.0,0.0,0.0,1.0,0.0,0.0,1.0,0.0,1.0,1.0,0.0,1.0,0.0,1.0,1.0,0.0,1.0,0.0,0.0,1.0,1.0,1.0,1.0,0.0,0.0,0.0,0.0,0.0,0.0,0.0,1.0,0.0,1.0,0.0,1.0,1.0,1.0,0.0,0.0,1.0,1.0,0.0,0.0,1.0,0.0,1.0,0.0,0.0,0.0,1.0,0.0,1.0,1.0,0.0,1.0,0.0,1.0,1.0,0.0,1.0,0.0,1.0,1.0,0.0,0.0,0.0,0.0,0.0,0.0,0.0,0.0,0.0,0.0,0.0,0.0,0.0,0.0,0.0,0.0,0.0,0.0,0.0,0.0,0.0,0.0,0.0,0.0,0.0,0.0,0.0,0.0,0.0,0.0,0.0,0.0,0.0,0.0,0.0,0.0,0.0,0.0,0.0,0.0,0.0,0.0,0.0,0.0,0.0,0.0,0.0,0.0,0.0,1.0,1.0,0.0,1.0,1.0,1.0,1.0,0.0,1.0,1.0,0.0,0.0,1.0,1.0,0.0,1.0,1.0,1.0,1.0,1.0,1.0,1.0,1.0,1.0,0.0,0.0,1.0,0.0,1.0,1.0,1.0,1.0,1.0,0.0,1.0,1.0,1.0,1.0,0.0,1.0,1.0,0.0,1.0,1.0,1.0,1.0,1.0,0.0,0.0,0.0,0.0,1.0,0.0,0.0,0.0,0.0,0.0,0.0,0.0,0.0,0.0,1.0,0.0,1.0,0.0,1.0,0.0,0.0,0.0,0.0,0.0,1.0,0.0,0.0,1.0,0.0,0.0,0.0,0.0,0.0,0.0,0.0,0.0,0.0,0.0,1.0,0.0,0.0,0.0,0.0,0.0,0.0,0.0,0.0,0.0,0.0,0.0,0.0,0.0,1.0,1.0,0.0,0.0,0.0,0.0,0.0,0.0,0.0,0.0,1.0,0.0,1.0,0.0,1.0,0.0,0.0,0.0,0.0,0.0,1.0,0.0,0.0,1.0,0.0,1.0,0.0,0.0,0.0,0.0,0.0,1.0,0.0,0.0,1.0,0.0,1.0,0.0,0.0,0.0,0.0,0.0,0.0,0.0,1.0,1.0,1.0,1.0,1.0,1.0,1.0,1.0,1.0,1.0,1.0,1.0,1.0,1.0,1.0,1.0,1.0,1.0,1.0,1.0,1.0,1.0,1.0,1.0,1.0,1.0,1.0,1.0,1.0,1.0,1.0,1.0,1.0,1.0,1.0,1.0,1.0,1.0,1.0,1.0,1.0,0.0,0.0,0.0,1.0,1.0,1.0,0.0,0.0,0.0,0.0,0.0,0.0,0.0,0.0,1.0,0.0,1.0,0.0,1.0,0.0,0.0,0.0,0.0,0.0,1.0,0.0,0.0,1.0,0.0,1.0,0.0,0.0,0.0,0.0,0.0,1.0,0.0,0.0,1.0,0.0,1.0,1.0,0.0,0.0,0.0,0.0,1.0,0.0,1.0,1.0,0.0,1.0,1.0,1.0,1.0,0.0,1.0,1.0,0.0,0.0,0.0,1.0,1.0,0.0,1.0,0.0,1.0,1.0,1.0,1.0,0.0,1.0,1.0,0.0,0.0,1.0,0.0,1.0,1.0,1.0,1.0,1.0,0.0,1.0,1.0,1.0,1.0,0.0,1.0,1.0,0.0,1.0,0.0,1.0,1.0,1.0,1.0,0.0,0.0,1.0,1.0,1.0,0.0,0.0,0.0,0.0,0.0,0.0,0.0,0.0,1.0,0.0,1.0,0.0,1.0,0.0,0.0,0.0,0.0,0.0,1.0,0.0,0.0,1.0,0.0,1.0,0.0,0.0,0.0,0.0,0.0,1.0,0.0,0.0,1.0,0.0,1.0,1.0,0.0,1.0,0.0,0.0,1.0,0.0,0.0,0.0,0.0,0.0,1.0,1.0,0.0,0.0,0.0,0.0,0.0,0.0,0.0,0.0,1.0,0.0,1.0,0.0,1.0,0.0,0.0,0.0,0.0,0.0,1.0,0.0,0.0,1.0,0.0,1.0,0.0,0.0,0.0,0.0,0.0,1.0,0.0,0.0,1.0,0.0,1.0,1.0,0.0,0.0,0.0,0.0,0.0,0.0,1.0,0.0,0.0,1.0,1.0,1.0,1.0,0.0,0.0,0.0,0.0,0.0,0.0,0.0,1.0,0.0,1.0,0.0,1.0,1.0,1.0,1.0,0.0,1.0,1.0,0.0,0.0,1.0,0.0,1.0,0.0,0.0,0.0,1.0,0.0,1.0,1.0,1.0,1.0,0.0,1.0,1.0,0.0,1.0,0.0,1.0,1.0,0.0,0.0,0.0,0.0,0.0,0.0,0.0,0.0,0.0,0.0,0.0,0.0,0.0,0.0,0.0,0.0,0.0,0.0,0.0,0.0,0.0,0.0,0.0,0.0,0.0,0.0,1.0,0.0,0.0,0.0,0.0,0.0,0.0,0.0,1.0,0.0,0.0,0.0,0.0,0.0,0.0,0.0,0.0,0.0,0.0,0.0,0.0,0.0,0.0,1.0,0.0,0.0,1.0,0.0,0.0,0.0,0.0,0.0,0.0,0.0,0.0,0.0,0.0,0.0,0.0,0.0,0.0,0.0,0.0,0.0,1.0,0.0,0.0,0.0,1.0,0.0,0.0,0.0,0.0,0.0,0.0,1.0,1.0,0.0,0.0,0.0,0.0,0.0,0.0,0.0,0.0,1.0,1.0,0.0,0.0,0.0,1.0,1.0,1.0,0.0,1.0,0.0,0.0,1.0,1.0,0.0,0.0,0.0,0.0,0.0,0.0,0.0,0.0,0.0,0.0,0.0,0.0,0.0,1.0,1.0,1.0,0.0,1.0,0.0,1.0,0.0,0.0,0.0,0.0,1.0,1.0,1.0,1.0,0.0,0.0,0.0,0.0,0.0,1.0,1.0,1.0,0.0,0.0,0.0,1.0,1.0,0.0,0.0,0.0,0.0,0.0,0.0,0.0,0.0,0.0,0.0,0.0,0.0,0.0,0.0,0.0,0.0,0.0,0.0,0.0,0.0,0.0,0.0,0.0,0.0,1.0,0.0,0.0,0.0,0.0,0.0,0.0,0.0,1.0,0.0,0.0,0.0,0.0,0.0,0.0,0.0,0.0,0.0,0.0,0.0,0.0,0.0,1.0,1.0,1.0,1.0,1.0,1.0,1.0,1.0,1.0,1.0,1.0,1.0,1.0,1.0,1.0,1.0,1.0,1.0,1.0,1.0,1.0,1.0,1.0,1.0,1.0,1.0,1.0,1.0,1.0,1.0,1.0,1.0,1.0,1.0,1.0,1.0,1.0,1.0,1.0,1.0,1.0,1.0,1.0,0.0,0.0,1.0,1.0,1.0,0.0,1.0,0.0,0.0,1.0,0.0,0.0,1.0,0.0,1.0,1.0,0.0,1.0,1.0,1.0,1.0,1.0,1.0,1.0,0.0,1.0,0.0,1.0,1.0,1.0,1.0,1.0,1.0,1.0,1.0,1.0,0.0,1.0,1.0,1.0,1.0,0.0,1.0,1.0,1.0,1.0,0.0,1.0,0.0,0.0,0.0,0.0,0.0,0.0,0.0,0.0,0.0,0.0,0.0,0.0,0.0,0.0,0.0,0.0,0.0,1.0,1.0,1.0,0.0,1.0,0.0,0.0,0.0,0.0,0.0,0.0,1.0,1.0,0.0,0.0,0.0,0.0,0.0,0.0,0.0,0.0,1.0,1.0,0.0,0.0,0.0,1.0,1.0,1.0,0.0,1.0,0.0,0.0,1.0,0.0,0.0,0.0,0.0,0.0,0.0,0.0,0.0,0.0,0.0,0.0,0.0,0.0,0.0,1.0,1.0,1.0,0.0,1.0,0.0,1.0,0.0,0.0,0.0,0.0,1.0,1.0,0.0,1.0,0.0,0.0,0.0,0.0,0.0,1.0,1.0,1.0,0.0,0.0,0.0,1.0,1.0,1.0,1.0,1.0,0.0,0.0,1.0,1.0,0.0,0.0,1.0,0.0,0.0,1.0,0.0,0.0,1.0,0.0,0.0,1.0,0.0,1.0,1.0,1.0,0.0,1.0,1.0,1.0,0.0,1.0,0.0,1.0,1.0,1.0,1.0,1.0,1.0,1.0,1.0,0.0,0.0,1.0,1.0,1.0,1.0,0.0,1.0,1.0,1.0,1.0,1.0,1.0,1.0,1.0,1.0,1.0,0.0,1.0,1.0,1.0,1.0,1.0,1.0,1.0,1.0,1.0,1.0,1.0,1.0,1.0,1.0,1.0,1.0,1.0,1.0,1.0,1.0,1.0,1.0,1.0,1.0,1.0,1.0,1.0,1.0,1.0,1.0,1.0,1.0,1.0,1.0,1.0,1.0,1.0,1.0,1.0,0.0,0.0,1.0,1.0,0.0,0.0,0.0,0.0,0.0,0.0,0.0,0.0,1.0,0.0,0.0,1.0,0.0,1.0,1.0,1.0,0.0,1.0,1.0,1.0,0.0,0.0,0.0,1.0,1.0,1.0,1.0,1.0,0.0,1.0,1.0,0.0,0.0,1.0,1.0,1.0,1.0,0.0,1.0,1.0,1.0,1.0,1.0,1.0,0.0,1.0,1.0,1.0,1.0,0.0,1.0,0.0,0.0,1.0,0.0,0.0,1.0,0.0,1.0,1.0,0.0,1.0,1.0,1.0,1.0,1.0,1.0,1.0,0.0,1.0,0.0,1.0,1.0,1.0,1.0,1.0,1.0,1.0,1.0,1.0,0.0,1.0,1.0,1.0,1.0,0.0,1.0,1.0,1.0,1.0,1.0,1.0,1.0,1.0,1.0,1.0,0.0,1.0,1.0,0.0,1.0,0.0,0.0,1.0,0.0,1.0,1.0,0.0,1.0,1.0,1.0,1.0,1.0,1.0,1.0,0.0,1.0,0.0,1.0,1.0,1.0,1.0,1.0,1.0,1.0,1.0,1.0,1.0,1.0,1.0,1.0,1.0,1.0,1.0,1.0,1.0,1.0,1.0,0.0,0.0,1.0,1.0,0.0,0.0,1.0,0.0,0.0,0.0,0.0,0.0,1.0,0.0,0.0,1.0,0.0,1.0,1.0,1.0,0.0,1.0,1.0,1.0,0.0,1.0,0.0,1.0,1.0,1.0,1.0,1.0,1.0,1.0,1.0,0.0,0.0,1.0,1.0,1.0,1.0,0.0,1.0,1.0,1.0,1.0,1.0,1.0,1.0,1.0,1.0,1.0,0.0,1.0,1.0,1.0,1.0,0.0,1.0,1.0,1.0,1.0,1.0,1.0,1.0,1.0,1.0,1.0,1.0,1.0,1.0,1.0,0.0,1.0,1.0,1.0,1.0,1.0,1.0,1.0,1.0,1.0,1.0,1.0,1.0,1.0,1.0,1.0,1.0,1.0,1.0,1.0,1.0,1.0,1.0,1.0,1.0,0.0,1.0,1.0,1.0,1.0,0.0,0.0,1.0,1.0,1.0,1.0,1.0,1.0,1.0,1.0,1.0,1.0,1.0,1.0,1.0,0.0,1.0,1.0,1.0,1.0,1.0,1.0,1.0,1.0,1.0,1.0,1.0,1.0,1.0,1.0,1.0,1.0,1.0,1.0,1.0,1.0,0.0,0.0,1.0,1.0,0.0,0.0,0.0,0.0,0.0,0.0,0.0,0.0,0.0,0.0,0.0,0.0,0.0,1.0,1.0,1.0,0.0,1.0,0.0,1.0,0.0,0.0,0.0,0.0,1.0,1.0,1.0,1.0,0.0,0.0,0.0,0.0,0.0,1.0,1.0,1.0,0.0,0.0,0.0,1.0,1.0,1.0,1.0,1.0,1.0,1.0,1.0,1.0,0.0,1.0,1.0,1.0,1.0,0.0,0.0,1.0,0.0,1.0,1.0,1.0,1.0,1.0,1.0,1.0,1.0,1.0,1.0,1.0,0.0,1.0,1.0,1.0,1.0,1.0,1.0,1.0,1.0,1.0,1.0,1.0,1.0,1.0,1.0,1.0,1.0,1.0,1.0,1.0,1.0,0.0,0.0,1.0,1.0,1.0,0.0,1.0,0.0,0.0,1.0,0.0,0.0,1.0,0.0,0.0,1.0,0.0,1.0,1.0,1.0,0.0,1.0,1.0,1.0,0.0,1.0,0.0,1.0,1.0,1.0,1.0,1.0,1.0,1.0,1.0,1.0,0.0,1.0,1.0,1.0,1.0,0.0,1.0,1.0,1.0,1.0,1.0,1.0,0.0,0.0,1.0,1.0,0.0,0.0,0.0,0.0,0.0,0.0,0.0,0.0,1.0,0.0,0.0,0.0,0.0,1.0,1.0,1.0,0.0,1.0,0.0,1.0,0.0,0.0,0.0,1.0,1.0,1.0,1.0,1.0,0.0,0.0,0.0,0.0,0.0,1.0,1.0,1.0,0.0,0.0,1.0,1.0,1.0,1.0,1.0,1.0,1.0,1.0,1.0,1.0,1.0,1.0,1.0,1.0,1.0,1.0,1.0,1.0,1.0,1.0,1.0,1.0,1.0,1.0,1.0,1.0,1.0,1.0,1.0,1.0,1.0,1.0,1.0,1.0,1.0,1.0,1.0,1.0,1.0,1.0,1.0,1.0,0.0,0.0,1.0,0.0,0.0,0.0,0.0,0.0,0.0,0.0,0.0,0.0,0.0,0.0,0.0,0.0,0.0,0.0,0.0,0.0,0.0,0.0,0.0,0.0,1.0,0.0,0.0,0.0,0.0,0.0,0.0,0.0,1.0,0.0,0.0,0.0,0.0,0.0,0.0,0.0,0.0,0.0,0.0,0.0,0.0,0.0,1.0,1.0,1.0,0.0,1.0,0.0,0.0,0.0,0.0,0.0,0.0,0.0,0.0,0.0,0.0,0.0,0.0,0.0,0.0,0.0,0.0,0.0,1.0,0.0,1.0,0.0,1.0,0.0,0.0,0.0,0.0,0.0,0.0,1.0,1.0,0.0,0.0,0.0,0.0,0.0,0.0,0.0,0.0,1.0,1.0,0.0,0.0,0.0,1.0,1.0,0.0,0.0,1.0,0.0,0.0,0.0,0.0,0.0,0.0,0.0,0.0,0.0,0.0,0.0,0.0,0.0,0.0,0.0,0.0,0.0,1.0,0.0,0.0,0.0,1.0,0.0,0.0,0.0,0.0,0.0,0.0,1.0,1.0,0.0,0.0,0.0,0.0,0.0,0.0,0.0,0.0,1.0,1.0,0.0,0.0,0.0,1.0,1.0,1.0,1.0,1.0,0.0,0.0,1.0,1.0,1.0,0.0,1.0,0.0,0.0,1.0,0.0,0.0,1.0,0.0,1.0,1.0,0.0,1.0,1.0,1.0,0.0,1.0,1.0,1.0,0.0,1.0,0.0,1.0,1.0,1.0,1.0,1.0,1.0,1.0,1.0,1.0,0.0,1.0,1.0,1.0,1.0,0.0,1.0,1.0,0.0,0.0,0.0,0.0,0.0,0.0,0.0,0.0,0.0,0.0,0.0,0.0,0.0,0.0,0.0,0.0,0.0,0.0,0.0,0.0,0.0,0.0,0.0,0.0,0.0,0.0,0.0,0.0,0.0,0.0,0.0,0.0,0.0,0.0,0.0,0.0,0.0,0.0,0.0,0.0,0.0,0.0,0.0,0.0,0.0,0.0,0.0,0.0,1.0,1.0,1.0,1.0,0.0,0.0,1.0,1.0,0.0,0.0,0.0,0.0,0.0,0.0,0.0,0.0,1.0,0.0,0.0,1.0,0.0,1.0,1.0,1.0,0.0,1.0,0.0,1.0,0.0,0.0,0.0,1.0,1.0,1.0,1.0,1.0,0.0,0.0,0.0,0.0,0.0,1.0,1.0,1.0,0.0,0.0,1.0,1.0,1.0,1.0,0.0,1.0,0.0,0.0,1.0,0.0,0.0,0.0,0.0,0.0,0.0,0.0,0.0,0.0,0.0,0.0,0.0,0.0,0.0,1.0,1.0,1.0,0.0,1.0,0.0,0.0,0.0,0.0,0.0,0.0,1.0,1.0,0.0,0.0,0.0,0.0,0.0,0.0,0.0,0.0,1.0,1.0,0.0,0.0,0.0,1.0,1.0,1.0,1.0,1.0,1.0,1.0,1.0,1.0,0.0,1.0,1.0,1.0,1.0,0.0,0.0,1.0,0.0,1.0,1.0,1.0,1.0,1.0,1.0,1.0,1.0,1.0,0.0,1.0,0.0,1.0,1.0,1.0,1.0,1.0,1.0,1.0,1.0,1.0,1.0,1.0,1.0,1.0,1.0,1.0,1.0,1.0,1.0,1.0,1.0,0.0,0.0,1.0,1.0,0.0,0.0,1.0,0.0,0.0,0.0,0.0,0.0,1.0,0.0,0.0,1.0,0.0,1.0,1.0,1.0,0.0,1.0,1.0,1.0,0.0,0.0,0.0,1.0,1.0,1.0,1.0,1.0,1.0,1.0,1.0,0.0,0.0,1.0,1.0,1.0,1.0,0.0,1.0,1.0,1.0,1.0,1.0,1.0,1.0,1.0,1.0,1.0,1.0,1.0,1.0,1.0,1.0,1.0,1.0,1.0,1.0,1.0,1.0,1.0,1.0,1.0,1.0,1.0,1.0,1.0,1.0,1.0,1.0,1.0,1.0,1.0,1.0,1.0,1.0,1.0,1.0,1.0,1.0,1.0,1.0,1.0,1.0,1.0,1.0,1.0,1.0,0.0,0.0,1.0,1.0,0.0,0.0,0.0,0.0,0.0,0.0,0.0,0.0,1.0,0.0,0.0,0.0,0.0,1.0,1.0,1.0,0.0,1.0,0.0,1.0,0.0,0.0,0.0,0.0,1.0,1.0,1.0,1.0,0.0,0.0,0.0,0.0,0.0,1.0,1.0,1.0,0.0,0.0,0.0,1.0,1.0,0.0,0.0,1.0,0.0,0.0,0.0,0.0,0.0,0.0,0.0,0.0,0.0,0.0,0.0,0.0,0.0,0.0,0.0,0.0,0.0,1.0,0.0,0.0,0.0,1.0,0.0,0.0,0.0,0.0,0.0,0.0,0.0,1.0,0.0,0.0,0.0,0.0,0.0,0.0,0.0,0.0,0.0,0.0,0.0,0.0,0.0,1.0,0.0,0.0,0.0,0.0,0.0,0.0,0.0,0.0,0.0,0.0,0.0,0.0,0.0,0.0,0.0,0.0,0.0,0.0,0.0,0.0,0.0,0.0,0.0,0.0,0.0,0.0,0.0,0.0,0.0,0.0,0.0,0.0,0.0,0.0,0.0,0.0,0.0,0.0,0.0,0.0,0.0,0.0,0.0,0.0,0.0,0.0,0.0,0.0,1.0,1.0,0.0,1.0,0.0,0.0,1.0,1.0,0.0,0.0,0.0,0.0,0.0,0.0,0.0,0.0,0.0,0.0,0.0,0.0,0.0,1.0,1.0,1.0,0.0,1.0,0.0,1.0,0.0,0.0,0.0,0.0,1.0,1.0,0.0,1.0,0.0,0.0,0.0,0.0,0.0,1.0,1.0,1.0,0.0,0.0,0.0,1.0,1.0,1.0,0.0,1.0,0.0,0.0,1.0,0.0,0.0,0.0,0.0,0.0,0.0,0.0,0.0,0.0,0.0,0.0,0.0,0.0,0.0,1.0,1.0,1.0,0.0,1.0,0.0,1.0,0.0,0.0,0.0,0.0,1.0,1.0,0.0,0.0,0.0,0.0,0.0,0.0,0.0,1.0,1.0,1.0,0.0,0.0,0.0,1.0,1.0,1.0,1.0,1.0,0.0,0.0,1.0,1.0,0.0,0.0,1.0,0.0,0.0,0.0,0.0,0.0,1.0,0.0,0.0,1.0,0.0,1.0,1.0,1.0,0.0,1.0,1.0,1.0,0.0,0.0,0.0,1.0,1.0,1.0,1.0,1.0,0.0,1.0,1.0,0.0,0.0,1.0,1.0,1.0,1.0,0.0,1.0,1.0,1.0,1.0,1.0,1.0,0.0,0.0,1.0,1.0,0.0,0.0,0.0,0.0,0.0,0.0,0.0,0.0,1.0,0.0,0.0,1.0,0.0,1.0,1.0,1.0,0.0,1.0,1.0,1.0,0.0,0.0,0.0,1.0,1.0,1.0,1.0,1.0,0.0,0.0,0.0,0.0,0.0,1.0,1.0,1.0,0.0,0.0,1.0,1.0,1.0,1.0,1.0,1.0,0.0,0.0,1.0,1.0,0.0,0.0,0.0,0.0,0.0,0.0,0.0,0.0,1.0,0.0,0.0,1.0,0.0,1.0,1.0,1.0,0.0,1.0,1.0,1.0,0.0,0.0,0.0,1.0,1.0,1.0,1.0,1.0,0.0,1.0,0.0,0.0,0.0,1.0,1.0,1.0,0.0,0.0,1.0,1.0,1.0,1.0,1.0,1.0,0.0,0.0,1.0,1.0,1.0,0.0,1.0,0.0,0.0,1.0,0.0,0.0,1.0,0.0,0.0,1.0,0.0,1.0,1.0,1.0,0.0,1.0,1.0,1.0,0.0,1.0,0.0,1.0,1.0,1.0,1.0,1.0,1.0,1.0,1.0,0.0,0.0,1.0,1.0,1.0,1.0,0.0,1.0,1.0,1.0,1.0,1.0,1.0,0.0,1.0,1.0,1.0,1.0,0.0,1.0,1.0,0.0,1.0,0.0,0.0,1.0,0.0,1.0,1.0,0.0,1.0,1.0,1.0,1.0,1.0,1.0,1.0,0.0,1.0,0.0,1.0,1.0,1.0,1.0,1.0,1.0,1.0,1.0,1.0,0.0,1.0,1.0,1.0,1.0,1.0,1.0,1.0,1.0,0.0,1.0,0.0,0.0,1.0,0.0,0.0,0.0,0.0,0.0,0.0,0.0,0.0,0.0,0.0,0.0,0.0,0.0,0.0,1.0,1.0,1.0,0.0,1.0,0.0,1.0,0.0,0.0,0.0,0.0,1.0,1.0,0.0,0.0,0.0,0.0,0.0,0.0,0.0,0.0,1.0,1.0,0.0,0.0,0.0,1.0,1.0,0.0,0.0,1.0,0.0,0.0,0.0,0.0,0.0,0.0,0.0,0.0,0.0,0.0,0.0,0.0,0.0,0.0,0.0,0.0,0.0,1.0,0.0,0.0,0.0,1.0,0.0,0.0,0.0,0.0,0.0,0.0,1.0,1.0,0.0,0.0,0.0,0.0,0.0,0.0,0.0,0.0,0.0,0.0,0.0,0.0,0.0,1.0,1.0,0.0,0.0,1.0,0.0,0.0,0.0,0.0,0.0,0.0,0.0,0.0,0.0,0.0,0.0,0.0,0.0,0.0,0.0,0.0,0.0,1.0,0.0,0.0,0.0,1.0,0.0,0.0,0.0,0.0,0.0,0.0,1.0,1.0,0.0,0.0,0.0,0.0,0.0,0.0,0.0,0.0,1.0,0.0,0.0,0.0,0.0,1.0,1.0,1.0,1.0,1.0,0.0,0.0,1.0,1.0,0.0,0.0,0.0,0.0,0.0,0.0,0.0,0.0,1.0,0.0,0.0,1.0,0.0,1.0,1.0,1.0,0.0,1.0,1.0,1.0,0.0,0.0,0.0,1.0,1.0,1.0,1.0,1.0,0.0,1.0,1.0,0.0,0.0,1.0,1.0,1.0,0.0,0.0,1.0,1.0,1.0,1.0,1.0,1.0,1.0,1.0,1.0,1.0,1.0,1.0,1.0,1.0,1.0,1.0,1.0,1.0,1.0,1.0,1.0,1.0,1.0,1.0,1.0,1.0,1.0,1.0,1.0,1.0,1.0,1.0,1.0,1.0,1.0,1.0,1.0,1.0,1.0,1.0,1.0,1.0,1.0,0.0,0.0,1.0,1.0,0.0,0.0,0.0,0.0,0.0,0.0,0.0,0.0,1.0,0.0,0.0,0.0,0.0,1.0,1.0,1.0,0.0,1.0,0.0,1.0,0.0,0.0,0.0,1.0,1.0,1.0,1.0,1.0,0.0,0.0,0.0,0.0,0.0,1.0,1.0,1.0,0.0,0.0,0.0,1.0,1.0,0.0,0.0,0.0,0.0,0.0,0.0,0.0,0.0,0.0,0.0,0.0,0.0,0.0,0.0,0.0,0.0,0.0,0.0,0.0,0.0,0.0,0.0,0.0,0.0,1.0,0.0,0.0,0.0,0.0,0.0,0.0,0.0,1.0,0.0,0.0,0.0,0.0,0.0,0.0,0.0,0.0,0.0,0.0,0.0,0.0,0.0,0.0,0.0,0.0,1.0,0.0,0.0,0.0,0.0,1.0,1.0,0.0,0.0,0.0,0.0,1.0,0.0,0.0,1.0,1.0,1.0,1.0,0.0,1.0,0.0,1.0,0.0,1.0,0.0,0.0,1.0,1.0,1.0,0.0,0.0,1.0,0.0,1.0,0.0,1.0,0.0,1.0,0.0,1.0,1.0,1.0,1.0,1.0,1.0,0.0,1.0,0.0,1.0,1.0,1.0,1.0,1.0,1.0,1.0,1.0,1.0,0.0,1.0,1.0,1.0,1.0,1.0,1.0,1.0,1.0,1.0,1.0,1.0,1.0,1.0,0.0,1.0,1.0,1.0,1.0,1.0,1.0,1.0,1.0,1.0,1.0,1.0,1.0,1.0,1.0,1.0,1.0,1.0,0.0,0.0,0.0,0.0,0.0,0.0,0.0,0.0,0.0,0.0,0.0,0.0,0.0,0.0,0.0,0.0,0.0,0.0,0.0,0.0,0.0,1.0,0.0,0.0,0.0,1.0,0.0,0.0,0.0,0.0,0.0,0.0,0.0,0.0,0.0,0.0,0.0,0.0,0.0,0.0,0.0,0.0,0.0,1.0,1.0,1.0,1.0,0.0,1.0,0.0,1.0,0.0,0.0,0.0,0.0,1.0,1.0,0.0,0.0,0.0,0.0,1.0,0.0,0.0,1.0,1.0,1.0,1.0,0.0,1.0,1.0,1.0,0.0,1.0,0.0,1.0,1.0,1.0,1.0,0.0,0.0,1.0,0.0,1.0,0.0,1.0,0.0,1.0,0.0,1.0,1.0,1.0,1.0,1.0,1.0,0.0,1.0,0.0,1.0,1.0,0.0,1.0,1.0,1.0,1.0,0.0,1.0,0.0,0.0,1.0,1.0,0.0,1.0,1.0,1.0,1.0,0.0,1.0,1.0,1.0,0.0,1.0,0.0,1.0,1.0,1.0,1.0,0.0,0.0,1.0,0.0,1.0,1.0,1.0,1.0,1.0,0.0,1.0,1.0,1.0,1.0,1.0,1.0,0.0,1.0,0.0,1.0,1.0,0.0,0.0,1.0,1.0,1.0,0.0,1.0,0.0,0.0,1.0,1.0,0.0,1.0,1.0,1.0,1.0,0.0,1.0,1.0,1.0,0.0,1.0,0.0,1.0,1.0,1.0,1.0,0.0,0.0,1.0,0.0,1.0,0.0,1.0,1.0,1.0,0.0,1.0,1.0,1.0,1.0,1.0,1.0,0.0,1.0,0.0,1.0,1.0,0.0,0.0,0.0,1.0,1.0,0.0,0.0,0.0,0.0,1.0,0.0,0.0,1.0,1.0,1.0,1.0,0.0,1.0,1.0,1.0,0.0,1.0,0.0,1.0,1.0,1.0,1.0,0.0,0.0,1.0,0.0,1.0,0.0,1.0,0.0,1.0,0.0,1.0,1.0,1.0,1.0,1.0,1.0,0.0,0.0,0.0,1.0,0.0,0.0,0.0,0.0,0.0,0.0,0.0,0.0,0.0,0.0,0.0,0.0,0.0,0.0,0.0,0.0,0.0,0.0,1.0,0.0,0.0,0.0,1.0,0.0,0.0,0.0,0.0,0.0,0.0,0.0,0.0,0.0,0.0,0.0,0.0,0.0,0.0,0.0,0.0,0.0,1.0,1.0,1.0,1.0,0.0,0.0,0.0,1.0,0.0,0.0,0.0,0.0,1.0,0.0,0.0,0.0,0.0,0.0,0.0,0.0,0.0,0.0,0.0,1.0,0.0,0.0,1.0,0.0,1.0,0.0,1.0,0.0,0.0,0.0,0.0,1.0,0.0,0.0,0.0,0.0,0.0,0.0,0.0,0.0,0.0,0.0,0.0,1.0,1.0,1.0,1.0,1.0,0.0,1.0,0.0,1.0,1.0,1.0,1.0,1.0,1.0,1.0,0.0,1.0,0.0,0.0,1.0,1.0,0.0,1.0,1.0,1.0,1.0,0.0,1.0,1.0,1.0,0.0,1.0,0.0,1.0,1.0,1.0,1.0,0.0,1.0,1.0,0.0,1.0,1.0,1.0,1.0,1.0,0.0,1.0,1.0,1.0,1.0,1.0,1.0,0.0,1.0,0.0,1.0,1.0,0.0,0.0,1.0,1.0,1.0,0.0,0.0,0.0,0.0,1.0,1.0,0.0,1.0,1.0,1.0,1.0,0.0,1.0,1.0,1.0,0.0,1.0,0.0,1.0,1.0,1.0,1.0,0.0,0.0,1.0,0.0,1.0,0.0,1.0,0.0,1.0,0.0,1.0,1.0,1.0,1.0,1.0,1.0,0.0,1.0,1.0,1.0,1.0,1.0,1.0,1.0,1.0,1.0,1.0,1.0,1.0,1.0,1.0,1.0,1.0,1.0,1.0,1.0,1.0,1.0,1.0,1.0,1.0,1.0,1.0,1.0,1.0,1.0,1.0,1.0,1.0,1.0,1.0,1.0,1.0,1.0,1.0,1.0,1.0,1.0,1.0,0.0,1.0,1.0,1.0,1.0,1.0,1.0,1.0,1.0,1.0,0.0,0.0,1.0,1.0,1.0,1.0,1.0,1.0,1.0,0.0,1.0,1.0,1.0,0.0,1.0,0.0,1.0,1.0,1.0,1.0,0.0,1.0,1.0,0.0,1.0,1.0,1.0,1.0,1.0,0.0,1.0,1.0,1.0,1.0,1.0,1.0,0.0,0.0,0.0,1.0,0.0,0.0,0.0,0.0,1.0,1.0,0.0,0.0,0.0,0.0,0.0,0.0,0.0,0.0,1.0,1.0,1.0,0.0,1.0,0.0,1.0,0.0,1.0,0.0,0.0,0.0,0.0,1.0,0.0,0.0,0.0,0.0,0.0,0.0,1.0,0.0,0.0,0.0,1.0,1.0,1.0,1.0,1.0,1.0,0.0,1.0,0.0,1.0,1.0,0.0,0.0,1.0,1.0,1.0,0.0,0.0,0.0,0.0,1.0,0.0,0.0,1.0,1.0,1.0,1.0,0.0,1.0,1.0,1.0,0.0,1.0,0.0,1.0,1.0,1.0,1.0,0.0,0.0,1.0,0.0,1.0,0.0,1.0,0.0,1.0,0.0,1.0,1.0,1.0,1.0,1.0,1.0,0.0,1.0,0.0,1.0,1.0,1.0,1.0,1.0,1.0,1.0,1.0,1.0,0.0,0.0,1.0,1.0,0.0,1.0,1.0,1.0,1.0,0.0,1.0,1.0,1.0,0.0,1.0,0.0,1.0,1.0,1.0,1.0,0.0,1.0,1.0,0.0,1.0,1.0,1.0,1.0,1.0,0.0,1.0,1.0,1.0,1.0,1.0,1.0,0.0,0.0,0.0,1.0,0.0,0.0,0.0,0.0,1.0,1.0,0.0,0.0,0.0,0.0,1.0,0.0,0.0,0.0,1.0,1.0,1.0,0.0,1.0,0.0,1.0,0.0,1.0,0.0,0.0,1.0,1.0,1.0,0.0,0.0,1.0,0.0,1.0,0.0,1.0,0.0,1.0,0.0,1.0,1.0,1.0,1.0,1.0,1.0,0.0,0.0,0.0,1.0,0.0,0.0,0.0,0.0,1.0,1.0,0.0,0.0,0.0,0.0,0.0,0.0,0.0,0.0,0.0,1.0,1.0,0.0,1.0,0.0,1.0,0.0,1.0,0.0,0.0,0.0,0.0,1.0,0.0,0.0,0.0,0.0,0.0,0.0,0.0,0.0,0.0,0.0,0.0,1.0,1.0,1.0,1.0,1.0,0.0,0.0,0.0,1.0,0.0,0.0,0.0,0.0,1.0,0.0,0.0,0.0,0.0,0.0,0.0,0.0,0.0,0.0,0.0,0.0,0.0,0.0,1.0,0.0,0.0,0.0,1.0,0.0,0.0,0.0,0.0,0.0,0.0,0.0,0.0,0.0,0.0,0.0,0.0,0.0,0.0,0.0,0.0,0.0,1.0,1.0,1.0,1.0,0.0,0.0,0.0,1.0,0.0,0.0,0.0,0.0,1.0,0.0,0.0,0.0,0.0,0.0,0.0,0.0,0.0,0.0,0.0,1.0,0.0,0.0,1.0,0.0,1.0,0.0,1.0,0.0,0.0,0.0,0.0,1.0,0.0,0.0,0.0,0.0,0.0,0.0,0.0,0.0,0.0,0.0,0.0,1.0,1.0,1.0,1.0,1.0,0.0,1.0,1.0,1.0,1.0,1.0,1.0,1.0,1.0,1.0,1.0,1.0,1.0,1.0,1.0,1.0,1.0,1.0,1.0,1.0,1.0,1.0,1.0,1.0,1.0,1.0,1.0,1.0,1.0,1.0,1.0,1.0,1.0,1.0,1.0,1.0,1.0,1.0,1.0,1.0,1.0,0.0,0.0,0.0,0.0,0.0,0.0,0.0,0.0,0.0,0.0,0.0,0.0,0.0,0.0,0.0,0.0,0.0,0.0,0.0,0.0,0.0,0.0,0.0,0.0,0.0,1.0,0.0,0.0,0.0,0.0,0.0,0.0,0.0,0.0,0.0,0.0,0.0,0.0,0.0,0.0,0.0,0.0,0.0,0.0,0.0,0.0,0.0,0.0,1.0,0.0,1.0,0.0,0.0,0.0,0.0,1.0,1.0,0.0,0.0,0.0,0.0,1.0,0.0,0.0,1.0,1.0,1.0,1.0,0.0,1.0,0.0,1.0,0.0,1.0,0.0,0.0,1.0,1.0,1.0,0.0,0.0,1.0,0.0,1.0,0.0,1.0,0.0,1.0,0.0,1.0,1.0,1.0,1.0,1.0,1.0,0.0,0.0,0.0,1.0,0.0,0.0,0.0,0.0,1.0,0.0,0.0,0.0,0.0,0.0,0.0,0.0,0.0,0.0,0.0,1.0,0.0,0.0,1.0,0.0,0.0,0.0,1.0,0.0,0.0,0.0,0.0,0.0,0.0,0.0,0.0,0.0,0.0,0.0,0.0,0.0,0.0,0.0,0.0,1.0,1.0,1.0,1.0,1.0,0.0,1.0,0.0,1.0,1.0,1.0,1.0,1.0,1.0,1.0,1.0,1.0,0.0,0.0,1.0,1.0,1.0,1.0,1.0,1.0,1.0,0.0,1.0,1.0,1.0,0.0,1.0,0.0,1.0,1.0,1.0,1.0,0.0,1.0,1.0,0.0,1.0,1.0,1.0,1.0,1.0,0.0,1.0,1.0,1.0,1.0,1.0,1.0,0.0,0.0,0.0,0.0,0.0,0.0,0.0,0.0,0.0,0.0,0.0,0.0,0.0,0.0,0.0,0.0,0.0,0.0,0.0,0.0,0.0,0.0,0.0,0.0,0.0,0.0,0.0,0.0,0.0,0.0,0.0,0.0,0.0,0.0,0.0,0.0,0.0,0.0,0.0,0.0,0.0,0.0,0.0,0.0,0.0,0.0,0.0,0.0,0.0,1.0,1.0,1.0,1.0,1.0,1.0,1.0,1.0,1.0,1.0,1.0,1.0,1.0,1.0,1.0,1.0,1.0,1.0,1.0,1.0,1.0,1.0,1.0,1.0,1.0,1.0,1.0,1.0,1.0,1.0,1.0,1.0,1.0,1.0,1.0,1.0,1.0,1.0,1.0,1.0,1.0,1.0,0.0,1.0,0.0,0.0,0.0,0.0,1.0,1.0,0.0,0.0,0.0,0.0,1.0,0.0,0.0,1.0,1.0,1.0,1.0,0.0,1.0,1.0,1.0,0.0,1.0,0.0,0.0,1.0,1.0,1.0,0.0,0.0,1.0,0.0,1.0,0.0,1.0,0.0,1.0,0.0,1.0,1.0,1.0,1.0,1.0,1.0,0.0,0.0,0.0,1.0,0.0,0.0,0.0,0.0,1.0,1.0,0.0,0.0,0.0,0.0,1.0,0.0,0.0,0.0,1.0,1.0,1.0,0.0,1.0,0.0,1.0,0.0,1.0,0.0,0.0,0.0,0.0,1.0,0.0,0.0,0.0,0.0,1.0,0.0,1.0,0.0,1.0,0.0,1.0,1.0,1.0,1.0,1.0,1.0,0.0,0.0,0.0,1.0,0.0,0.0,0.0,0.0,1.0,1.0,0.0,0.0,0.0,0.0,1.0,0.0,0.0,0.0,1.0,1.0,1.0,0.0,1.0,0.0,1.0,0.0,1.0,0.0,0.0,1.0,0.0,1.0,0.0,0.0,0.0,0.0,1.0,0.0,1.0,0.0,1.0,0.0,1.0,1.0,1.0,1.0,1.0,1.0,0.0,0.0,0.0,1.0,0.0,0.0,0.0,0.0,1.0,0.0,0.0,0.0,0.0,0.0,0.0,0.0,0.0,0.0,0.0,1.0,0.0,0.0,1.0,0.0,1.0,0.0,1.0,0.0,0.0,0.0,0.0,0.0,0.0,0.0,0.0,0.0,0.0,0.0,0.0,0.0,0.0,0.0,0.0,1.0,1.0,1.0,1.0,1.0,0.0,1.0,1.0,1.0,1.0,1.0,1.0,1.0,1.0,1.0,1.0,1.0,1.0,1.0,1.0,1.0,1.0,1.0,1.0,1.0,1.0,1.0,1.0,1.0,1.0,1.0,1.0,1.0,1.0,1.0,1.0,1.0,1.0,1.0,1.0,1.0,1.0,1.0,1.0,1.0,1.0,1.0,0.0,1.0,1.0,1.0,1.0,1.0,1.0,1.0,0.0,1.0,0.0,0.0,1.0,1.0,0.0,1.0,1.0,1.0,1.0,0.0,1.0,1.0,1.0,0.0,1.0,0.0,1.0,1.0,1.0,1.0,0.0,0.0,1.0,0.0,1.0,1.0,1.0,1.0,1.0,0.0,1.0,1.0,1.0,1.0,1.0,1.0,0.0,0.0,0.0,1.0,0.0,0.0,0.0,0.0,1.0,1.0,0.0,0.0,0.0,0.0,1.0,0.0,0.0,0.0,1.0,1.0,1.0,0.0,1.0,0.0,1.0,0.0,1.0,0.0,0.0,1.0,1.0,1.0,0.0,0.0,0.0,0.0,1.0,0.0,1.0,0.0,1.0,0.0,1.0,1.0,1.0,1.0,1.0,1.0,0.0,1.0,1.0,1.0,1.0,1.0,1.0,1.0,1.0,1.0,1.0,1.0,1.0,1.0,1.0,1.0,1.0,1.0,1.0,1.0,1.0,1.0,1.0,1.0,1.0,1.0,1.0,1.0,1.0,1.0,1.0,1.0,1.0,1.0,1.0,1.0,1.0,1.0,1.0,1.0,1.0,0.0,0.0,1.0,0.0,0.0,0.0,0.0,1.0,1.0,0.0,0.0,0.0,0.0,1.0,0.0,0.0,0.0,1.0,1.0,1.0,0.0,1.0,0.0,1.0,0.0,1.0,0.0,0.0,0.0,0.0,1.0,0.0,0.0,0.0,0.0,0.0,0.0,1.0,0.0,0.0,0.0,1.0,1.0,1.0,1.0,1.0,1.0,0.0,1.0,0.0,1.0,1.0,0.0,1.0,1.0,1.0,1.0,0.0,1.0,0.0,0.0,1.0,1.0,0.0,1.0,1.0,1.0,1.0,0.0,1.0,1.0,1.0,0.0,1.0,0.0,1.0,1.0,1.0,1.0,0.0,0.0,1.0,0.0,1.0,0.0,1.0,1.0,1.0,0.0,1.0,1.0,1.0,1.0,1.0,1.0,0.0,0.0,0.0,1.0,0.0,0.0,0.0,0.0,1.0,1.0,0.0,0.0,0.0,0.0,0.0,0.0,0.0,0.0,1.0,1.0,1.0,0.0,1.0,0.0,1.0,0.0,1.0,0.0,0.0,0.0,0.0,1.0,0.0,0.0,0.0,0.0,0.0,0.0,0.0,0.0,0.0,0.0,1.0,1.0,1.0,1.0,1.0,1.0,0.0,1.0,0.0,1.0,1.0,0.0,0.0,1.0,1.0,1.0,0.0,1.0,0.0,0.0,1.0,1.0,0.0,1.0,1.0,1.0,1.0,0.0,1.0,1.0,1.0,0.0,1.0,0.0,1.0,1.0,1.0,1.0,0.0,0.0,1.0,0.0,1.0,0.0,1.0,0.0,1.0,0.0,1.0,1.0,1.0,1.0,1.0,1.0,0.0,0.0,0.0,1.0,0.0,0.0,0.0,0.0,1.0,1.0,0.0,0.0,0.0,0.0,1.0,0.0,0.0,0.0,1.0,1.0,1.0,0.0,1.0,0.0,1.0,0.0,1.0,0.0,0.0,0.0,0.0,1.0,0.0,0.0,0.0,0.0,0.0,0.0,1.0,0.0,0.0,0.0,1.0,1.0,1.0,1.0,1.0,1.0,0.0,1.0,1.0,1.0,1.0,1.0,1.0,1.0,1.0,1.0,1.0,1.0,1.0,1.0,1.0,1.0,1.0,1.0,1.0,1.0,1.0,1.0,1.0,1.0,1.0,1.0,1.0,1.0,1.0,1.0,1.0,1.0,1.0,1.0,1.0,1.0,1.0,1.0,1.0,1.0,1.0,0.0,0.0,1.0,0.0,0.0,0.0,0.0,1.0,1.0,0.0,0.0,0.0,0.0,0.0,0.0,0.0,0.0,1.0,1.0,1.0,0.0,1.0,0.0,1.0,0.0,1.0,0.0,0.0,0.0,0.0,1.0,0.0,0.0,0.0,0.0,0.0,0.0,0.0,0.0,0.0,0.0,0.0,1.0,1.0,1.0,1.0,1.0,0.0,0.0,0.0,1.0,0.0,0.0,0.0,0.0,1.0,0.0,0.0,0.0,0.0,0.0,0.0,0.0,0.0,0.0,0.0,1.0,0.0,0.0,1.0,0.0,0.0,0.0,1.0,0.0,0.0,0.0,0.0,0.0,0.0,0.0,0.0,0.0,0.0,0.0,0.0,0.0,0.0,0.0,0.0,0.0,1.0,1.0,1.0,1.0,0.0,0.0,0.0,0.0,0.0,0.0,0.0,0.0,0.0,0.0,0.0,0.0,0.0,0.0,0.0,0.0,0.0,0.0,0.0,0.0,0.0,0.0,1.0,0.0,0.0,0.0,1.0,0.0,0.0,0.0,0.0,0.0,0.0,0.0,0.0,0.0,0.0,0.0,0.0,0.0,0.0,0.0,0.0,0.0,0.0,0.0,0.0,1.0,0.0,0.0,0.0,0.0,0.0,0.0,0.0,0.0,0.0,0.0,0.0,0.0,0.0,0.0,0.0,0.0,0.0,0.0,0.0,0.0,0.0,0.0,1.0,0.0,0.0,0.0,1.0,0.0,0.0,0.0,0.0,0.0,0.0,0.0,0.0,0.0,0.0,0.0,0.0,0.0,0.0,0.0,0.0,0.0,1.0,0.0,0.0,1.0,0.0,0.0,0.0,0.0,0.0,0.0,0.0,0.0,0.0,0.0,0.0,0.0,0.0,0.0,0.0,0.0,0.0,0.0,0.0,0.0,0.0,0.0,1.0,0.0,0.0,0.0,1.0,0.0,0.0,0.0,0.0,0.0,0.0,0.0,0.0,0.0,0.0,0.0,0.0,0.0,0.0,0.0,0.0,0.0,1.0,1.0,0.0,1.0,0.0,0.0,0.0,0.0,0.0,0.0,0.0,0.0,0.0,0.0,0.0,0.0,0.0,0.0,0.0,0.0,0.0,0.0,0.0,0.0,0.0,0.0,1.0,0.0,0.0,0.0,1.0,0.0,0.0,0.0,0.0,0.0,0.0,0.0,0.0,0.0,0.0,0.0,0.0,0.0,0.0,0.0,0.0,0.0,0.0,0.0,0.0,0.0,0.0,1.0,1.0,1.0,1.0,1.0,1.0,1.0,1.0,1.0,1.0,1.0,1.0,1.0,1.0,1.0,1.0,1.0,1.0,1.0,1.0,1.0,1.0,1.0,1.0,1.0,1.0,1.0,1.0,1.0,1.0,1.0,1.0,1.0,1.0,1.0,1.0,1.0,1.0,1.0,1.0,0.0,0.0,0.0,0.0,0.0,0.0,0.0,0.0,0.0,0.0,0.0,0.0,0.0,0.0,0.0,0.0,0.0,0.0,0.0,0.0,0.0,0.0,0.0,0.0,0.0,0.0,0.0,0.0,0.0,1.0,0.0,0.0,0.0,0.0,0.0,0.0,0.0,1.0,0.0,0.0,0.0,0.0,0.0,0.0,0.0,0.0,0.0,0.0,1.0,0.0,0.0,0.0,0.0,0.0,0.0,0.0,0.0,0.0,0.0,0.0,0.0,0.0,0.0,0.0,0.0,0.0,0.0,0.0,0.0,0.0,0.0,0.0,0.0,0.0,0.0,0.0,0.0,1.0,0.0,0.0,0.0,0.0,0.0,0.0,0.0,1.0,0.0,0.0,0.0,0.0,0.0,0.0,0.0,0.0,0.0,0.0,1.0,1.0,0.0,1.0,1.0,1.0,0.0,0.0,1.0,1.0,0.0,0.0,0.0,1.0,0.0,1.0,0.0,0.0,0.0,1.0,1.0,1.0,1.0,0.0,0.0,1.0,1.0,1.0,0.0,1.0,0.0,1.0,0.0,1.0,0.0,0.0,1.0,1.0,1.0,0.0,0.0,1.0,1.0,1.0,1.0,1.0,0.0,0.0,1.0,1.0,0.0,0.0,1.0,0.0,0.0,0.0,0.0,0.0,0.0,0.0,0.0,0.0,0.0,1.0,0.0,0.0,0.0,0.0,0.0,0.0,0.0,0.0,0.0,0.0,0.0,0.0,0.0,1.0,0.0,1.0,0.0,1.0,0.0,0.0,1.0,1.0,0.0,0.0,0.0,0.0,1.0,1.0,1.0,0.0,0.0,0.0,1.0,1.0,0.0,0.0,0.0,0.0,0.0,0.0,0.0,0.0,0.0,0.0,0.0,0.0,0.0,1.0,0.0,0.0,0.0,0.0,0.0,0.0,0.0,0.0,0.0,0.0,0.0,0.0,0.0,1.0,0.0,1.0,0.0,1.0,0.0,0.0,1.0,1.0,0.0,0.0,0.0,0.0,0.0,1.0,1.0,0.0,0.0,0.0,1.0,1.0,0.0,1.0,1.0,0.0,0.0,0.0,1.0,1.0,0.0,0.0,0.0,1.0,0.0,1.0,0.0,0.0,0.0,1.0,1.0,1.0,1.0,0.0,0.0,1.0,1.0,1.0,0.0,1.0,0.0,1.0,0.0,1.0,0.0,0.0,1.0,1.0,1.0,0.0,0.0,1.0,1.0,1.0,1.0,1.0,0.0,0.0,1.0,1.0,1.0,1.0,1.0,1.0,0.0,0.0,1.0,1.0,0.0,0.0,0.0,1.0,0.0,1.0,0.0,1.0,1.0,1.0,1.0,1.0,1.0,0.0,0.0,1.0,1.0,1.0,0.0,1.0,1.0,1.0,0.0,1.0,0.0,0.0,1.0,1.0,1.0,0.0,0.0,1.0,1.0,1.0,1.0,1.0,0.0,0.0,1.0,1.0,1.0,1.0,1.0,1.0,1.0,0.0,1.0,1.0,1.0,0.0,0.0,1.0,0.0,1.0,1.0,1.0,1.0,1.0,1.0,1.0,1.0,0.0,0.0,1.0,1.0,1.0,0.0,1.0,1.0,1.0,0.0,1.0,1.0,0.0,1.0,1.0,1.0,0.0,0.0,1.0,1.0,1.0,1.0,1.0,1.0,0.0,1.0,1.0,0.0,1.0,1.0,0.0,0.0,0.0,0.0,1.0,0.0,0.0,0.0,0.0,0.0,1.0,0.0,0.0,0.0,1.0,1.0,1.0,1.0,0.0,0.0,0.0,1.0,1.0,0.0,1.0,0.0,1.0,0.0,1.0,0.0,0.0,1.0,1.0,1.0,0.0,0.0,1.0,1.0,1.0,1.0,1.0,0.0,0.0,1.0,1.0,0.0,1.0,1.0,0.0,0.0,0.0,0.0,0.0,0.0,0.0,0.0,0.0,0.0,1.0,0.0,0.0,0.0,0.0,0.0,0.0,0.0,0.0,0.0,0.0,0.0,1.0,0.0,1.0,0.0,1.0,0.0,1.0,0.0,0.0,1.0,1.0,0.0,0.0,0.0,0.0,1.0,1.0,1.0,1.0,0.0,0.0,1.0,1.0,1.0,1.0,1.0,1.0,1.0,0.0,1.0,1.0,0.0,0.0,0.0,1.0,0.0,1.0,0.0,1.0,1.0,1.0,1.0,1.0,1.0,0.0,0.0,1.0,1.0,1.0,0.0,1.0,1.0,1.0,0.0,1.0,0.0,0.0,1.0,1.0,1.0,0.0,0.0,1.0,1.0,1.0,1.0,1.0,1.0,0.0,1.0,1.0,1.0,1.0,1.0,1.0,1.0,1.0,1.0,1.0,1.0,1.0,1.0,1.0,1.0,1.0,1.0,1.0,1.0,1.0,1.0,1.0,1.0,1.0,1.0,1.0,1.0,1.0,1.0,1.0,1.0,1.0,1.0,1.0,1.0,1.0,1.0,1.0,1.0,1.0,1.0,1.0,1.0,1.0,1.0,1.0,1.0,1.0,1.0,1.0,1.0,1.0,0.0,0.0,1.0,0.0,1.0,1.0,1.0,1.0,1.0,1.0,1.0,1.0,0.0,0.0,1.0,1.0,1.0,1.0,1.0,1.0,0.0,1.0,1.0,0.0,1.0,1.0,1.0,0.0,1.0,1.0,1.0,1.0,1.0,1.0,1.0,0.0,1.0,1.0,0.0,1.0,1.0,0.0,0.0,0.0,1.0,1.0,0.0,0.0,0.0,0.0,0.0,1.0,0.0,0.0,0.0,1.0,1.0,1.0,1.0,0.0,0.0,0.0,1.0,1.0,0.0,1.0,0.0,1.0,0.0,1.0,0.0,0.0,1.0,1.0,1.0,0.0,0.0,1.0,1.0,1.0,1.0,1.0,0.0,0.0,1.0,1.0,1.0,1.0,1.0,1.0,1.0,1.0,1.0,1.0,1.0,1.0,1.0,0.0,1.0,1.0,1.0,1.0,1.0,1.0,1.0,1.0,1.0,1.0,1.0,1.0,1.0,1.0,1.0,1.0,0.0,1.0,1.0,0.0,1.0,1.0,1.0,1.0,1.0,1.0,1.0,1.0,1.0,1.0,0.0,1.0,1.0,0.0,0.0,0.0,0.0,0.0,0.0,0.0,0.0,0.0,0.0,0.0,0.0,0.0,0.0,0.0,0.0,0.0,0.0,0.0,0.0,0.0,0.0,0.0,0.0,0.0,0.0,0.0,1.0,0.0,0.0,0.0,1.0,0.0,0.0,0.0,1.0,0.0,0.0,0.0,0.0,0.0,0.0,0.0,0.0,0.0,0.0,1.0,1.0,1.0,1.0,1.0,1.0,1.0,0.0,1.0,1.0,0.0,0.0,0.0,1.0,0.0,1.0,0.0,1.0,1.0,1.0,1.0,1.0,1.0,0.0,0.0,1.0,1.0,1.0,0.0,1.0,1.0,1.0,0.0,1.0,0.0,0.0,1.0,1.0,1.0,0.0,0.0,1.0,1.0,1.0,1.0,1.0,1.0,0.0,1.0,1.0,1.0,1.0,1.0,1.0,0.0,0.0,1.0,1.0,0.0,0.0,0.0,1.0,0.0,1.0,0.0,0.0,0.0,1.0,1.0,1.0,1.0,0.0,0.0,1.0,1.0,1.0,0.0,1.0,0.0,1.0,0.0,1.0,0.0,0.0,1.0,1.0,1.0,0.0,0.0,1.0,1.0,1.0,1.0,1.0,0.0,0.0,1.0,1.0,1.0,1.0,1.0,1.0,0.0,0.0,1.0,1.0,0.0,0.0,0.0,1.0,0.0,1.0,0.0,1.0,0.0,1.0,1.0,1.0,1.0,0.0,0.0,1.0,1.0,1.0,0.0,1.0,0.0,1.0,0.0,1.0,0.0,0.0,1.0,1.0,1.0,0.0,0.0,1.0,1.0,1.0,1.0,1.0,0.0,0.0,1.0,1.0,0.0,1.0,1.0,0.0,0.0,0.0,0.0,1.0,0.0,0.0,0.0,0.0,0.0,1.0,0.0,0.0,0.0,0.0,1.0,0.0,0.0,0.0,0.0,0.0,0.0,1.0,0.0,1.0,0.0,1.0,0.0,1.0,0.0,0.0,1.0,1.0,0.0,0.0,0.0,0.0,1.0,1.0,1.0,1.0,0.0,0.0,1.0,1.0,0.0,1.0,1.0,0.0,0.0,0.0,0.0,1.0,0.0,0.0,0.0,0.0,0.0,1.0,0.0,0.0,0.0,0.0,0.0,0.0,0.0,0.0,0.0,0.0,0.0,1.0,0.0,1.0,0.0,1.0,0.0,1.0,0.0,0.0,1.0,1.0,0.0,0.0,0.0,0.0,1.0,1.0,1.0,1.0,0.0,0.0,1.0,1.0,0.0,1.0,1.0,0.0,0.0,0.0,0.0,1.0,0.0,0.0,0.0,0.0,0.0,1.0,0.0,0.0,0.0,1.0,1.0,0.0,1.0,0.0,0.0,0.0,1.0,1.0,0.0,1.0,0.0,1.0,0.0,1.0,0.0,0.0,1.0,1.0,0.0,0.0,0.0,0.0,1.0,1.0,1.0,1.0,0.0,0.0,1.0,1.0,0.0,1.0,1.0,0.0,0.0,0.0,0.0,1.0,0.0,0.0,0.0,0.0,0.0,1.0,0.0,0.0,0.0,1.0,1.0,0.0,0.0,0.0,0.0,0.0,0.0,1.0,0.0,1.0,0.0,1.0,0.0,1.0,0.0,0.0,1.0,1.0,0.0,0.0,0.0,0.0,1.0,1.0,1.0,1.0,0.0,0.0,1.0,1.0,1.0,1.0,1.0,1.0,1.0,1.0,1.0,1.0,1.0,0.0,1.0,1.0,0.0,1.0,1.0,1.0,1.0,1.0,1.0,1.0,1.0,0.0,1.0,1.0,1.0,1.0,1.0,1.0,1.0,0.0,1.0,1.0,0.0,1.0,1.0,1.0,0.0,1.0,1.0,1.0,1.0,1.0,1.0,1.0,0.0,1.0,1.0,1.0,1.0,1.0,1.0,1.0,1.0,1.0,1.0,1.0,0.0,1.0,1.0,0.0,1.0,1.0,1.0,1.0,1.0,1.0,1.0,1.0,0.0,0.0,1.0,1.0,1.0,1.0,1.0,1.0,0.0,1.0,1.0,0.0,1.0,1.0,1.0,0.0,1.0,1.0,1.0,1.0,1.0,1.0,1.0,0.0,1.0,1.0,0.0,1.0,1.0,0.0,0.0,0.0,1.0,1.0,0.0,0.0,0.0,1.0,0.0,1.0,0.0,0.0,0.0,1.0,1.0,1.0,1.0,0.0,0.0,0.0,1.0,1.0,0.0,1.0,0.0,1.0,0.0,1.0,0.0,0.0,1.0,1.0,1.0,0.0,0.0,1.0,1.0,1.0,1.0,1.0,0.0,0.0,1.0,1.0,0.0,1.0,1.0,0.0,0.0,0.0,0.0,1.0,0.0,0.0,0.0,0.0,0.0,1.0,0.0,0.0,0.0,1.0,1.0,0.0,1.0,0.0,0.0,0.0,0.0,1.0,0.0,1.0,0.0,1.0,0.0,1.0,0.0,0.0,1.0,1.0,0.0,0.0,0.0,0.0,1.0,1.0,1.0,1.0,0.0,0.0,1.0,1.0,0.0,1.0,1.0,0.0,0.0,0.0,0.0,0.0,0.0,0.0,0.0,0.0,0.0,1.0,0.0,0.0,0.0,0.0,0.0,0.0,0.0,0.0,0.0,0.0,0.0,0.0,0.0,1.0,0.0,1.0,0.0,1.0,0.0,0.0,1.0,1.0,0.0,0.0,0.0,0.0,1.0,1.0,1.0,1.0,0.0,0.0,1.0,1.0,1.0,1.0,1.0,1.0,1.0,1.0,1.0,1.0,1.0,1.0,1.0,1.0,1.0,1.0,1.0,1.0,1.0,1.0,1.0,1.0,1.0,1.0,1.0,1.0,1.0,1.0,1.0,1.0,1.0,1.0,1.0,1.0,1.0,1.0,1.0,1.0,0.0,0.0,0.0,0.0,0.0,0.0,0.0,0.0,0.0,0.0,0.0,0.0,0.0,0.0,0.0,0.0,0.0,0.0,0.0,0.0,0.0,0.0,0.0,0.0,0.0,0.0,0.0,0.0,0.0,0.0,0.0,0.0,0.0,0.0,0.0,0.0,0.0,0.0,0.0,0.0,0.0,0.0,0.0,0.0,0.0,0.0,0.0,0.0,1.0,1.0,1.0,1.0,1.0,1.0,0.0,0.0,1.0,1.0,0.0,0.0,0.0,1.0,0.0,1.0,0.0,1.0,1.0,1.0,1.0,1.0,1.0,0.0,0.0,1.0,1.0,1.0,0.0,1.0,0.0,1.0,0.0,1.0,0.0,0.0,1.0,1.0,1.0,0.0,0.0,1.0,1.0,1.0,1.0,1.0,0.0,0.0,1.0,1.0,0.0,0.0,0.0,0.0,0.0,0.0,0.0,0.0,0.0,0.0,0.0,0.0,0.0,1.0,0.0,0.0,0.0,0.0,0.0,0.0,0.0,0.0,0.0,0.0,0.0,0.0,0.0,1.0,0.0,0.0,0.0,1.0,0.0,0.0,1.0,1.0,0.0,0.0,0.0,0.0,0.0,1.0,1.0,0.0,0.0,0.0,1.0,1.0,1.0,1.0,1.0,1.0,1.0,1.0,1.0,1.0,1.0,1.0,1.0,1.0,1.0,1.0,1.0,1.0,1.0,1.0,1.0,1.0,1.0,1.0,1.0,1.0,1.0,1.0,1.0,1.0,0.0,1.0,1.0,0.0,1.0,1.0,1.0,1.0,1.0,1.0,1.0,1.0,1.0,1.0,1.0,1.0,0.0,0.0,0.0,0.0,0.0,0.0,0.0,0.0,0.0,0.0,0.0,0.0,0.0,0.0,0.0,0.0,0.0,0.0,0.0,0.0,0.0,0.0,0.0,0.0,0.0,0.0,0.0,1.0,0.0,0.0,0.0,0.0,0.0,0.0,0.0,1.0,0.0,0.0,0.0,0.0,0.0,0.0,0.0,0.0,0.0,0.0,1.0,1.0,1.0,1.0,1.0,1.0,1.0,0.0,1.0,1.0,0.0,0.0,0.0,1.0,0.0,1.0,0.0,1.0,1.0,1.0,1.0,1.0,1.0,0.0,0.0,1.0,1.0,1.0,0.0,1.0,1.0,1.0,0.0,1.0,0.0,0.0,1.0,1.0,1.0,0.0,0.0,1.0,1.0,1.0,1.0,1.0,1.0,0.0,1.0,1.0,1.0,1.0,1.0,1.0,1.0,1.0,1.0,1.0,1.0,1.0,1.0,1.0,1.0,1.0,1.0,1.0,1.0,1.0,1.0,1.0,1.0,1.0,1.0,1.0,1.0,1.0,1.0,1.0,1.0,1.0,1.0,0.0,1.0,1.0,1.0,1.0,1.0,1.0,1.0,1.0,1.0,1.0,1.0,1.0,0.0,0.0,0.0,0.0,0.0,0.0,0.0,0.0,0.0,0.0,0.0,0.0,0.0,1.0,0.0,0.0,0.0,0.0,0.0,0.0,0.0,0.0,0.0,0.0,0.0,0.0,0.0,1.0,0.0,0.0,0.0,1.0,0.0,0.0,0.0,1.0,0.0,0.0,0.0,0.0,0.0,0.0,1.0,0.0,0.0,0.0,0.0,0.0,0.0,0.0,0.0,0.0,0.0,0.0,0.0,0.0,0.0,0.0,0.0,0.0,0.0,0.0,0.0,0.0,0.0,0.0,0.0,0.0,0.0,0.0,0.0,0.0,0.0,0.0,0.0,1.0,0.0,0.0,0.0,0.0,0.0,0.0,0.0,0.0,0.0,0.0,0.0,0.0,0.0,0.0,0.0,0.0,0.0,0.0,1.0,1.0,0.0,1.0,1.0,0.0,0.0,0.0,0.0,1.0,0.0,0.0,0.0,0.0,0.0,1.0,0.0,0.0,0.0,1.0,1.0,1.0,1.0,0.0,0.0,0.0,1.0,1.0,0.0,1.0,0.0,1.0,0.0,1.0,0.0,0.0,1.0,1.0,0.0,0.0,0.0,1.0,1.0,1.0,1.0,1.0,0.0,0.0,1.0,1.0,1.0,1.0,1.0,1.0,1.0,1.0,1.0,1.0,1.0,1.0,1.0,1.0,1.0,1.0,1.0,1.0,1.0,1.0,1.0,1.0,1.0,1.0,1.0,1.0,1.0,1.0,1.0,1.0,1.0,1.0,1.0,1.0,1.0,1.0,1.0,1.0,1.0,1.0,1.0,1.0,1.0,1.0,1.0,1.0,1.0,1.0,1.0,1.0,1.0,1.0,0.0,0.0,1.0,0.0,1.0,1.0,1.0,1.0,1.0,1.0,1.0,1.0,0.0,0.0,1.0,1.0,1.0,0.0,1.0,1.0,1.0,0.0,1.0,1.0,0.0,1.0,1.0,1.0,0.0,0.0,1.0,1.0,1.0,1.0,1.0,1.0,0.0,1.0,1.0,0.0,1.0,1.0,0.0,0.0,0.0,0.0,1.0,0.0,0.0,0.0,0.0,0.0,1.0,0.0,0.0,0.0,1.0,1.0,1.0,1.0,0.0,0.0,0.0,1.0,1.0,0.0,1.0,0.0,1.0,0.0,1.0,0.0,0.0,1.0,1.0,0.0,0.0,0.0,0.0,1.0,1.0,1.0,1.0,0.0,0.0,1.0,1.0,0.0,0.0,1.0,0.0,0.0,0.0,0.0,0.0,0.0,0.0,0.0,0.0,0.0,1.0,0.0,0.0,0.0,0.0,0.0,0.0,0.0,0.0,0.0,0.0,0.0,0.0,0.0,1.0,0.0,1.0,0.0,1.0,0.0,0.0,1.0,1.0,0.0,0.0,0.0,0.0,0.0,1.0,1.0,0.0,0.0,0.0,1.0,1.0,0.0,0.0,0.0,0.0,0.0,0.0,0.0,0.0,0.0,0.0,0.0,0.0,0.0,1.0,0.0,0.0,0.0,0.0,0.0,0.0,0.0,0.0,0.0,0.0,0.0,0.0,0.0,1.0,0.0,0.0,0.0,1.0,0.0,0.0,1.0,1.0,0.0,0.0,0.0,0.0,0.0,0.0,1.0,0.0,0.0,0.0,1.0,1.0,0.0,0.0,0.0,0.0,0.0,0.0,0.0,0.0,0.0,0.0,0.0,0.0,0.0,1.0,0.0,0.0,0.0,0.0,0.0,0.0,0.0,0.0,0.0,0.0,0.0,0.0,0.0,1.0,0.0,0.0,0.0,1.0,0.0,0.0,0.0,1.0,0.0,0.0,0.0,0.0,0.0,0.0,0.0,0.0,0.0,0.0,1.0,1.0,0.0,1.0,1.0,0.0,0.0,0.0,0.0,0.0,0.0,0.0,0.0,0.0,0.0,1.0,0.0,0.0,0.0,0.0,0.0,0.0,0.0,0.0,0.0,0.0,0.0,0.0,0.0,1.0,0.0,1.0,0.0,1.0,0.0,0.0,1.0,1.0,0.0,0.0,0.0,0.0,1.0,1.0,1.0,0.0,0.0,0.0,1.0,1.0,1.0,1.0,1.0,1.0,1.0,0.0,1.0,1.0,0.0,0.0,0.0,1.0,0.0,1.0,0.0,1.0,1.0,1.0,1.0,1.0,1.0,0.0,0.0,1.0,1.0,1.0,0.0,1.0,1.0,1.0,0.0,1.0,0.0,0.0,1.0,1.0,1.0,0.0,0.0,1.0,1.0,1.0,1.0,1.0,0.0,0.0,1.0,1.0,1.0,1.0,1.0,1.0,1.0,1.0,1.0,1.0,1.0,1.0,1.0,1.0,1.0,1.0,1.0,1.0,1.0,1.0,1.0,1.0,1.0,1.0,1.0,1.0,1.0,1.0,1.0,1.0,1.0,1.0,1.0,1.0,1.0,1.0,1.0,1.0,1.0,1.0,1.0,1.0,0.0,1.0,0.0,1.0,1.0,1.0,0.0,1.0,1.0,1.0,1.0,1.0,0.0,1.0,1.0,1.0,0.0,1.0,1.0,1.0,1.0,1.0,1.0,1.0,1.0,1.0,1.0,0.0,1.0,1.0,1.0,1.0,1.0,1.0,0.0,1.0,1.0,1.0,1.0,1.0,1.0,1.0,1.0,1.0,1.0,1.0,1.0,0.0,0.0,0.0,1.0,0.0,0.0,0.0,0.0,0.0,0.0,0.0,0.0,0.0,0.0,0.0,0.0,0.0,0.0,0.0,1.0,1.0,0.0,1.0,0.0,0.0,1.0,1.0,1.0,0.0,1.0,0.0,0.0,1.0,1.0,1.0,0.0,1.0,0.0,1.0,1.0,1.0,1.0,0.0,0.0,0.0,1.0,1.0,0.0,1.0,1.0,0.0,1.0,1.0,1.0,1.0,1.0,1.0,1.0,1.0,1.0,1.0,1.0,1.0,1.0,1.0,1.0,1.0,1.0,1.0,1.0,1.0,1.0,1.0,1.0,1.0,1.0,1.0,1.0,1.0,1.0,1.0,1.0,1.0,1.0,1.0,1.0,1.0,1.0,1.0,1.0,1.0,1.0,0.0,0.0,0.0,0.0,0.0,0.0,0.0,0.0,0.0,0.0,0.0,0.0,0.0,0.0,0.0,0.0,0.0,0.0,0.0,1.0,0.0,0.0,0.0,0.0,0.0,0.0,0.0,0.0,0.0,1.0,0.0,0.0,1.0,0.0,1.0,0.0,0.0,0.0,1.0,0.0,1.0,1.0,0.0,0.0,0.0,1.0,1.0,0.0,0.0,1.0,0.0,1.0,0.0,0.0,0.0,0.0,0.0,0.0,0.0,0.0,0.0,0.0,0.0,0.0,0.0,0.0,0.0,1.0,1.0,0.0,1.0,1.0,0.0,1.0,1.0,1.0,0.0,1.0,0.0,0.0,1.0,1.0,1.0,0.0,1.0,0.0,1.0,1.0,1.0,1.0,0.0,0.0,0.0,1.0,1.0,1.0,0.0,1.0,0.0,1.0,1.0,0.0,0.0,1.0,0.0,1.0,0.0,1.0,0.0,0.0,1.0,0.0,0.0,1.0,1.0,1.0,1.0,1.0,1.0,1.0,1.0,1.0,1.0,0.0,1.0,1.0,1.0,1.0,1.0,1.0,0.0,1.0,1.0,1.0,1.0,1.0,1.0,1.0,1.0,1.0,1.0,1.0,1.0,1.0,1.0,1.0,1.0,1.0,1.0,1.0,1.0,1.0,1.0,1.0,1.0,1.0,1.0,1.0,1.0,1.0,1.0,1.0,1.0,1.0,1.0,1.0,1.0,1.0,1.0,1.0,1.0,1.0,1.0,1.0,1.0,1.0,1.0,1.0,1.0,1.0,1.0,1.0,1.0,1.0,0.0,1.0,0.0,1.0,1.0,0.0,0.0,0.0,0.0,1.0,0.0,1.0,0.0,0.0,1.0,0.0,0.0,1.0,1.0,1.0,1.0,1.0,1.0,1.0,1.0,1.0,1.0,0.0,1.0,1.0,1.0,1.0,1.0,1.0,0.0,1.0,1.0,1.0,1.0,1.0,1.0,1.0,1.0,1.0,1.0,1.0,1.0,0.0,1.0,0.0,1.0,1.0,1.0,0.0,1.0,0.0,1.0,1.0,1.0,0.0,1.0,1.0,1.0,0.0,1.0,1.0,1.0,1.0,1.0,1.0,1.0,1.0,1.0,1.0,0.0,1.0,1.0,1.0,1.0,1.0,1.0,0.0,1.0,1.0,1.0,1.0,1.0,1.0,1.0,1.0,1.0,1.0,1.0,1.0,1.0,1.0,1.0,1.0,1.0,1.0,1.0,1.0,1.0,1.0,1.0,1.0,1.0,1.0,1.0,1.0,1.0,1.0,1.0,1.0,1.0,1.0,1.0,1.0,1.0,1.0,1.0,1.0,1.0,1.0,0.0,1.0,0.0,1.0,1.0,0.0,0.0,0.0,0.0,0.0,0.0,0.0,1.0,0.0,0.0,0.0,0.0,0.0,0.0,1.0,1.0,0.0,1.0,1.0,1.0,1.0,1.0,1.0,0.0,1.0,0.0,1.0,1.0,1.0,1.0,0.0,1.0,0.0,1.0,1.0,1.0,1.0,0.0,0.0,1.0,1.0,1.0,1.0,0.0,1.0,0.0,1.0,1.0,1.0,0.0,1.0,0.0,1.0,0.0,1.0,0.0,0.0,1.0,1.0,0.0,1.0,1.0,1.0,1.0,1.0,1.0,1.0,1.0,1.0,1.0,0.0,1.0,1.0,1.0,1.0,1.0,1.0,0.0,1.0,1.0,1.0,1.0,1.0,1.0,1.0,1.0,1.0,1.0,1.0,1.0,0.0,1.0,0.0,1.0,1.0,0.0,0.0,0.0,0.0,0.0,0.0,0.0,0.0,0.0,0.0,0.0,0.0,0.0,0.0,1.0,1.0,0.0,1.0,1.0,0.0,1.0,1.0,1.0,0.0,1.0,0.0,1.0,1.0,1.0,1.0,0.0,1.0,0.0,1.0,1.0,1.0,1.0,0.0,0.0,1.0,1.0,1.0,1.0,1.0,1.0,0.0,1.0,1.0,1.0,1.0,1.0,1.0,1.0,1.0,0.0,1.0,1.0,1.0,1.0,1.0,1.0,1.0,1.0,1.0,1.0,1.0,1.0,1.0,1.0,1.0,1.0,1.0,1.0,1.0,1.0,1.0,1.0,1.0,1.0,1.0,1.0,1.0,1.0,1.0,1.0,1.0,1.0,0.0,1.0,0.0,1.0,1.0,1.0,0.0,1.0,0.0,1.0,1.0,1.0,0.0,0.0,1.0,1.0,0.0,1.0,1.0,1.0,1.0,1.0,1.0,1.0,1.0,1.0,1.0,0.0,1.0,1.0,1.0,1.0,1.0,1.0,0.0,1.0,1.0,1.0,1.0,1.0,1.0,1.0,1.0,1.0,1.0,1.0,1.0,0.0,1.0,0.0,1.0,1.0,0.0,0.0,0.0,0.0,0.0,1.0,0.0,1.0,0.0,0.0,0.0,0.0,0.0,0.0,1.0,1.0,0.0,1.0,1.0,1.0,1.0,1.0,1.0,0.0,1.0,0.0,1.0,1.0,1.0,1.0,0.0,1.0,0.0,1.0,1.0,1.0,1.0,0.0,1.0,1.0,1.0,1.0,1.0,0.0,1.0,0.0,1.0,1.0,1.0,0.0,1.0,0.0,1.0,0.0,1.0,0.0,0.0,1.0,0.0,0.0,1.0,1.0,1.0,1.0,1.0,1.0,1.0,1.0,1.0,1.0,0.0,1.0,1.0,1.0,1.0,1.0,1.0,0.0,1.0,1.0,1.0,1.0,1.0,1.0,1.0,1.0,1.0,1.0,1.0,1.0,1.0,1.0,1.0,1.0,1.0,1.0,1.0,1.0,1.0,1.0,1.0,1.0,1.0,1.0,1.0,1.0,1.0,1.0,1.0,1.0,1.0,1.0,1.0,1.0,1.0,1.0,1.0,1.0,1.0,1.0,1.0,1.0,1.0,1.0,1.0,1.0,1.0,1.0,1.0,1.0,1.0,0.0,1.0,0.0,1.0,1.0,0.0,0.0,0.0,0.0,1.0,0.0,1.0,0.0,0.0,1.0,0.0,0.0,0.0,1.0,1.0,0.0,1.0,1.0,1.0,1.0,1.0,1.0,0.0,1.0,0.0,1.0,1.0,1.0,1.0,0.0,1.0,0.0,1.0,1.0,1.0,1.0,1.0,1.0,1.0,1.0,1.0,1.0,0.0,0.0,0.0,0.0,0.0,0.0,0.0,0.0,0.0,0.0,0.0,0.0,0.0,0.0,0.0,0.0,0.0,0.0,0.0,0.0,0.0,0.0,0.0,0.0,0.0,0.0,0.0,0.0,0.0,1.0,0.0,0.0,1.0,0.0,1.0,0.0,0.0,0.0,1.0,0.0,1.0,1.0,0.0,0.0,0.0,1.0,1.0,0.0,0.0,0.0,0.0,1.0,0.0,0.0,0.0,0.0,0.0,0.0,0.0,0.0,0.0,0.0,0.0,0.0,0.0,0.0,0.0,1.0,0.0,0.0,0.0,0.0,0.0,0.0,0.0,0.0,0.0,1.0,0.0,0.0,1.0,0.0,1.0,0.0,0.0,0.0,1.0,1.0,1.0,1.0,0.0,0.0,0.0,1.0,1.0,0.0,0.0,1.0,0.0,1.0,1.0,0.0,0.0,0.0,0.0,1.0,0.0,1.0,0.0,0.0,1.0,0.0,0.0,1.0,1.0,1.0,0.0,1.0,1.0,1.0,1.0,1.0,1.0,0.0,1.0,0.0,1.0,1.0,1.0,1.0,0.0,1.0,0.0,1.0,1.0,1.0,1.0,1.0,1.0,1.0,1.0,1.0,1.0,0.0,0.0,0.0,1.0,0.0,0.0,0.0,0.0,0.0,0.0,0.0,0.0,0.0,0.0,0.0,0.0,0.0,0.0,0.0,1.0,1.0,0.0,0.0,0.0,0.0,0.0,0.0,0.0,0.0,1.0,0.0,0.0,1.0,0.0,1.0,0.0,0.0,0.0,1.0,1.0,1.0,1.0,0.0,0.0,0.0,1.0,1.0,0.0,0.0,1.0,0.0,1.0,0.0,0.0,0.0,0.0,0.0,0.0,0.0,0.0,0.0,0.0,0.0,0.0,0.0,0.0,0.0,1.0,1.0,0.0,1.0,0.0,0.0,1.0,1.0,1.0,0.0,1.0,0.0,0.0,1.0,1.0,1.0,0.0,1.0,0.0,1.0,1.0,1.0,1.0,0.0,0.0,0.0,1.0,1.0,0.0,0.0,1.0,0.0,1.0,1.0,0.0,0.0,0.0,0.0,0.0,0.0,0.0,1.0,0.0,0.0,0.0,0.0,0.0,0.0,1.0,1.0,0.0,1.0,1.0,0.0,1.0,1.0,1.0,0.0,1.0,0.0,1.0,1.0,1.0,1.0,0.0,1.0,0.0,1.0,1.0,1.0,1.0,0.0,0.0,1.0,1.0,1.0,1.0,0.0,0.0,0.0,1.0,0.0,0.0,0.0,0.0,0.0,0.0,0.0,0.0,0.0,0.0,0.0,0.0,0.0,0.0,0.0,1.0,1.0,0.0,1.0,0.0,0.0,0.0,0.0,1.0,0.0,1.0,0.0,0.0,1.0,1.0,1.0,0.0,1.0,0.0,1.0,1.0,1.0,1.0,0.0,0.0,0.0,1.0,1.0,0.0,0.0,0.0,0.0,1.0,0.0,0.0,0.0,0.0,0.0,0.0,0.0,0.0,0.0,0.0,0.0,0.0,0.0,0.0,0.0,1.0,1.0,0.0,1.0,0.0,0.0,1.0,0.0,1.0,0.0,1.0,0.0,0.0,1.0,1.0,1.0,0.0,1.0,0.0,1.0,1.0,1.0,1.0,0.0,0.0,0.0,1.0,1.0,0.0,0.0,0.0,0.0,1.0,0.0,0.0,0.0,0.0,0.0,0.0,0.0,0.0,0.0,0.0,0.0,0.0,0.0,0.0,0.0,1.0,1.0,0.0,1.0,0.0,0.0,0.0,0.0,0.0,0.0,1.0,0.0,0.0,1.0,1.0,1.0,0.0,1.0,0.0,1.0,1.0,1.0,1.0,0.0,0.0,0.0,1.0,1.0,0.0,1.0,1.0,0.0,1.0,1.0,1.0,1.0,1.0,1.0,1.0,1.0,0.0,1.0,1.0,1.0,1.0,1.0,1.0,1.0,1.0,1.0,1.0,1.0,1.0,1.0,0.0,1.0,1.0,1.0,1.0,1.0,1.0,1.0,1.0,1.0,1.0,1.0,1.0,1.0,1.0,1.0,1.0,1.0,1.0,0.0,0.0,0.0,0.0,0.0,0.0,0.0,0.0,0.0,0.0,0.0,0.0,0.0,0.0,0.0,0.0,0.0,0.0,0.0,0.0,0.0,0.0,0.0,0.0,0.0,0.0,0.0,0.0,0.0,0.0,0.0,0.0,0.0,0.0,0.0,0.0,0.0,0.0,1.0,0.0,0.0,0.0,0.0,0.0,0.0,0.0,0.0,0.0,0.0,1.0,0.0,1.0,1.0,0.0,0.0,0.0,0.0,1.0,0.0,1.0,0.0,0.0,1.0,0.0,0.0,1.0,1.0,1.0,1.0,1.0,1.0,1.0,1.0,1.0,1.0,0.0,1.0,0.0,1.0,1.0,1.0,1.0,0.0,1.0,1.0,1.0,1.0,1.0,1.0,1.0,1.0,1.0,1.0,1.0,1.0,0.0,1.0,0.0,1.0,1.0,0.0,0.0,0.0,0.0,0.0,0.0,0.0,0.0,0.0,0.0,0.0,0.0,0.0,0.0,1.0,1.0,0.0,1.0,1.0,0.0,1.0,1.0,1.0,0.0,1.0,0.0,0.0,1.0,1.0,1.0,0.0,1.0,0.0,1.0,1.0,1.0,1.0,0.0,0.0,1.0,1.0,1.0,1.0,0.0,0.0,0.0,0.0,0.0,0.0,0.0,0.0,0.0,0.0,0.0,0.0,0.0,0.0,0.0,0.0,0.0,0.0,0.0,0.0,0.0,0.0,0.0,0.0,0.0,0.0,0.0,0.0,0.0,1.0,0.0,0.0,0.0,0.0,1.0,0.0,0.0,0.0,1.0,0.0,1.0,0.0,0.0,0.0,0.0,0.0,1.0,0.0,0.0,0.0,0.0,1.0,0.0,0.0,0.0,0.0,0.0,0.0,0.0,0.0,0.0,0.0,0.0,0.0,0.0,0.0,0.0,1.0,1.0,0.0,1.0,0.0,0.0,0.0,0.0,0.0,0.0,1.0,0.0,0.0,1.0,0.0,1.0,0.0,1.0,0.0,1.0,1.0,1.0,1.0,0.0,0.0,0.0,1.0,1.0,0.0,0.0,0.0,0.0,0.0,0.0,0.0,0.0,0.0,0.0,0.0,0.0,0.0,0.0,0.0,0.0,0.0,0.0,0.0,0.0,0.0,0.0,0.0,0.0,0.0,0.0,0.0,0.0,0.0,0.0,1.0,0.0,0.0,0.0,0.0,0.0,0.0,0.0,0.0,1.0,0.0,0.0,0.0,0.0,0.0,0.0,0.0,0.0,0.0,1.0,1.0,1.0,1.0,1.0,1.0,1.0,1.0,1.0,1.0,1.0,1.0,1.0,1.0,1.0,1.0,1.0,1.0,1.0,1.0,1.0,1.0,1.0,1.0,1.0,1.0,1.0,1.0,1.0,1.0,1.0,1.0,1.0,1.0,1.0,1.0,1.0,1.0,1.0,1.0,1.0,0.0,0.0,0.0,1.0,0.0,0.0,0.0,0.0,0.0,0.0,0.0,0.0,0.0,0.0,0.0,0.0,0.0,0.0,0.0,1.0,1.0,0.0,1.0,0.0,0.0,0.0,0.0,0.0,0.0,1.0,0.0,0.0,1.0,0.0,1.0,0.0,0.0,0.0,1.0,1.0,1.0,1.0,0.0,0.0,0.0,1.0,1.0,0.0,0.0,1.0,0.0,1.0,1.0,0.0,0.0,0.0,0.0,1.0,0.0,1.0,0.0,0.0,1.0,0.0,0.0,1.0,1.0,1.0,1.0,1.0,1.0,1.0,1.0,1.0,1.0,0.0,1.0,0.0,1.0,1.0,1.0,1.0,0.0,1.0,0.0,1.0,1.0,1.0,1.0,1.0,1.0,1.0,1.0,1.0,1.0,0.0,0.0,0.0,0.0,0.0,0.0,0.0,0.0,0.0,0.0,0.0,0.0,0.0,0.0,0.0,0.0,0.0,0.0,0.0,0.0,0.0,0.0,0.0,0.0,0.0,0.0,0.0,0.0,0.0,0.0,0.0,0.0,0.0,0.0,0.0,0.0,0.0,0.0,0.0,0.0,0.0,0.0,0.0,0.0,0.0,0.0,0.0,0.0,0.0,0.0,0.0,1.0,0.0,0.0,0.0,0.0,0.0,0.0,0.0,0.0,0.0,0.0,0.0,0.0,0.0,0.0,0.0,1.0,0.0,0.0,0.0,0.0,0.0,0.0,0.0,0.0,0.0,1.0,0.0,0.0,1.0,0.0,1.0,0.0,0.0,0.0,1.0,0.0,1.0,1.0,0.0,0.0,0.0,1.0,1.0,0.0,0.0,0.0,0.0,0.0,0.0,0.0,0.0,0.0,0.0,0.0,0.0,0.0,0.0,0.0,0.0,0.0,0.0,0.0,0.0,0.0,0.0,0.0,0.0,0.0,0.0,0.0,0.0,0.0,0.0,1.0,0.0,0.0,0.0,0.0,1.0,0.0,0.0,0.0,1.0,0.0,0.0,0.0,0.0,0.0,0.0,0.0,1.0,0.0,0.0,0.0,0.0,0.0,0.0,0.0,0.0,0.0,0.0,0.0,0.0,0.0,0.0,0.0,0.0,0.0,0.0,0.0,0.0,0.0,0.0,0.0,0.0,0.0,0.0,0.0,0.0,0.0,0.0,1.0,0.0,0.0,1.0,0.0,1.0,0.0,0.0,0.0,1.0,0.0,1.0,0.0,0.0,0.0,0.0,1.0,1.0,0.0,0.0,1.0,0.0,1.0,1.0,0.0,0.0,0.0,0.0,0.0,1.0,0.0,1.0,0.0,0.0,1.0,0.0,0.0,0.0,1.0,1.0,0.0,1.0,1.0,1.0,1.0,1.0,1.0,0.0,1.0,0.0,1.0,1.0,1.0,1.0,0.0,1.0,0.0,1.0,1.0,1.0,1.0,0.0,1.0,1.0,1.0,1.0,1.0,0.0,1.0,0.0,1.0,1.0,0.0,0.0,0.0,0.0,0.0,1.0,0.0,1.0,0.0,0.0,0.0,0.0,0.0,0.0,1.0,1.0,0.0,1.0,1.0,1.0,1.0,1.0,1.0,0.0,1.0,0.0,1.0,1.0,1.0,1.0,0.0,1.0,0.0,1.0,1.0,1.0,1.0,0.0,0.0,1.0,1.0,1.0,1.0,0.0,1.0,0.0,1.0,0.0,0.0,0.0,0.0,0.0,0.0,0.0,0.0,0.0,0.0,0.0,0.0,0.0,0.0,0.0,1.0,1.0,0.0,1.0,1.0,0.0,1.0,1.0,1.0,0.0,1.0,0.0,0.0,1.0,1.0,1.0,0.0,1.0,0.0,1.0,1.0,1.0,1.0,0.0,0.0,0.0,1.0,1.0,1.0,0.0,0.0,0.0,0.0,0.0,0.0,0.0,0.0,0.0,0.0,0.0,0.0,0.0,0.0,0.0,0.0,0.0,0.0,0.0,0.0,0.0,0.0,0.0,0.0,0.0,0.0,0.0,0.0,0.0,1.0,0.0,0.0,1.0,0.0,1.0,0.0,0.0,0.0,1.0,0.0,1.0,0.0,0.0,0.0,0.0,0.0,1.0,0.0,0.0,0.0,0.0,0.0,0.0,0.0,0.0,0.0,0.0,0.0,0.0,0.0,0.0,0.0,0.0,0.0,0.0,0.0,0.0,0.0,0.0,0.0,0.0,0.0,0.0,0.0,0.0,0.0,0.0,1.0,0.0,0.0,0.0,0.0,1.0,0.0,0.0,0.0,1.0,0.0,0.0,0.0,0.0,0.0,0.0,0.0,0.0,0.0,0.0,1.0,0.0,1.0,0.0,0.0,0.0,0.0,0.0,0.0,0.0,0.0,0.0,0.0,0.0,0.0,0.0,0.0,0.0,1.0,1.0,0.0,1.0,1.0,0.0,1.0,1.0,1.0,0.0,1.0,0.0,0.0,1.0,1.0,1.0,0.0,1.0,0.0,1.0,1.0,1.0,1.0,0.0,0.0,0.0,1.0,1.0,0.0,0.0,1.0,1.0,1.0,0.0,0.0,0.0,1.0,0.0,0.0,1.0,1.0,1.0,1.0,1.0,0.0,1.0,1.0,0.0,1.0,1.0,1.0,0.0,0.0,1.0,1.0,0.0,0.0,1.0,1.0,1.0,1.0,1.0,0.0,1.0,1.0,1.0,1.0,1.0,0.0,1.0,1.0,1.0,0.0,0.0,1.0,0.0,0.0,0.0,0.0,0.0,0.0,0.0,0.0,0.0,0.0,0.0,0.0,0.0,0.0,0.0,0.0,0.0,0.0,0.0,0.0,0.0,0.0,0.0,0.0,0.0,0.0,0.0,0.0,0.0,0.0,0.0,0.0,0.0,0.0,0.0,0.0,0.0,0.0,0.0,0.0,0.0,0.0,0.0,0.0,0.0,0.0,0.0,0.0,0.0,0.0,0.0,1.0,0.0,0.0,0.0,0.0,0.0,0.0,0.0,0.0,0.0,0.0,0.0,0.0,0.0,0.0,0.0,0.0,0.0,0.0,1.0,1.0,0.0,0.0,0.0,0.0,0.0,0.0,1.0,1.0,1.0,0.0,0.0,0.0,0.0,0.0,0.0,0.0,1.0,0.0,0.0,0.0,0.0,0.0,0.0,1.0,0.0,0.0,0.0,1.0,1.0,0.0,0.0,0.0,0.0,0.0,0.0,0.0,0.0,0.0,0.0,0.0,0.0,0.0,0.0,0.0,0.0,0.0,1.0,1.0,0.0,0.0,0.0,0.0,0.0,0.0,1.0,1.0,1.0,0.0,0.0,0.0,0.0,0.0,0.0,0.0,1.0,0.0,0.0,0.0,0.0,0.0,0.0,1.0,0.0,0.0,1.0,1.0,1.0,1.0,1.0,1.0,1.0,1.0,1.0,1.0,1.0,1.0,1.0,1.0,1.0,1.0,1.0,1.0,1.0,1.0,1.0,1.0,1.0,1.0,1.0,1.0,1.0,1.0,1.0,1.0,1.0,1.0,1.0,1.0,1.0,1.0,1.0,1.0,1.0,1.0,1.0,1.0,1.0,1.0,1.0,0.0,0.0,0.0,1.0,1.0,0.0,1.0,1.0,1.0,1.0,1.0,0.0,1.0,1.0,0.0,1.0,1.0,1.0,0.0,0.0,1.0,1.0,1.0,1.0,1.0,1.0,1.0,1.0,1.0,1.0,1.0,1.0,1.0,1.0,1.0,1.0,1.0,1.0,1.0,0.0,1.0,1.0,1.0,1.0,1.0,1.0,1.0,0.0,1.0,0.0,1.0,1.0,0.0,1.0,1.0,1.0,1.0,1.0,0.0,1.0,1.0,0.0,1.0,1.0,1.0,0.0,0.0,1.0,1.0,1.0,1.0,1.0,1.0,1.0,1.0,1.0,1.0,1.0,1.0,1.0,1.0,1.0,1.0,1.0,1.0,1.0,0.0,1.0,1.0,1.0,0.0,1.0,1.0,1.0,0.0,0.0,0.0,0.0,0.0,0.0,1.0,1.0,1.0,1.0,1.0,0.0,1.0,1.0,0.0,1.0,1.0,1.0,0.0,0.0,1.0,1.0,0.0,0.0,1.0,1.0,1.0,1.0,1.0,0.0,1.0,0.0,1.0,1.0,1.0,0.0,0.0,1.0,1.0,0.0,0.0,1.0,0.0,0.0,1.0,1.0,1.0,1.0,0.0,0.0,0.0,1.0,0.0,0.0,1.0,1.0,1.0,1.0,1.0,0.0,1.0,1.0,0.0,1.0,1.0,1.0,0.0,0.0,1.0,1.0,1.0,0.0,1.0,1.0,1.0,1.0,1.0,1.0,1.0,1.0,1.0,1.0,1.0,1.0,1.0,1.0,0.0,0.0,1.0,1.0,0.0,1.0,1.0,1.0,1.0,0.0,1.0,1.0,1.0,1.0,0.0,1.0,1.0,1.0,1.0,1.0,0.0,1.0,1.0,0.0,1.0,1.0,1.0,0.0,0.0,1.0,1.0,1.0,1.0,1.0,1.0,1.0,1.0,1.0,1.0,1.0,1.0,1.0,1.0,1.0,1.0,1.0,1.0,1.0,0.0,1.0,1.0,1.0,0.0,1.0,1.0,1.0,0.0,0.0,0.0,0.0,0.0,0.0,0.0,1.0,0.0,1.0,0.0,0.0,1.0,1.0,0.0,1.0,1.0,1.0,0.0,0.0,1.0,1.0,0.0,0.0,1.0,1.0,1.0,1.0,1.0,0.0,0.0,0.0,1.0,1.0,1.0,0.0,0.0,1.0,1.0,0.0,0.0,1.0,0.0,0.0,0.0,1.0,1.0,1.0,0.0,0.0,0.0,0.0,0.0,0.0,0.0,0.0,0.0,0.0,0.0,0.0,0.0,0.0,0.0,0.0,1.0,1.0,0.0,0.0,1.0,0.0,0.0,0.0,1.0,1.0,1.0,0.0,0.0,0.0,0.0,0.0,0.0,0.0,1.0,0.0,0.0,0.0,0.0,0.0,0.0,1.0,0.0,0.0,0.0,1.0,1.0,1.0,0.0,0.0,0.0,0.0,0.0,0.0,1.0,1.0,0.0,1.0,0.0,0.0,1.0,1.0,0.0,1.0,1.0,1.0,0.0,0.0,1.0,1.0,0.0,0.0,1.0,1.0,1.0,1.0,1.0,0.0,1.0,0.0,1.0,1.0,1.0,0.0,0.0,1.0,1.0,0.0,0.0,1.0,0.0,0.0,0.0,1.0,1.0,1.0,0.0,0.0,0.0,0.0,0.0,0.0,0.0,1.0,0.0,0.0,0.0,0.0,1.0,0.0,0.0,1.0,1.0,1.0,0.0,0.0,1.0,1.0,0.0,0.0,1.0,1.0,1.0,1.0,1.0,0.0,0.0,0.0,0.0,1.0,1.0,0.0,0.0,1.0,1.0,0.0,0.0,1.0,0.0,0.0,0.0,1.0,1.0,1.0,0.0,0.0,0.0,0.0,0.0,0.0,1.0,1.0,0.0,1.0,0.0,0.0,1.0,1.0,0.0,1.0,1.0,1.0,0.0,0.0,1.0,1.0,0.0,0.0,1.0,1.0,1.0,1.0,1.0,0.0,1.0,0.0,1.0,1.0,1.0,0.0,0.0,1.0,1.0,0.0,0.0,1.0,0.0,0.0,1.0,1.0,1.0,1.0,1.0,1.0,1.0,1.0,1.0,1.0,1.0,1.0,1.0,1.0,1.0,1.0,1.0,1.0,1.0,1.0,1.0,1.0,1.0,1.0,1.0,1.0,1.0,1.0,1.0,1.0,1.0,1.0,1.0,1.0,1.0,1.0,1.0,1.0,1.0,1.0,1.0,0.0,1.0,1.0,1.0,0.0,0.0,0.0,0.0,0.0,0.0,0.0,1.0,0.0,0.0,0.0,0.0,0.0,0.0,0.0,0.0,1.0,1.0,0.0,0.0,1.0,0.0,0.0,0.0,1.0,1.0,1.0,0.0,0.0,0.0,0.0,0.0,0.0,0.0,1.0,0.0,0.0,0.0,0.0,0.0,0.0,1.0,0.0,0.0,0.0,1.0,1.0,1.0,0.0,0.0,0.0,0.0,0.0,0.0,0.0,1.0,0.0,1.0,0.0,0.0,1.0,0.0,0.0,1.0,1.0,1.0,0.0,0.0,1.0,1.0,0.0,0.0,1.0,1.0,1.0,1.0,1.0,0.0,0.0,0.0,1.0,1.0,1.0,0.0,0.0,1.0,1.0,0.0,0.0,1.0,0.0,0.0,1.0,1.0,1.0,1.0,1.0,1.0,1.0,1.0,1.0,1.0,1.0,1.0,1.0,1.0,1.0,1.0,1.0,1.0,1.0,1.0,1.0,1.0,1.0,1.0,1.0,1.0,1.0,1.0,1.0,1.0,1.0,1.0,1.0,1.0,1.0,1.0,1.0,1.0,1.0,1.0,1.0,0.0,1.0,1.0,1.0,0.0,0.0,0.0,0.0,0.0,0.0,0.0,1.0,0.0,0.0,0.0,0.0,1.0,0.0,0.0,0.0,1.0,1.0,0.0,0.0,1.0,1.0,0.0,0.0,1.0,1.0,1.0,1.0,1.0,0.0,0.0,0.0,0.0,1.0,1.0,0.0,0.0,1.0,1.0,0.0,0.0,1.0,0.0,0.0,0.0,1.0,0.0,0.0,0.0,0.0,0.0,0.0,0.0,0.0,0.0,0.0,0.0,0.0,0.0,0.0,0.0,0.0,0.0,0.0,0.0,0.0,0.0,0.0,0.0,0.0,0.0,0.0,0.0,0.0,0.0,0.0,0.0,0.0,0.0,0.0,0.0,0.0,0.0,0.0,0.0,0.0,0.0,0.0,0.0,1.0,0.0,0.0,0.0,1.0,0.0,0.0,0.0,0.0,0.0,0.0,0.0,0.0,0.0,0.0,0.0,0.0,0.0,0.0,0.0,0.0,0.0,0.0,1.0,0.0,0.0,0.0,0.0,0.0,0.0,0.0,1.0,1.0,1.0,0.0,0.0,0.0,0.0,0.0,0.0,0.0,1.0,0.0,0.0,0.0,0.0,0.0,0.0,1.0,0.0,0.0,1.0,1.0,1.0,1.0,1.0,1.0,1.0,1.0,1.0,1.0,1.0,1.0,1.0,1.0,1.0,1.0,1.0,1.0,1.0,1.0,1.0,1.0,1.0,1.0,1.0,1.0,1.0,1.0,1.0,1.0,1.0,1.0,1.0,1.0,1.0,1.0,1.0,1.0,1.0,1.0,1.0,1.0,1.0,1.0,1.0,1.0,1.0,1.0,1.0,1.0,1.0,1.0,1.0,1.0,1.0,1.0,1.0,1.0,1.0,1.0,1.0,1.0,1.0,1.0,1.0,1.0,1.0,1.0,1.0,1.0,1.0,1.0,1.0,1.0,1.0,1.0,1.0,1.0,1.0,1.0,1.0,1.0,0.0,1.0,1.0,1.0,0.0,0.0,0.0,0.0,0.0,0.0,0.0,0.0,0.0,0.0,0.0,0.0,0.0,0.0,0.0,0.0,1.0,1.0,0.0,0.0,0.0,0.0,0.0,0.0,1.0,1.0,1.0,0.0,0.0,0.0,0.0,0.0,0.0,0.0,1.0,0.0,0.0,0.0,0.0,0.0,0.0,1.0,0.0,0.0,0.0,1.0,1.0,1.0,0.0,0.0,0.0,0.0,0.0,0.0,0.0,1.0,0.0,0.0,0.0,0.0,1.0,0.0,0.0,0.0,1.0,1.0,0.0,0.0,1.0,0.0,0.0,0.0,1.0,1.0,1.0,0.0,0.0,0.0,0.0,0.0,0.0,1.0,1.0,0.0,0.0,0.0,0.0,0.0,0.0,1.0,0.0,0.0,1.0,1.0,1.0,1.0,0.0,0.0,0.0,1.0,0.0,0.0,1.0,1.0,1.0,1.0,1.0,0.0,1.0,1.0,0.0,1.0,1.0,1.0,0.0,0.0,1.0,1.0,0.0,0.0,1.0,1.0,1.0,1.0,1.0,1.0,1.0,1.0,1.0,1.0,1.0,1.0,1.0,1.0,0.0,0.0,1.0,1.0,0.0,1.0,1.0,1.0,1.0,0.0,0.0,0.0,1.0,1.0,0.0,1.0,1.0,1.0,1.0,1.0,0.0,1.0,1.0,0.0,1.0,1.0,1.0,0.0,0.0,1.0,1.0,1.0,0.0,1.0,1.0,1.0,1.0,1.0,1.0,1.0,1.0,1.0,1.0,1.0,1.0,1.0,1.0,1.0,0.0,1.0,1.0,1.0,0.0,1.0,0.0,0.0,0.0,0.0,0.0,0.0,0.0,0.0,0.0,0.0,0.0,0.0,0.0,0.0,0.0,0.0,0.0,0.0,1.0,0.0,0.0,0.0,0.0,0.0,0.0,0.0,0.0,0.0,1.0,0.0,0.0,0.0,0.0,0.0,0.0,0.0,0.0,0.0,0.0,0.0,0.0,0.0,0.0,1.0,0.0,0.0,0.0,1.0,0.0,0.0,0.0,0.0,0.0,0.0,0.0,0.0,0.0,0.0,0.0,0.0,0.0,0.0,0.0,0.0,0.0,0.0,1.0,0.0,0.0,0.0,0.0,0.0,0.0,0.0,1.0,0.0,1.0,0.0,0.0,0.0,0.0,0.0,0.0,0.0,0.0,0.0,0.0,0.0,0.0,0.0,0.0,1.0,0.0,0.0,0.0,1.0,0.0,0.0,0.0,0.0,0.0,0.0,0.0,0.0,0.0,0.0,0.0,0.0,0.0,0.0,0.0,0.0,0.0,0.0,1.0,0.0,0.0,0.0,0.0,0.0,0.0,0.0,0.0,0.0,0.0,0.0,0.0,0.0,0.0,0.0,0.0,0.0,0.0,0.0,0.0,0.0,0.0,0.0,0.0,1.0,0.0,0.0,0.0,1.0,1.0,1.0,0.0,0.0,0.0,0.0,0.0,0.0,0.0,1.0,0.0,0.0,0.0,0.0,1.0,0.0,0.0,0.0,1.0,1.0,0.0,0.0,1.0,1.0,0.0,0.0,1.0,1.0,1.0,0.0,0.0,0.0,0.0,0.0,0.0,1.0,1.0,0.0,0.0,1.0,0.0,0.0,0.0,1.0,0.0,0.0,0.0,1.0,1.0,1.0,0.0,0.0,0.0,0.0,0.0,0.0,0.0,1.0,0.0,0.0,0.0,0.0,1.0,0.0,0.0,0.0,1.0,1.0,0.0,0.0,1.0,1.0,0.0,0.0,1.0,1.0,1.0,1.0,0.0,0.0,0.0,0.0,0.0,1.0,1.0,0.0,0.0,1.0,0.0,0.0,0.0,1.0,0.0,0.0,1.0,1.0,1.0,1.0,0.0,0.0,0.0,1.0,0.0,0.0,1.0,1.0,1.0,1.0,1.0,0.0,1.0,1.0,0.0,1.0,1.0,1.0,0.0,0.0,1.0,1.0,0.0,0.0,1.0,1.0,1.0,1.0,1.0,0.0,1.0,1.0,1.0,1.0,1.0,1.0,1.0,1.0,0.0,0.0,1.0,1.0,0.0,0.0,1.0,1.0,1.0,0.0,0.0,0.0,0.0,0.0,0.0,1.0,1.0,0.0,1.0,0.0,0.0,1.0,1.0,0.0,1.0,1.0,1.0,0.0,0.0,1.0,1.0,0.0,0.0,1.0,1.0,1.0,1.0,1.0,0.0,0.0,0.0,1.0,1.0,1.0,0.0,0.0,1.0,1.0,0.0,0.0,1.0,0.0,0.0,0.0,1.0,1.0,1.0,0.0,0.0,0.0,1.0,0.0,0.0,1.0,1.0,1.0,1.0,1.0,0.0,1.0,1.0,0.0,1.0,1.0,1.0,0.0,0.0,1.0,1.0,0.0,0.0,1.0,1.0,1.0,1.0,1.0,0.0,1.0,0.0,1.0,1.0,1.0,0.0,0.0,1.0,1.0,0.0,0.0,1.0,0.0,0.0,0.0,1.0,1.0,1.0,0.0,0.0,0.0,0.0,0.0,0.0,0.0,1.0,0.0,1.0,0.0,0.0,1.0,0.0,0.0,1.0,1.0,1.0,0.0,0.0,1.0,1.0,0.0,0.0,1.0,1.0,1.0,1.0,1.0,0.0,0.0,0.0,0.0,1.0,1.0,0.0,0.0,1.0,1.0,0.0,0.0,1.0,0.0,0.0,0.0,1.0,1.0,1.0,0.0,0.0,0.0,0.0,0.0,0.0,0.0,1.0,0.0,0.0,0.0,0.0,1.0,0.0,0.0,0.0,1.0,1.0,0.0,0.0,1.0,0.0,0.0,0.0,1.0,1.0,1.0,0.0,0.0,0.0,0.0,0.0,0.0,0.0,1.0,0.0,0.0,0.0,0.0,0.0,0.0,1.0,0.0,0.0,0.0,1.0,0.0,0.0,0.0,0.0,0.0,0.0,0.0,0.0,0.0,0.0,0.0,0.0,0.0,0.0,0.0,0.0,0.0,0.0,1.0,0.0,0.0,0.0,0.0,0.0,0.0,0.0,1.0,1.0,1.0,0.0,0.0,0.0,0.0,0.0,0.0,0.0,0.0,0.0,0.0,0.0,0.0,0.0,0.0,1.0,0.0,0.0,1.0,1.0,1.0,1.0,1.0,1.0,1.0,1.0,1.0,1.0,1.0,1.0,1.0,1.0,1.0,1.0,1.0,1.0,1.0,1.0,1.0,1.0,1.0,1.0,1.0,1.0,1.0,1.0,1.0,1.0,1.0,1.0,0.0,1.0,1.0,1.0,0.0,0.0,0.0,1.0,0.0,0.0,1.0,1.0,1.0,1.0,1.0,0.0,1.0,1.0,0.0,1.0,1.0,1.0,0.0,0.0,1.0,1.0,0.0,0.0,1.0,1.0,1.0,1.0,1.0,0.0,1.0,1.0,1.0,1.0,1.0,0.0,0.0,1.0,1.0,0.0,0.0,1.0,0.0,0.0,0.0,1.0,1.0,1.0,0.0,0.0,0.0,0.0,0.0,0.0,0.0,1.0,0.0,0.0,0.0,0.0,1.0,0.0,0.0,0.0,1.0,1.0,0.0,0.0,1.0,0.0,0.0,0.0,1.0,1.0,1.0,0.0,0.0,0.0,0.0,0.0,0.0,1.0,1.0,0.0,0.0,0.0,0.0,0.0,0.0,1.0,0.0,0.0,0.0,1.0,1.0,1.0,0.0,0.0,0.0,0.0,0.0,0.0,0.0,1.0,0.0,0.0,0.0,0.0,1.0,0.0,0.0,0.0,1.0,1.0,0.0,0.0,1.0,1.0,0.0,0.0,1.0,1.0,1.0,1.0,1.0,0.0,0.0,0.0,0.0,1.0,1.0,0.0,0.0,1.0,0.0,0.0,0.0,1.0,0.0,0.0,1.0,1.0,1.0,1.0,0.0,0.0,0.0,1.0,1.0,0.0,1.0,1.0,1.0,1.0,1.0,0.0,1.0,1.0,0.0,1.0,1.0,1.0,0.0,0.0,1.0,1.0,1.0,0.0,1.0,1.0,1.0,1.0,1.0,1.0,1.0,1.0,1.0,1.0,1.0,1.0,1.0,1.0,0.0,0.0,1.0,1.0,0.0,1.0,1.0,1.0,1.0,1.0,1.0,1.0,1.0,1.0,1.0,1.0,1.0,1.0,1.0,1.0,1.0,1.0,1.0,1.0,1.0,1.0,1.0,1.0,1.0,1.0,1.0,1.0,1.0,1.0,1.0,1.0,1.0,1.0,1.0,1.0,1.0,1.0,1.0,1.0,1.0,1.0,0.0,1.0,0.0,0.0,0.0,0.0,0.0,0.0,0.0,0.0,0.0,0.0,0.0,0.0,0.0,0.0,0.0,0.0,0.0,0.0,0.0,0.0,0.0,0.0,0.0,0.0,0.0,0.0,0.0,0.0,0.0,0.0,0.0,0.0,0.0,0.0,0.0,0.0,0.0,0.0,0.0,0.0,0.0,0.0,0.0,0.0,0.0,0.0,0.0,1.0,1.0,1.0,0.0,0.0,0.0,1.0,0.0,0.0,1.0,1.0,1.0,1.0,1.0,0.0,1.0,1.0,0.0,1.0,1.0,1.0,0.0,0.0,1.0,1.0,0.0,0.0,1.0,1.0,1.0,1.0,1.0,0.0,1.0,1.0,1.0,1.0,1.0,0.0,1.0,1.0,1.0,0.0,0.0,1.0,0.0,0.0,1.0,1.0,1.0,1.0,0.0,0.0,0.0,1.0,1.0,0.0,1.0,1.0,1.0,1.0,1.0,0.0,1.0,1.0,0.0,1.0,1.0,1.0,0.0,0.0,1.0,1.0,1.0,0.0,1.0,1.0,1.0,1.0,1.0,1.0,1.0,1.0,1.0,1.0,1.0,1.0,1.0,1.0,1.0,0.0,1.0,1.0,0.0
0.5,0.5191329688934725,0.510056641380817,0.8705990632349738,0.606209157541863,0.45804832739421114,0.7038844819271505,0.872066774255219,0.5724033158875435,0.4980828841904791,0.6736614024329394,0.5949725575032573,0.5583398354507744,0.6176123065873786,0.6697609937708718,0.5435061337975639,0.5525392203178522,0.49898913647807874,0.5947022634836531,0.5905058186877506,0.5408744665150129,0.5990948293618579,0.6967346651274174,0.769139623928135,0.8285151570601453,0.601431538297672,0.8281169857209738,0.6376761654751752,0.6224178303768613,0.5194547749059444,0.5920130810608921,0.6355604232346022,0.7547762458383226,0.840767797167769,0.8311635461568587,0.7430354469760464,0.5549507846455299,0.5933909359733567,0.606209157541863,0.617760728645035,0.9580483273942111,0.8724671144773544,0.6015088921964404,0.4808670311065275,0.5,0.4909236724873445,0.8514660943415013,0.5870761886483905,0.4389153585007386,0.684751513033678,0.8529338053617465,0.553270346994071,0.4789499152970066,0.5385950807721894,0.6545284335394669,0.6100132454254971,0.5758395886097847,0.5392068665573018,0.5984793376939062,0.6506280248773993,0.5243731649040912,0.5334062514243797,0.4798561675846062,0.5755692945901806,0.5713728497942782,0.5217414976215404,0.5799618604683854,0.677601696233945,0.7500066550346625,0.8093821881666728,0.5822985694041994,0.8089840168275013,0.6185431965817028,0.5394858858160628,0.6032848614833888,0.5003218060124719,0.5728801121674196,0.5215805254729837,0.6164274543411297,0.5011257230599353,0.73564327694485,0.8216348282742963,0.8120305772633862,0.5542969181149603,0.7239024780825739,0.5358178157520574,0.5742579670798842,0.5870761886483905,0.5986277597515625,0.9389153585007386,0.8533341455838818,0.582375923302968,0.48994335861918303,0.5090763275126555,0.8605424218541569,0.596152516161046,0.4479916860133942,0.6938278405463335,0.862010132874402,0.5623466745067265,0.4880262428096621,0.6636047610521224,0.5849159161224403,0.5482831940699574,0.6075556652065617,0.6597043523900549,0.5334494924167469,0.5424825789370352,0.4889324950972618,0.5846456221028361,0.5804491773069337,0.530817825134196,0.5890381879810409,0.6866780237466005,0.759082982547318,0.8184585156793284,0.5913748969168551,0.8180603443401568,0.6276195240943583,0.6123611889960443,0.5093981335251274,0.5819564396800752,0.6255037818537852,0.7447196044575056,0.8307111557869519,0.8211069047760418,0.7329788055952294,0.544894143264713,0.5833342945925397,0.596152516161046,0.607704087264218,0.9479916860133941,0.8624104730965374,0.5914522508156235,0.12940093676502615,0.14853390565849867,0.13945757814584311,0.5,0.23561009430688912,0.08744926415923727,0.3332854186921766,0.5014677110202451,0.2018042526525696,0.12748382095550526,0.18712898643068807,0.3030623391979655,0.25854715108399573,0.2243734942682834,0.18774077221580046,0.2470132433524048,0.299161930535898,0.17290707056258997,0.1819401570828783,0.1283900732431049,0.22410320024867922,0.21990675545277685,0.17027540328003907,0.22849576612688402,0.3261356018924436,0.39854056069316113,0.4579160938251715,0.23083247506269813,0.457517922486,0.2670771022402014,0.18801979147456147,0.25181876714188745,0.1488557116709705,0.22141401782591827,0.17011443113148236,0.2649613599996283,0.14965962871843394,0.3841771826033487,0.47016873393279507,0.4605644829218849,0.20283082377345893,0.3724363837410726,0.18435172141055609,0.22279187273838288,0.23561009430688912,0.2471616654100611,0.5874492641592373,0.5018680512423804,0.23090982896146656,0.393790842458137,0.41292381135160955,0.40384748383895397,0.7643899056931108,0.5,0.35183916985234814,0.5976753243852875,0.765857616713356,0.46619415834568045,0.39187372664861614,0.4515188921237989,0.5674522448910764,0.5229370567771067,0.4887633999613943,0.4521306779089113,0.5114031490455156,0.5635518362290088,0.43729697625570085,0.4463300627759892,0.39277997893621575,0.4884931059417901,0.4842966611458877,0.4346653089731499,0.4928856718199949,0.5905255075855544,0.662930466386272,0.7223059995182824,0.49522238075580904,0.7219078281791108,0.5314670079333123,0.4524096971676723,0.5162086728349983,0.4132456173640814,0.4858039235190291,0.4345043368245932,0.5293512656927392,0.4140495344115448,0.6485670882964596,0.734558639625906,0.7249543886149957,0.4672207294665698,0.6368262894341834,0.44874162710366694,0.48718177843149374,0.5,0.511551571103172,0.8518391698523482,0.7662579569354914,0.49529973465457744,0.5419516726057889,0.5610846414992614,0.5520083139866059,0.9125507358407627,0.6481608301476518,0.5,0.7458361545329393,0.9140184468610079,0.6143549884933324,0.540034556796268,0.7156130750387283,0.6369242301090461,0.6002915080565632,0.6595639791931676,0.7117126663766608,0.5854578064033527,0.594490892923641,0.5409408090838677,0.636653936089442,0.6324574912935396,0.5828261391208018,0.6410465019676468,0.7386863377332064,0.8110912965339239,0.8704668296659342,0.6433832109034608,0.8700686583267627,0.6796278380809642,0.6643695029826502,0.5614064475117332,0.633964753666681,0.6775120958403911,0.7967279184441114,0.8827194697735578,0.8731152187626476,0.7849871195818353,0.5969024572513189,0.6353426085791456,0.6481608301476518,0.6597124012508239,1.0,0.9144187870831432,0.6434605648022292,0.2961155180728495,0.3152484869663221,0.30617215945366655,0.6667145813078234,0.4023246756147125,0.25416384546706067,0.5,0.6681822923280686,0.368518833960393,0.29419840226332866,0.3538435677385115,0.4697769205057889,0.42526173239181914,0.3910880755761068,0.3544553535236239,0.4137278246602282,0.4658765118437214,0.3396216518704134,0.3486547383907017,0.29510465455092827,0.39081778155650265,0.38662133676060023,0.33698998458786245,0.3952103474347074,0.492850183200267,0.5652551420009845,0.624630675132995,0.39754705637052157,0.6242325037938233,0.43379168354802483,0.35473437278238484,0.41853334844971085,0.3155702929787939,0.3881285991337417,0.3368290124393058,0.4316759413074517,0.3163742100262574,0.5508917639111721,0.6368833152406185,0.6272790642297082,0.3695454050812823,0.5391509650488959,0.35106630271837946,0.38950645404620626,0.4023246756147125,0.4138762467178845,0.7541638454670607,0.6685826325502039,0.39762441026928996,0.12793322574478103,0.14706619463825354,0.137989867125598,0.4985322889797549,0.234142383286644,0.08598155313899214,0.33181770767193147,0.5,0.20033654163232445,0.1260161099352601,0.18566127541044294,0.30159462817772037,0.2570794400637506,0.22290578324803825,0.18627306119555534,0.24554553233215967,0.2976942195156529,0.17143935954234482,0.18047244606263319,0.12692236222285974,0.2226354892284341,0.2184390444325317,0.16880769225979395,0.22702805510663887,0.3246678908721985,0.397072849672916,0.4564483828049264,0.229364764042453,0.45605021146575486,0.2656093912199563,0.18655208045431632,0.25035105612164227,0.14738800065072538,0.21994630680567315,0.16864672011123724,0.26349364897938315,0.14819191769818882,0.3827094715831036,0.4687010229125499,0.4590967719016397,0.2013631127532138,0.37096867272082745,0.18288401039031096,0.22132416171813776,0.234142383286644,0.24569395438981598,0.5859815531389921,0.5004003402221353,0.22944211794122144,0.42759668411245655,0.4467296530059291,0.4376533254932735,0.7981957473474304,0.5338058416543195,0.3856450115066677,0.631481166039607,0.7996634583676755,0.5,0.42567956830293563,0.48532473377811847,0.6012580865453959,0.5567428984314262,0.5225692416157138,0.48593651956323086,0.5452089906998352,0.5973576778833284,0.47110281791002034,0.48013590443030874,0.4265858205905353,0.5222989475961096,0.5181025028002072,0.46847115062746947,0.5266915134743144,0.624331349239874,0.6967363080405915,0.7561118411726019,0.5290282224101286,0.7557136698334304,0.5652728495876318,0.48621553882199187,0.5500145144893178,0.44705145901840093,0.5196097651733487,0.46831017847891276,0.5631571073470587,0.44785537606586434,0.6823729299507791,0.7683644812802255,0.7587602302693153,0.5010265711208893,0.670632131088503,0.4825474687579865,0.5209876200858133,0.5338058416543195,0.5453574127574915,0.8856450115066676,0.8000637985898109,0.529105576308897,0.5019171158095209,0.5210500847029934,0.5119737571903379,0.8725161790444947,0.6081262733513839,0.459965443203732,0.7058015977366714,0.8739838900647399,0.5743204316970644,0.5,0.5596451654751828,0.6755785182424603,0.6310633301284905,0.5968896733127781,0.5602569512602952,0.6195294223968996,0.6716781095803928,0.5454232496070847,0.5544563361273731,0.5009062522875997,0.596619379293174,0.5924229344972716,0.5427915823245338,0.6010119451713788,0.6986517809369384,0.7710567397376559,0.8304322728696663,0.6033486541071928,0.8300341015304947,0.6395932812846962,0.5605359705190562,0.6243349461863822,0.5213718907154653,0.593930196870413,0.5426306101759771,0.6374775390441231,0.5221758077629287,0.7566933616478434,0.8426849129772898,0.8330806619663796,0.5753470028179537,0.7449525627855673,0.5568679004550509,0.5953080517828776,0.6081262733513839,0.6196778444545559,0.959965443203732,0.8743842302868753,0.6034260080059614,0.4614049192278106,0.8128710135693119,0.5484811078762011,0.6461564322614886,0.814338724589557,0.5146752662218815,0.44035483452481716,0.6159333527672775,0.5372445078375954,0.5598842569217167,0.6120329441052099,0.4857780841319019,0.49481117065219027,0.5369742138179912,0.5327777690220887,0.483146416849351,0.541366779696196,0.6390066154617555,0.711411574262473,0.7707871073944834,0.5437034886320101,0.7703889360553119,0.5799481158095133,0.5646897807111994,0.4617267252402824,0.5342850313952302,0.5778323735689402,0.6970481961726607,0.783039747502107,0.7734354964911968,0.6853073973103845,0.497222734979868,0.5356628863076948,0.5484811078762011,0.560032678979373,0.9003202777285492,0.8147390648116924,0.32633859756706063,0.3454715664605331,0.3363952389478776,0.6969376608020345,0.4325477551089236,0.28438692496127177,0.5302230794942111,0.6984053718222796,0.3987419134546041,0.3244214817575397,0.38406664723272255,0.5,0.45548481188603024,0.42131115507031786,0.38467843301783494,0.4439509041544393,0.49609959133793247,0.3698447313646244,0.3788778178849128,0.32532773404513937,0.4210408610507137,0.41684441625481133,0.36721306408207355,0.4254334269289185,0.5230732626944781,0.5954782214951956,0.654853754627206,0.4277701358647326,0.6544555832880344,0.46401476304223593,0.38495745227659595,0.4487564279439219,0.34579337247300496,0.41835167862795275,0.36705209193351684,0.4618990208016628,0.3465972895204684,0.5811148434053832,0.6671063947348296,0.6575021437239194,0.3997684845754934,0.569374044543107,0.38128938221259057,0.41972953354041737,0.4325477551089236,0.4440993262120956,0.7843869249612717,0.698805712044415,0.42784748976350107,0.3899867545745029,0.7414528489160043,0.4770629432228934,0.5747382676081808,0.7429205599362494,0.44325710156857384,0.36893666987150947,0.5445151881139698,0.4658263431842876,0.48846609226840904,0.5406147794519023,0.4143599194785942,0.4233930059988826,0.36984292215910913,0.46555604916468346,0.4613596043687811,0.4117282521960433,0.46994861504288826,0.5675884508084479,0.6399934096091654,0.6993689427411758,0.4722853239787024,0.6989707714020043,0.5085299511562057,0.49327161605789166,0.3903085605869748,0.4628668667419225,0.5064142089156325,0.6256300315193529,0.7116215828487993,0.7020173318378892,0.6138892326570768,0.4258045703265603,0.4642447216543871,0.4770629432228934,0.48861451432606534,0.8289021130752415,0.7433209001583847,0.4723626778774708,0.4050274424967428,0.42416041139021526,0.41508408387755974,0.7756265057317167,0.5112366000386057,0.36307576989095386,0.6089119244238932,0.7770942167519618,0.4774307583842862,0.40311032668722185,0.4627554921624047,0.5786888449296821,0.5341736568157124,0.5,0.4633672779475171,0.5226397490841214,0.5747884362676147,0.44853357629430657,0.4575666628145949,0.4040165789748215,0.49972970598039584,0.4955332611844934,0.4459019090117557,0.5041222718586006,0.6017621076241603,0.6741670664248777,0.7335425995568882,0.5064589807944148,0.7331444282177166,0.5427036079719181,0.46364629720627804,0.527445272873604,0.4244822174026871,0.4970405235576349,0.445740936863199,0.5405878657313449,0.42528613445015057,0.6598036883350653,0.7457952396645117,0.7361909886536014,0.47845732950517555,0.6480628894727892,0.4599782271422727,0.4984183784700995,0.5112366000386057,0.5227881711417777,0.8630757698909539,0.7774945569740971,0.5065363346931832,0.4416601645492257,0.4607931334426982,0.45171680593004265,0.8122592277841996,0.5478693220910886,0.3997084919434368,0.6455446464763761,0.8137269388044447,0.5140634804367691,0.43974304873970477,0.615321566982165,0.5366327220524829,0.5,0.5592724711366043,0.6114211583200976,0.4851662983467895,0.4941993848670779,0.44064930102730443,0.5363624280328787,0.5321659832369764,0.4825346310642386,0.5407549939110835,0.6383948296766432,0.7107997884773607,0.7701753216093711,0.5430917028468977,0.7697771502701996,0.579336330024401,0.5640779949260869,0.46111493945517,0.5336732456101178,0.5772205877838278,0.6964364103875482,0.7824279617169946,0.7728237107060844,0.6846956115252721,0.4966109491947556,0.5350511005225824,0.5478693220910886,0.5594208931942606,0.8997084919434368,0.81412727902658,0.5431690567456661,0.38238769341262135,0.40152066230609385,0.3924443347934383,0.7529867566475952,0.48859685095448435,0.3404360208068325,0.5862721753397718,0.7544544676678403,0.4547910093001648,0.38047057760310043,0.4401157430782833,0.5560490958455607,0.5115339077315909,0.4773602509158786,0.44072752886339567,0.5,0.5521486871834932,0.42589382721018515,0.43492691373047354,0.3813768298907001,0.4770899568962744,0.47289351210037206,0.4232621599276343,0.4814825227744792,0.5791223585400388,0.6515273173407563,0.7109028504727667,0.48381923171029334,0.7105046791335952,0.5200638588877966,0.44100654812215667,0.5048055237894826,0.4018424683185657,0.4744007744735135,0.42310118777907757,0.5179481166472235,0.40264638536602915,0.637163939250944,0.7231554905803902,0.7135512395694801,0.45581758042105414,0.6254231403886678,0.4373384780581513,0.4757786293859781,0.48859685095448435,0.5001484220576563,0.8404360208068324,0.7548548078899757,0.48389658560906174,0.33023900622912816,0.34937197512260065,0.34029564760994513,0.700838069464102,0.4364481637709911,0.28828733362333925,0.5341234881562786,0.7023057804843471,0.40264232211667156,0.32832189041960724,0.3879670558947901,0.5039004086620675,0.4593852205480978,0.4252115637323854,0.3885788416799025,0.4478513128165068,0.5,0.37374514002669196,0.3827782265469803,0.3292281427072069,0.42494126971278123,0.4207448249168788,0.3711134727441411,0.429333835590986,0.5269736713565456,0.5993786301572631,0.6587541632892735,0.43167054452680015,0.658355991950102,0.4679151717043034,0.3888578609386634,0.45265683660598943,0.3496937811350725,0.4222520872900203,0.3709525005955844,0.46579942946373026,0.35049769818253595,0.5850152520674506,0.671006803396897,0.6614025523859869,0.40366889323756094,0.5732744532051746,0.3851897908746581,0.4236299422024849,0.4364481637709911,0.4479997348741631,0.7882873336233392,0.7027061207064824,0.43174789842556854,0.4564938662024362,0.4756268350959087,0.46655050758325317,0.8270929294374101,0.5627030237442991,0.4145421935966473,0.6603783481295866,0.8285606404576552,0.5288971820899796,0.4545767503929153,0.5142219158680981,0.6301552686353755,0.5856400805214058,0.5514664237056934,0.5148337016532105,0.5741061727898148,0.6262548599733081,0.5,0.5090330865202883,0.45548300268051495,0.5511961296860892,0.5469996848901869,0.4973683327174491,0.555588695564294,0.6532285313298537,0.7256334901305711,0.7850090232625816,0.5579254045001082,0.7846108519234101,0.5941700316776115,0.5151127209119715,0.5789116965792974,0.47594864110838053,0.5485069472633283,0.4972073605688924,0.5920542894370383,0.476752558155844,0.7112701120407587,0.7972616633702051,0.7876574123592949,0.5299237532108689,0.6995293131784827,0.5114446508479661,0.5498848021757929,0.5627030237442991,0.5742545948474711,0.9145421935966473,0.8289609806797905,0.5580027583988766,0.4474607796821478,0.46659374857562036,0.4575174210629648,0.8180598429171216,0.5536699372240108,0.40550910707635895,0.6513452616092983,0.8195275539373668,0.5198640955696913,0.44554366387262695,0.5051888293478097,0.6211221821150872,0.5766069940011175,0.5424333371854051,0.5058006151329222,0.5650730862695265,0.6172217734530197,0.49096691347971166,0.5,0.44644991616022656,0.5421630431658009,0.5379665983698986,0.48833524619716073,0.5465556090440057,0.6441954448095653,0.7166004036102828,0.7759759367422931,0.5488923179798199,0.7755777654031216,0.5851369451573231,0.5060796343916831,0.5698786100590091,0.4669155545880922,0.5394738607430399,0.48817427404860403,0.58302120291675,0.4677194716355556,0.7022370255204704,0.7882285768499168,0.7786243258390065,0.5208906666905806,0.6904962266581942,0.5024115643276778,0.5408517156555046,0.5536699372240108,0.5652215083271828,0.905509107076359,0.8199278941595022,0.5489696718785883,0.5010108635219213,0.5201438324153937,0.5110675049027382,0.8716099267568951,0.6072200210637843,0.4590591909161324,0.7048953454490717,0.8730776377771402,0.5734141794094647,0.49909374771240034,0.6746722659548606,0.6301570778408909,0.5959834210251785,0.5593506989726956,0.6186231701092999,0.6707718572927931,0.5445169973194851,0.5535500838397734,0.5,0.5957131270055743,0.5915166822096719,0.5418853300369342,0.6001056928837791,0.6977455286493387,0.7701504874500562,0.8295260205820666,0.6024424018195933,0.8291278492428951,0.6386870289970965,0.6234286938987825,0.5204656384278656,0.5930239445828134,0.5417243578883775,0.6365712867565234,0.521269555475329,0.7557871093602438,0.8417786606896902,0.83217440967878,0.7440463104979677,0.5559616481674512,0.594401799495278,0.6072200210637843,0.6187715921669562,0.9590591909161323,0.8734779779992756,0.6025197557183617,0.40529773651634693,0.4244307054098194,0.4153543778971639,0.7758967997513208,0.5115068940582099,0.36334606391055807,0.6091822184434974,0.7773645107715659,0.4777010524038904,0.403380620706826,0.46302578618200885,0.5789591389492863,0.5344439508353165,0.5002702940196042,0.46363757196712124,0.5229100431037256,0.5750587302872188,0.4488038703139107,0.4578369568341991,0.4042868729944257,0.5,0.49580355520409763,0.44617220303135985,0.5043925658782048,0.6020324016437644,0.6744373604444819,0.7338128935764923,0.506729274814019,0.7334147222373207,0.5429739019915222,0.46391659122588225,0.5277155668932082,0.42475251142229126,0.49731081757723905,0.44601123088280314,0.5408581597509491,0.4255564284697547,0.6600739823546695,0.7460655336841159,0.7364612826732057,0.4787276235247797,0.6483331834923933,0.46024852116187687,0.49868867248970367,0.5115068940582099,0.5230584651613819,0.863346063910558,0.7777648509937013,0.5068066287127874,0.4094941813122493,0.42862715020572184,0.41955082269306626,0.7800932445472232,0.5157033388541122,0.36754250870646044,0.6133786632393997,0.7815609555674683,0.48189749719979275,0.40757706550272843,0.4672222309779112,0.5831555837451887,0.5386403956312189,0.5044667388155065,0.4678340167630236,0.527106487899628,0.5792551750831212,0.45300031510981315,0.4620334016301015,0.40848331779032804,0.5041964447959024,0.5,0.4503686478272622,0.5085890106741072,0.6062288464396668,0.6786338052403843,0.7380093383723947,0.5109257196099213,0.7376111670332232,0.5471703467874246,0.4681130360217846,0.5319120116891106,0.4289489562181937,0.5015072623731415,0.4502076756787055,0.5450546045468515,0.4297528732656571,0.6642704271505718,0.7502619784800182,0.7406577274691081,0.4829240683206821,0.6525296282882957,0.46444496595777923,0.502885117285606,0.5157033388541122,0.5272549099572843,0.8675425087064604,0.7819612957896036,0.5110030735086897,0.4591255334849871,0.47825850237845957,0.46918217486580405,0.8297245967199609,0.5653346910268501,0.4171738608791982,0.6630100154121376,0.831192307740206,0.5315288493725305,0.45720841767546616,0.516853583150649,0.6327869359179265,0.5882717478039566,0.5540980909882444,0.5174653689357614,0.5767378400723657,0.6288865272558589,0.5026316672825509,0.5116647538028393,0.4581146699630658,0.5538277969686402,0.5496313521727377,0.5,0.558220362846845,0.6558601986124045,0.728265157413122,0.7876406905451324,0.5605570717826591,0.7872425192059609,0.5968016989601623,0.5177443881945224,0.5815433638618484,0.4785803083909314,0.5511386145458792,0.4998390278514433,0.5946859567195892,0.4793842254383949,0.7139017793233097,0.799893330652756,0.7902890796418458,0.5325554204934199,0.7021609804610335,0.514076318130517,0.5525164694583439,0.5653346910268501,0.576886262130022,0.9171738608791982,0.8315926479623414,0.5606344256814275,0.4009051706381421,0.4200381395316147,0.4109618120189591,0.771504233873116,0.5071143281800051,0.35895349803235327,0.6047896525652926,0.7729719448933611,0.4733084865256856,0.39898805482862126,0.45863322030380405,0.5745665730710815,0.5300513849571118,0.49587772814139935,0.45924500608891644,0.5185174772255208,0.570666164409014,0.4444113044357059,0.4534443909559943,0.39989430711622087,0.4956074341217952,0.49141098932589283,0.44177963715315505,0.5,0.5976398357655596,0.6700447945662771,0.7294203276982875,0.5023367089358142,0.7290221563591159,0.5385813361133174,0.45952402534767745,0.5233230010150034,0.4203599455440865,0.49291825169903425,0.44161866500459834,0.5364655938727443,0.4211638625915499,0.6556814164764647,0.7416729678059111,0.7320687167950009,0.4743350576465749,0.6439406176141885,0.45585595528367207,0.49429610661149886,0.5071143281800051,0.5186658992831771,0.8589534980323532,0.7733722851154965,0.5024140628345826,0.30326533487258256,0.32239830376605505,0.3133219762533995,0.6738643981075564,0.4094744924144455,0.26131366226679364,0.507149816799733,0.6753321091278015,0.375668650760126,0.30134821906306164,0.3609933845382445,0.47692673730552193,0.43241154919155217,0.3982378923758398,0.3616051703233569,0.4208776414599612,0.4730263286434544,0.34677146867014635,0.3558045551904347,0.3022544713506613,0.39796759835623563,0.3937711535603332,0.3441398013875955,0.4023601642344404,0.5,0.5724049588007175,0.6317804919327279,0.40469687317025455,0.6313823205935564,0.4409415003477578,0.3618841895821178,0.42568316524944383,0.3227201097785269,0.3952784159334747,0.3439788292390388,0.43882575810718466,0.32352402682599035,0.558041580710905,0.6440331320403514,0.6344288810294413,0.37669522188101534,0.546300781848629,0.3582161195181125,0.3966562708459393,0.4094744924144455,0.4210260635176175,0.7613136622667936,0.6757324493499369,0.40477422706902294,0.23086037607186505,0.24999334496533754,0.24091701745268201,0.6014594393068389,0.337069533613728,0.18890870346607616,0.43474485799901547,0.602927150327084,0.3032636919594085,0.22894326026234413,0.28858842573752697,0.4045217785048044,0.36000659039083466,0.3258329335751223,0.28920021152263936,0.3484726826592437,0.4006213698427369,0.27436650986942884,0.28339959638971723,0.22984951254994376,0.3255626395555181,0.32136619475961575,0.27173484258687797,0.3299552054337229,0.4275950411992825,0.5,0.5593755331320104,0.33229191436953703,0.5589773617928389,0.3685365415470403,0.28947923078140037,0.3532782064487263,0.2503151509778094,0.32287345713275717,0.27157387043832126,0.3664207993064672,0.25111906802527284,0.4856366219101876,0.5716281732396339,0.5620239222287238,0.30429026308029783,0.47389582304791145,0.285811160717395,0.3242513120452218,0.337069533613728,0.3486211047169,0.6889087034660761,0.6033274905492194,0.33236926826830543,0.17148484293985464,0.19061781183332713,0.1815414843206716,0.5420839061748285,0.2776940004817176,0.12953317033406575,0.3753693248670051,0.5435516171950736,0.24388815882739806,0.16956772713033372,0.22921289260551655,0.345146245372794,0.3006310572588242,0.2664574004431119,0.22982467839062895,0.28909714952723325,0.3412458367107265,0.21499097673741843,0.2240240632577068,0.17047397941793335,0.2661871064235077,0.2619906616276053,0.21235930945486753,0.2705796723017125,0.3682195080672721,0.4406244668679896,0.5,0.2729163812375266,0.4996018286608285,0.3091610084150299,0.23010369764938993,0.2939026733167159,0.19093961784579896,0.26349792400074673,0.21219833730631085,0.30704526617445677,0.19174353489326243,0.4262610887781772,0.5122526401076235,0.5026483890967134,0.2449147299482874,0.41452028991590106,0.22643562758538455,0.26487577891321135,0.2776940004817176,0.28924557158488956,0.6295331703340658,0.5439519574172089,0.27299373513629505,0.398568461702328,0.4177014305958005,0.408625103083145,0.7691675249373019,0.504777619244191,0.35661678909653916,0.6024529436294784,0.770635235957547,0.47097177758987147,0.3966513458928071,0.45629651136798993,0.5722298641352673,0.5277146760212976,0.49354101920558524,0.4569082971531023,0.5161807682897066,0.5683294554731999,0.4420745954998918,0.4511076820201802,0.39755759818040676,0.4932707251859811,0.4890742803900787,0.43944292821734093,0.4976632910641859,0.5953031268297455,0.667708085630463,0.7270836187624734,0.5,0.7266854474233019,0.5362446271775033,0.45718731641186333,0.5209862920791892,0.41802323660827234,0.49058154276322014,0.43928195606878423,0.5341288849369301,0.4188271536557358,0.6533447075406505,0.7393362588700969,0.7297320078591867,0.4719983487107608,0.6416039086783745,0.45351924634785795,0.49195939767568475,0.504777619244191,0.5163291903473629,0.8566167890965392,0.7710355761796823,0.5000773538987684,0.17188301427902616,0.19101598317249868,0.18193965565984316,0.542482077514,0.27809217182088913,0.1299313416732373,0.3757674962061766,0.5439497885342451,0.24428633016656962,0.16996589846950527,0.2296110639446881,0.34554441671196556,0.3010292285979958,0.2668555717822834,0.2302228497298005,0.28949532086640484,0.34164400804989803,0.21538914807659,0.22442223459687835,0.1708721507571049,0.26658527776267926,0.26238883296677684,0.21275748079403908,0.270977843640884,0.36861767940644363,0.44102263820716114,0.5003981713391715,0.2733145525766982,0.5,0.30955917975420144,0.23050186898856148,0.29430084465588746,0.19133778918497052,0.2638960953399183,0.21259650864548238,0.3074434375136283,0.19214170623243396,0.4266592601173487,0.512650811446795,0.5030465604358849,0.24531290128745895,0.4149184612550726,0.2268337989245561,0.26527395025238293,0.27809217182088913,0.28964374292406114,0.6299313416732373,0.5443501287563806,0.2733919064754666,0.3623238345248247,0.38145680341829724,0.3723804759056417,0.7329228977597986,0.4685329920666877,0.32037216191903584,0.5662083164519751,0.7343906087800437,0.43472715041236815,0.36040671871530383,0.42005188419048667,0.5359852369577641,0.4914700488437943,0.457296392028082,0.42066366997559906,0.4799361411122034,0.5320848282956966,0.40582996832238855,0.4148630548426769,0.36131297100290344,0.4570260980084778,0.4528296532125754,0.4031983010398376,0.46141866388668257,0.5590584996522422,0.6314634584529597,0.6908389915849701,0.46375537282249674,0.6904408202457986,0.5,0.42094268923436,0.484741664901686,0.3817786094307691,0.45433691558571687,0.40303732889128097,0.49788425775942685,0.38258252647823254,0.6171000803631472,0.7030916316925936,0.6934873806816835,0.4357537215332575,0.6053592815008711,0.41727461917035463,0.45571477049818143,0.4685329920666877,0.48008456316985965,0.8203721619190358,0.734790949002179,0.46383272672126513,0.46051411418393723,0.8119802085254385,0.5475903028323277,0.6452656272176152,0.8134479195456836,0.5137844611780081,0.4394640294809438,0.615042547723404,0.536353702793722,0.5589934518778433,0.6111421390613365,0.48488727908802853,0.49392036560831687,0.5360834087741178,0.5318869639782154,0.4822556118054776,0.5404759746523226,0.6381158104178821,0.7105207692185996,0.76989630235061,0.5428126835881367,0.7694981310114385,0.5790573107656399,0.563798975667326,0.46083592019640907,0.5333942263513568,0.5769415685250668,0.6961573911287873,0.7821489424582336,0.7725446914473234,0.6844165922665111,0.4963319299359946,0.5347720812638215,0.5475903028323277,0.5591418739354996,0.8994294726846758,0.813848259767819,0.37758216962313873,0.3967151385166112,0.3876388110039557,0.7481812328581126,0.4837913271650017,0.33563049701734987,0.5814666515502892,0.7496489438783577,0.4499854855106822,0.3756650538136178,0.43531021928880065,0.5512435720560781,0.5067283839421083,0.47255472712639596,0.43592200507391304,0.4951944762105174,0.5473431633940106,0.4210883034207025,0.4301213899409909,0.3765713061012175,0.4722844331067918,0.46808798831088944,0.41845663613815165,0.4766769989849966,0.5743168347505562,0.6467217935512737,0.7060973266832841,0.4790137079208107,0.7056991553441125,0.515258335098314,0.43620102433267405,0.5,0.39703694452908306,0.46959525068403085,0.41829566398959495,0.5131425928577409,0.3978408615765465,0.6323584154614613,0.7183499667909077,0.7087457157799975,0.4510120566315715,0.6206176165991851,0.43253295426866867,0.47097310559649547,0.4837913271650017,0.4953428982681737,0.8356304970173498,0.7500492841004931,0.4790910618195791,0.4805452250940557,0.49967819398752816,0.49060186647487264,0.8511442883290296,0.5867543826359186,0.43859355248826676,0.6844297070212061,0.8526119993492747,0.5529485409815991,0.47862810928453475,0.5382732747597175,0.654206627526995,0.6096914394130253,0.5755177825973129,0.53888506054483,0.5981575316814343,0.6503062188649275,0.5240513588916195,0.5330844454119078,0.47953436157213436,0.5752474885777087,0.5710510437818064,0.5214196916090685,0.5796400544559135,0.6772798902214731,0.7496848490221906,0.8090603821542011,0.5819767633917277,0.8086622108150294,0.618221390569231,0.5391640798035909,0.6029630554709169,0.5,0.5725583061549477,0.5212587194605118,0.6161056483286578,0.5008039170474634,0.7353214709323782,0.8213130222618246,0.8117087712509143,0.5539751121024884,0.723580672070102,0.5354960097395856,0.5739361610674124,0.5867543826359186,0.5983059537390906,0.9385935524882668,0.85301233957141,0.582054117290496,0.4079869189391079,0.42711988783258037,0.41804356031992485,0.7785859821740817,0.5141960764809709,0.366035246333319,0.6118714008662584,0.7800536931943268,0.48039023482665133,0.40606980312958696,0.4657149686047698,0.5816483213720473,0.5371331332580774,0.5029594764423652,0.4663267543898822,0.5255992255264865,0.5777479127099797,0.4514930527366717,0.46052613925696007,0.4069760554171866,0.502689182422761,0.4984927376268586,0.4488613854541208,0.5070817483009658,0.6047215840665253,0.6771265428672428,0.7365020759992532,0.5094184572367799,0.7361039046600817,0.5456630844142831,0.4666057736486432,0.5304047493159691,0.4274416938450522,0.5,0.4487004133055641,0.54354734217371,0.42824561089251567,0.6627631647774305,0.7487547161068768,0.7391504650959666,0.48141680594754066,0.6510223659151543,0.4629377035846378,0.5013778549124646,0.5141960764809709,0.5257476475841428,0.866035246333319,0.7804540334164622,0.5094958111355483,0.4784194745270163,0.8298855688685176,0.5654956631754068,0.6631709875606943,0.8313532798887627,0.5316898215210872,0.45736938982402287,0.6329479080664832,0.5542590631368011,0.5768988122209224,0.6290474994044156,0.5027926394311076,0.511825725951396,0.4582756421116225,0.5539887691171969,0.5497923243212944,0.5001609721485567,0.5583813349954017,0.6560211707609612,0.7284261295616787,0.7878016626936891,0.5607180439312158,0.7874034913545176,0.596962671108719,0.581704336010405,0.4787412805394881,0.5512995866944359,0.5948469288681459,0.7140627514718664,0.8000543028013127,0.7904500517904025,0.7023219526095902,0.5142372902790737,0.5526774416069005,0.5654956631754068,0.5770472342785787,0.9173348330277549,0.8317536201108982,0.5607953978299842,0.36443957676539784,0.3835725456588704,0.3744962181462148,0.7350386400003717,0.47064873430726084,0.322487904159609,0.5683240586925483,0.7365063510206168,0.4368428926529413,0.362522460955877,0.42216762643105976,0.5381009791983372,0.49358579108436745,0.4594121342686551,0.42277941221617216,0.4820518833527765,0.5342005705362697,0.40794571056296164,0.41697879708325003,0.3634287132434766,0.4591418402490509,0.45494539545314855,0.40531404328041076,0.4635344061272557,0.5611742418928153,0.6335792006935328,0.6929547338255432,0.46587111506306983,0.6925565624863717,0.5021157422405731,0.42305843147493316,0.4868574071422591,0.3838943516713422,0.45645265782628996,0.40515307113185406,0.5,0.38469826871880564,0.6192158226037204,0.7052073739331668,0.6956031229222566,0.4378694637738306,0.6074750237414442,0.4193903614109278,0.4578305127387546,0.47064873430726084,0.4822003054104328,0.8224879041596089,0.7369066912427522,0.4659484689618383,0.4988742769400647,0.850340371281566,0.5859504655884552,0.6836257899737427,0.8518080823018112,0.5521446239341357,0.4778241922370713,0.6534027104795316,0.5747138655498495,0.5973536146339709,0.649502301817464,0.5232474418441561,0.5322805283644444,0.47873044452467095,0.5744435715302453,0.5702471267343429,0.5206157745616051,0.5788361374084501,0.6764759731740096,0.7488809319747272,0.8082564651067375,0.5811728463442642,0.807858293767566,0.6174174735217675,0.6021591384234535,0.49919608295253654,0.5717543891074843,0.6153017312811944,0.7345175538849148,0.8205091052143612,0.8109048542034509,0.7227767550226386,0.5346920926921221,0.5731322440199489,0.5859504655884552,0.5975020366916272,0.9377896354408033,0.8522084225239466,0.5812502002430326,0.24522375416167747,0.26435672305514996,0.25528039554249443,0.6158228173966513,0.3514329117035404,0.20327208155588858,0.4491082360888279,0.6172905284168965,0.3176270700492209,0.24330663835215655,0.3029518038273394,0.41888515659461684,0.3743699684806471,0.3401963116649347,0.3035635896124518,0.3628360607490561,0.4149847479325493,0.28872988795924126,0.2977629744795296,0.24421289063975618,0.33992601764533054,0.33572957284942817,0.2860982206766904,0.34431858352353534,0.4419584192890949,0.5143633780898124,0.5737389112218229,0.34665529245934945,0.5733407398826513,0.3828999196368527,0.3038426088712128,0.36764158453853873,0.2646785290676218,0.3372368352225696,0.2859372485281337,0.3807841773962796,0.26548244611508526,0.5,0.5859915513294464,0.5763873003185361,0.31865364117011025,0.48825920113772386,0.3001745388072074,0.3386146901350342,0.3514329117035404,0.3629844828067124,0.7032720815558886,0.6176908686390318,0.34673264635811785,0.1592322028322311,0.17836517172570363,0.16928884421304807,0.529831266067205,0.2654413603740941,0.11728053022644223,0.3631166847593815,0.5312989770874501,0.23163551871977453,0.1573150870227102,0.21696025249789302,0.3328936052651705,0.2883784171512007,0.25420476033548833,0.21757203828300542,0.27684450941960975,0.32899319660310294,0.2027383366297949,0.21177142315008327,0.15822133931030985,0.2539344663158842,0.24973802151998178,0.20010666934724403,0.258327032194089,0.35596686795964855,0.42837182676036606,0.4877473598923765,0.2606637411299031,0.4873491885532049,0.29690836830740636,0.2178510575417664,0.2816500332090924,0.17868697773817546,0.25124528389312323,0.19994569719868732,0.29479262606683326,0.1794908947856389,0.41400844867055364,0.5,0.49039574898908983,0.2326620898406639,0.4022676498082775,0.21418298747776104,0.25262313880558784,0.2654413603740941,0.27699293147726606,0.6172805302264422,0.5316993173095854,0.2607410950286715,0.16883645384314128,0.1879694227366138,0.17889309522395824,0.5394355170781151,0.2750456113850043,0.1268847812373524,0.3727209357702917,0.5409032280983602,0.2412397697306847,0.16691933803362036,0.2265645035088032,0.34249785627608065,0.2979826681621109,0.2638090113463985,0.2271762892939156,0.2864487604305199,0.3385974476140131,0.21234258764070507,0.22137567416099344,0.16782559032122002,0.26353871732679435,0.259342272530892,0.2097109203581542,0.26793128320499915,0.3655711189705587,0.43797607777127623,0.49735161090328667,0.27026799214081326,0.4969534395641151,0.3065126193183165,0.22745530855267657,0.29125428422000255,0.18829122874908563,0.2608495349040334,0.2095499482095975,0.30439687707774343,0.18909514579654907,0.4236126996814638,0.5096042510109102,0.5,0.24226634085157406,0.4118719008191877,0.22378723848867121,0.262227389816498,0.2750456113850043,0.2865971824881762,0.6268847812373524,0.5413035683204956,0.27034534603958166,0.4457030818850397,0.797169176226541,0.5327792705334302,0.6304545949187177,0.7986368872467862,0.49897342887911067,0.4246529971820463,0.6002315154245066,0.5215426704948245,0.5441824195789459,0.5963311067624391,0.470076246789131,0.4791093333094194,0.5212723764752203,0.5170759316793179,0.46744457950658014,0.5256649423534251,0.6233047781189847,0.6957097369197022,0.7550852700517126,0.5280016512892393,0.754687098712541,0.5642462784667425,0.5489879433684285,0.44602488789751155,0.5185831940524593,0.5621305362261694,0.6813463588298898,0.7673379101593362,0.7577336591484259,0.6696055599676136,0.48152089763709716,0.519961048964924,0.5327792705334302,0.5443308416366022,0.8846184403857783,0.7990372274689216,0.2569645530239536,0.2760975219174261,0.26702119440477057,0.6275636162589274,0.36317371056581654,0.21501288041816471,0.460849034951104,0.6290313272791725,0.32936786891149705,0.2550474372144327,0.3146926026896155,0.430625955456893,0.3861107673429232,0.35193711052721083,0.3153043884747279,0.37457685961133225,0.42672554679482544,0.3004706868215174,0.30950377334180573,0.25595368950203234,0.35166681650760667,0.34747037171170425,0.2978390195389665,0.3560593823858114,0.45369921815137104,0.5261041769520886,0.5854797100840989,0.3583960913216256,0.5850815387449274,0.39464071849912885,0.31558340773348886,0.37938238340081487,0.27641932792989793,0.3489776340848457,0.2976780473904098,0.3925249762585557,0.2772232449773614,0.5117407988622761,0.5977323501917224,0.5881280991808123,0.3303944400323864,0.5,0.31191533766948354,0.35035548899731034,0.36317371056581654,0.37472528166898855,0.7150128804181647,0.629431667501308,0.358473445220394,0.44504921535447006,0.46418218424794255,0.45510585673528703,0.8156482785894439,0.5512583728963331,0.4030975427486812,0.6489336972816205,0.817115989609689,0.5174525312420135,0.44313209954494914,0.502777265020132,0.6187106177874094,0.5741954296734396,0.5400217728577273,0.5033890508052444,0.5626615219418487,0.6148102091253419,0.48855534915203386,0.49758843567232225,0.4440383518325488,0.5397514788381231,0.5355550340422207,0.485923681869483,0.5441440447163279,0.6417838804818875,0.714188839282605,0.7735643724146154,0.5464807536521421,0.7731662010754439,0.5827253808296453,0.5036680700640054,0.5674670457313313,0.4645039902604144,0.5370622964153622,0.4857627097209263,0.5806096385890722,0.46530790730787785,0.6998254611927927,0.785817012522239,0.7762127615113288,0.5184791023629028,0.6880846623305165,0.5,0.5384401513278269,0.5512583728963331,0.562809943999505,0.9030975427486811,0.8175163298318244,0.5465581075509105,0.40660906402664326,0.42574203292011575,0.41666570540746023,0.7772081272616171,0.5128182215685062,0.3646573914208544,0.6104935459537937,0.7786758382818623,0.4790123799141867,0.40469194821712234,0.4643371136923052,0.5802704664595826,0.5357552783456129,0.5015816215299005,0.4649488994774176,0.524221370614022,0.5763700577975152,0.45011519782420706,0.45914828434449545,0.405598200504722,0.5013113275102964,0.49711488271439397,0.4474835305416562,0.5057038933885011,0.6033437291540608,0.6757486879547783,0.7351242210867887,0.5080406023243152,0.7347260497476171,0.5442852295018186,0.4652279187361786,0.5290268944035046,0.4260638389325876,0.4986221450875354,0.4473225583930995,0.5421694872612454,0.42686775598005106,0.6613853098649658,0.7473768611944122,0.737772610183502,0.48003895103507604,0.6496445110026897,0.4615598486721732,0.5,0.5128182215685062,0.5243697926716782,0.8646573914208544,0.7790761785039976,0.5081179562230836,0.393790842458137,0.41292381135160955,0.40384748383895397,0.7643899056931108,0.5,0.35183916985234814,0.5976753243852875,0.765857616713356,0.46619415834568045,0.39187372664861614,0.4515188921237989,0.5674522448910764,0.5229370567771067,0.4887633999613943,0.4521306779089113,0.5114031490455156,0.5635518362290088,0.43729697625570085,0.4463300627759892,0.39277997893621575,0.4884931059417901,0.4842966611458877,0.4346653089731499,0.4928856718199949,0.5905255075855544,0.662930466386272,0.7223059995182824,0.49522238075580904,0.7219078281791108,0.5314670079333123,0.4524096971676723,0.5162086728349983,0.4132456173640814,0.4858039235190291,0.4345043368245932,0.5293512656927392,0.4140495344115448,0.6485670882964596,0.734558639625906,0.7249543886149957,0.4672207294665698,0.6368262894341834,0.44874162710366694,0.48718177843149374,0.5,0.511551571103172,0.8518391698523482,0.7662579569354914,0.49529973465457744,0.38223927135496505,0.40137224024843754,0.392295912735782,0.7528383345899389,0.48844842889682805,0.3402875987491762,0.5861237532821155,0.754306045610184,0.4546425872425085,0.38032215554544413,0.43996732102062697,0.5559006737879044,0.5113854856739346,0.4772118288582223,0.44057910680573936,0.4998515779423437,0.5520002651258369,0.42574540515252884,0.43477849167281724,0.3812284078330438,0.4769415348386181,0.47274509004271575,0.42311373786997797,0.4813341007168229,0.5789739364823825,0.6513788952831,0.7107544284151104,0.48367080965263703,0.7103562570759389,0.5199154368301403,0.44085812606450037,0.5046571017318263,0.4016940462609094,0.47425235241585717,0.42295276572142126,0.5177996945895672,0.40249796330837284,0.6370155171932876,0.723007068522734,0.7134028175118238,0.45566915836339783,0.6252747183310114,0.437190056000495,0.4756302073283218,0.48844842889682805,0.5,0.8402875987491761,0.7547063858323194,0.48374816355140543,0.04195167260578887,0.061084641499261384,0.052008313986605846,0.41255073584076274,0.14816083014765186,0.0,0.24583615453293933,0.41401844686100786,0.11435498849333231,0.040034556796267974,0.09967972227145079,0.21561307503872823,0.17109788692475847,0.1369242301090461,0.1002915080565632,0.15956397919316753,0.21171266637666072,0.08545780640335268,0.09449089292364105,0.04094080908386761,0.13665393608944196,0.13245749129353956,0.08282613912080179,0.14104650196764673,0.23868633773320633,0.3110912965339238,0.37046682966593425,0.14338321090346087,0.3700686583267627,0.17962783808096416,0.10057052731532418,0.16436950298265016,0.06140644751173322,0.133964753666681,0.08266516697224509,0.17751209584039102,0.06221036455919667,0.29672791844411145,0.38271946977355775,0.3731152187626476,0.11538155961422165,0.2849871195818353,0.09690245725131881,0.13534260857914562,0.14816083014765186,0.1597124012508238,0.5,0.4144187870831432,0.14346056480222927,0.12753288552264566,0.14666585441611818,0.13758952690346266,0.4981319487576195,0.23374204306450866,0.08558121291685679,0.3314173674497961,0.49959965977786464,0.1999362014101891,0.12561576971312477,0.18526093518830758,0.30119428795558506,0.2566790998416153,0.22250544302590292,0.18587272097342,0.24514519211002433,0.2972938792935175,0.17103901932020948,0.18007210584049785,0.1265220220007244,0.22223514900629873,0.21803870421039637,0.16840735203765858,0.22662771488450353,0.32426755065006313,0.39667250945078064,0.456048042582791,0.22896442382031768,0.4556498712436195,0.26520905099782094,0.18615174023218098,0.24995071589950693,0.14698766042859002,0.21954596658353778,0.16824637988910188,0.2630933087572478,0.14779157747605345,0.3823091313609682,0.4683006826904146,0.4586964316795044,0.20096277253107844,0.3705683324986921,0.1824836701681756,0.2209238214960024,0.23374204306450866,0.2452936141676806,0.5855812129168568,0.5,0.22904177771908607,0.3984911078035596,0.4176240766970321,0.4085477491843766,0.7690901710385335,0.5047002653454226,0.3565394351977707,0.60237558973071,0.7705578820587786,0.470894423691103,0.3965739919940387,0.5721525102364989,0.5276373221225292,0.49346366530681685,0.45683094325433393,0.5161034143909382,0.5682521015744314,0.4419972416011234,0.45103032812141175,0.3974802442816383,0.4931933712872127,0.48899692649131027,0.4393655743185725,0.49758593716541744,0.595225772930977,0.6676307317316945,0.727006264863705,0.4999226461012316,0.7266080935245334,0.5361672732787349,0.5209089381804208,0.41794588270950395,0.49050418886445174,0.43920460217001583,0.5340515310381617,0.4187497997569674,0.6532673536418822,0.7392589049713285,0.7296546539604183,0.641526554779606,0.4534418924490895,0.49188204377691636,0.5047002653454226,0.5162518364485945,0.8565394351977708,0.7709582222809139,0.5,0.5,0.42772664089591167,0.415216102979586,0.1862758230763617,0.3641299653832373,0.2867911094433221,0.19800904809543968,0.3303436972325543,0.2183108806948264,0.6535670713327194,0.3988587536572092,0.2591177707336993,0.4262590338073219,0.20832982022872604,0.3317333120540219,0.2584563556570466,0.27198281780738376,0.31817515440355,0.17143043276447048,0.22468223767062798,0.2884660199094091,0.22255045915068947,0.18726312007841478,0.24184758919779312,0.5137592885133118,0.5304559982296089,0.5199981079461783,0.25639636161704565,0.2352041914739972,0.2601962765497962,0.19691688529530388,0.29614054490183495,0.22590134139302243,0.18502645978866702,0.25046250978367807,0.5199564536820291,0.44908034011592207,0.39222481997969977,0.27368609231546265,0.32881617422635745,0.5595175820878411,0.1535670713327194,0.5757771648452236,0.37914841780853703,0.21823778349265818,0.281021649952389,0.22215244598321568,0.2321574484042191,0.5570458790012818,0.5722733591040883,0.5,0.4874894620836743,0.25854918218045003,0.4364033244873256,0.3590644685474104,0.270282407199528,0.40261705633664263,0.29058423979891473,0.7258404304368077,0.47113211276129746,0.3313911298377876,0.4985323929114102,0.2806031793328143,0.40400667115811023,0.3307297147611349,0.3442561769114721,0.3904485135076383,0.24370379186855878,0.2969555967747163,0.3607393790134974,0.29482381825477777,0.2595364791825031,0.3141209483018814,0.5860326476174,0.6027293573336971,0.5922714670502666,0.328669720721134,0.3074775505780855,0.33246963565388454,0.2691902443993922,0.3684139040059232,0.29817470049711076,0.2572998188927553,0.32273586888776634,0.5922298127861174,0.5213536992200104,0.4644981790837881,0.3459594514195509,0.4010895333304458,0.6317909411919294,0.22584043043680774,0.648050523949312,0.45142177691262536,0.2905111425967465,0.3532950090564773,0.294425805087304,0.3044308075083074,0.6293192381053702,0.584783897020414,0.5125105379163257,0.5,0.2710597200967757,0.44891386240365133,0.37157500646373615,0.2827929451158537,0.41512759425296836,0.30309477771524046,0.7383509683531334,0.4836426506776232,0.3439016677541133,0.5110429308277359,0.29311371724914004,0.4165172090744359,0.3432402526774606,0.3567667148277978,0.402959051423964,0.2562143297848845,0.309466134691042,0.3732499169298231,0.3073343561711035,0.2720470170988288,0.32663148621820715,0.5985431855337258,0.6152398952500229,0.6047820049665923,0.3411802586374597,0.31998808849441124,0.34498017357021027,0.2817007823157179,0.38092444192224895,0.3106852384134365,0.26981035680908105,0.33524640680409207,0.6047403507024431,0.5338642371363361,0.47700871700011377,0.35846998933587665,0.4136000712467715,0.6443014791082551,0.23835096835313344,0.6605610618656377,0.4639323148289511,0.3030216805130722,0.365805546972803,0.3069363430036297,0.3169413454246331,0.6418297760216959,0.8137241769236383,0.74145081781955,0.7289402799032243,0.6778541423068756,0.6005152863669604,0.6440678741561926,0.9672912482563577,0.7125829305808474,0.5728419476573376,0.7399832107309602,0.5220539971523643,0.6454574889776602,0.5721805325806849,0.5857069947310221,0.6318993313271882,0.48515460968810875,0.6021901968330474,0.5362746360743278,0.5555717661214314,0.8274834654369501,0.8441801751532472,0.8337222848698166,0.570120538540684,0.5739204534734346,0.6098647218254732,0.5641866867073163,0.8336806306056674,0.7628045170395603,0.7059489969033381,0.5874102692391009,0.6425403511499957,0.8732417590114794,0.4672912482563577,0.8895013417688619,0.6928725947321753,0.5319619604162965,0.5947458268760273,0.8707700559249202,0.6358700346167627,0.5635966755126743,0.5510861375963487,0.32214585769312437,0.5,0.4226611440600848,0.33387908271220235,0.466213731849317,0.35418091531158913,0.7894371059494821,0.5347287882739719,0.39498780535046196,0.5621290684240846,0.3441998548454887,0.46760334667078457,0.3943263902738093,0.4078528524241465,0.45404518902031266,0.3073004673812332,0.3605522722873907,0.4243360545261718,0.35842049376745216,0.32313315469517745,0.3777176238145558,0.6496293231300744,0.6663260328463716,0.655868142562941,0.3922663962338084,0.3710742260907599,0.39606631116655894,0.3327869199120666,0.4320105795185976,0.36177137600978515,0.3208964944054297,0.38633254440044074,0.6558264882987919,0.5849503747326847,0.5280948545964624,0.4095561269322253,0.4646862088431202,0.6953876167046038,0.28943710594948213,0.7116471994619863,0.5150184524252998,0.3541078181094209,0.41689168456915165,0.3580224805999784,0.36802748302098176,0.6929159136180445,0.7132088905566779,0.6409355314525895,0.6284249935362639,0.3994847136330396,0.5773388559399152,0.5,0.41121793865211753,0.5435525877892322,0.4315197712515043,0.8667759618893973,0.612067644213887,0.4723266612903772,0.6394679243639998,0.4215387107854039,0.5449422026106998,0.47166524621372447,0.48519170836406167,0.5313840449602278,0.38463932332114836,0.43789112822730586,0.501674910466087,0.43575934970736735,0.4004720106350927,0.455056479754471,0.7269681790699896,0.7436648887862868,0.7332069985028562,0.46960525217372356,0.4484130820306751,0.4734051671064741,0.4101257758519818,0.5093494354585129,0.43911023194970034,0.3982353503453449,0.4636714003403559,0.733165344238707,0.6622892306725999,0.6054337105363776,0.4868949828721405,0.5420250647830354,0.772726472644519,0.3667759618893973,0.7889860554019015,0.5923573083652149,0.43144667404933607,0.4942305405090669,0.43536133653989356,0.445366338960897,0.7702547695579597,0.8019909519045604,0.729717592800472,0.7172070548841463,0.6661209172877977,0.5887820613478825,0.6323346491371147,0.9555580232372798,0.7008497055617695,0.5611087226382596,0.7282499857118823,0.5103207721332863,0.6337242639585823,0.5604473075616069,0.5739737697119441,0.6201661063081103,0.47342138466903083,0.5904569718139694,0.5245414110552498,0.5438385411023534,0.815750240417872,0.8324469501341693,0.8219890598507386,0.558387313521606,0.5621872284543565,0.5981314968063952,0.5278922932975828,0.5524534616882384,0.8219474055865895,0.7510712920204824,0.6942157718842601,0.575677044220023,0.6308071261309178,0.8615085339924013,0.45555802323727973,0.8777681167497839,0.6811393697130974,0.5202287353972185,0.5830126018569494,0.8590368309058422,0.6696563027674457,0.5973829436633573,0.5848724057470317,0.35593212584380735,0.533786268150683,0.4564474122107678,0.3676653508628853,0.5,0.3879671834622721,0.8232233741001651,0.5685150564246548,0.42877407350114494,0.5959153365747676,0.3779861229961717,0.5013896148214676,0.42811265842449225,0.44163912057482946,0.48783145717099563,0.34108673553191615,0.39433854043807365,0.45812232267685477,0.39220676191813514,0.3569194228458604,0.4115038919652388,0.6834155912807574,0.7001123009970546,0.689654410713624,0.42605266438449135,0.4048604942414429,0.4298525793172419,0.3665731880627496,0.4657968476692806,0.3955576441604681,0.3546827625561127,0.4201188125511237,0.6896127564494748,0.6187366428833677,0.5618811227471454,0.4433423950829083,0.49847247699380315,0.7291738848552868,0.3232233741001651,0.7454334676126693,0.5488047205759827,0.38789408626010385,0.45067795271983463,0.39180874875066135,0.40181375117166473,0.7267021817687275,0.7816891193051736,0.7094157602010853,0.6969052222847596,0.6458190846884109,0.5684802287484957,0.6120328165377279,0.935256190637893,0.6805478729623827,0.5408068900388728,0.7079481531124955,0.49001893953389963,0.6134224313591955,0.5401454749622202,0.5536719371125574,0.5998642737087235,0.45311955206964405,0.5701551392145827,0.5042395784558631,0.5235367085029667,0.7954484078184854,0.8121451175347825,0.8016872272513519,0.5380854809222193,0.5418853958549699,0.4786060046004775,0.5778296642070085,0.507590460698196,0.5321516290888516,0.8016455729872027,0.7307694594210956,0.6739139392848733,0.5553752116206362,0.610505293531531,0.8412067013930147,0.435256190637893,0.8574662841503972,0.6608375371137106,0.4999269027978318,0.5627107692575626,0.8387349983064554,0.3464329286672806,0.27415956956319226,0.26164903164686654,0.03270875174364228,0.2105628940505179,0.13322403811060268,0.04444197676272025,0.17677662589983492,0.064743809362107,0.5,0.24529168232448975,0.10555069940097987,0.2726919624746025,0.05476274889600661,0.17816624072130247,0.10488928432432718,0.11841574647466435,0.16460808307083055,0.017863361431751056,0.07111516633790857,0.1348989485766897,0.06898338781797005,0.03369604874569536,0.0882805178650737,0.3601922171805923,0.37688892689688946,0.3664310366134589,0.10282929028432625,0.08163712014127779,0.1066292052170768,0.043349813962584464,0.1425734735691155,0.07233427006030302,0.031459388455947604,0.09689543845095863,0.36638938234930973,0.29551326878320267,0.23865774864698036,0.12011902098274323,0.17524910289363807,0.4059505107551217,0.0,0.4222100935125042,0.22558134647581765,0.06467071215993878,0.12745457861966958,0.06858537465049627,0.07859037707149967,0.4034788076685624,0.6011412463427909,0.5288678872387025,0.5163573493223768,0.2874170694191525,0.46527121172602814,0.38793235578611296,0.2991502944382305,0.43148494357534517,0.3194521270376172,0.7547083176755103,0.5,0.3602590170764901,0.5274002801501128,0.30947106657151685,0.4328745583968127,0.3595976019998374,0.3731240641501746,0.4193164007463408,0.2725716791072613,0.3258234840134188,0.38960726625219994,0.3236917054934803,0.2884043664212056,0.34298883554058396,0.6149005348561025,0.6315972445723997,0.6211393542889692,0.3575376079598365,0.33634543781678805,0.361337522892587,0.2980581316380947,0.39728179124462576,0.32704258773581324,0.28616770613145787,0.3516037561264689,0.62109770002482,0.5502215864587129,0.4933660663224906,0.37482733865825346,0.4299574205691483,0.660658828430632,0.2547083176755102,0.6769184111880144,0.4802896641513279,0.319379029835449,0.3821628962951798,0.3232936923260065,0.3332986947470099,0.6581871253440726,0.7408822292663008,0.6686088701622124,0.6560983322458867,0.4271580523426624,0.605012194649538,0.5276733387096229,0.4388912773617404,0.5712259264988551,0.4591931099611271,0.8944493005990202,0.6397409829235099,0.5,0.6671412630736226,0.44921204949502674,0.5726155413203226,0.4993385849233473,0.5128650470736845,0.5590573836698507,0.41231266203077116,0.4655644669369287,0.5293482491757098,0.4634326884169902,0.4281453493447155,0.48272981846409385,0.7546415177796124,0.7713382274959096,0.7608803372124789,0.49727859088334636,0.4760864207402979,0.5010785058160969,0.4377991145616046,0.5370227741681356,0.46678357065932313,0.42590868905496776,0.4913447390499788,0.7608386829483299,0.6899625693822228,0.6331070492460005,0.5145683215817634,0.5696984034926582,0.8003998113541417,0.3944493005990201,0.8166593941115243,0.6200306470748378,0.4591200127589589,0.5219038792186897,0.4630346752495164,0.4730396776705198,0.7979281082675825,0.5737409661926781,0.5014676070885897,0.48895706917226406,0.26001678926903976,0.4378709315759154,0.3605320756360002,0.27175001428811774,0.4040846634252324,0.2920518468875045,0.7273080375253975,0.47259971984988725,0.3328587369263774,0.5,0.2820707864214041,0.40547427824669996,0.33219732184972467,0.3457237840000619,0.39191612059622805,0.24517139895714857,0.29842320386330606,0.3622069861020872,0.29629142534336755,0.26100408627109284,0.3155885553904712,0.5875002547059898,0.604196964422287,0.5937390741388564,0.33013732780972377,0.3089451576666753,0.3339372427424743,0.270657851487982,0.369881511094513,0.29964230758570054,0.2587674259813451,0.3242034759763561,0.5936974198747073,0.5228213063086001,0.4659657861723779,0.3474270585081407,0.40255714041903556,0.6332585482805192,0.2273080375253975,0.6495181310379017,0.45288938400121515,0.29197874968533627,0.3547626161450671,0.29589341217589377,0.3058984145968972,0.6307868451939599,0.791670179771274,0.7193968206671857,0.70688628275086,0.47794600284763566,0.6558001451545112,0.578461289214596,0.48967922786671364,0.6220138770038283,0.5099810604661004,0.9452372511039934,0.6905289334284831,0.5507879505049733,0.7179292135785958,0.5,0.6234034918252959,0.5501265354283206,0.5636529975786577,0.609845334174824,0.46310061253574447,0.516352417441902,0.5801361996806831,0.5142206389219635,0.47893329984968874,0.5335177689690671,0.8054294682845857,0.8221261780008828,0.8116682877174523,0.5480665413883197,0.5518664563210702,0.48858706506657784,0.5878107246731089,0.5175715211642964,0.476696639559941,0.542132689554952,0.8116266334533031,0.7407505198871961,0.6838949997509738,0.5653562720867366,0.6204863539976314,0.851187761859115,0.44523725110399337,0.8674473446164976,0.670818597579811,0.5099079632639322,0.572691829723663,0.5138226257544897,0.8487160587725558,0.6682666879459781,0.5959933288418898,0.5834827909255641,0.3545425110223398,0.5323966533292154,0.4550577973893002,0.3662757360414178,0.49861038517853246,0.3865775686408045,0.8218337592786975,0.5671254416031872,0.4273844586796774,0.5945257217533,0.37659650817470414,0.5,0.4267230436030247,0.44024950575336186,0.4864418423495281,0.33969712071044855,0.3929489256166061,0.4567327078553872,0.3908171470966676,0.3555298080243929,0.41011427714377124,0.6820259764592899,0.698722686175587,0.6882647958921564,0.42466304956302375,0.4034708794199753,0.4284629644957743,0.365183573241282,0.46440723284781305,0.3941680293390005,0.35329314773464515,0.41872919772965617,0.6882231416280072,0.6173470280619002,0.5604915079256779,0.44195278026144075,0.4970828621723356,0.7277842700338192,0.3218337592786975,0.7440438527912018,0.5474151057545151,0.3865044714386363,0.4492883378983671,0.3904191339291938,0.4004241363501972,0.72531256694726,0.7415436443429534,0.6692702852388651,0.6567597473225394,0.4278194674193151,0.6056736097261907,0.5283347537862755,0.43955269243839307,0.5718873415755077,0.4598545250377798,0.8951107156756728,0.6404023980001625,0.5006614150766527,0.6678026781502753,0.4498734645716794,0.5732769563969753,0.5,0.5135264621503371,0.5597187987465034,0.4129740771074239,0.4662258820135814,0.5300096642523625,0.4640941034936429,0.42880676442136817,0.48339123354074653,0.7553029328562652,0.7719996425725623,0.7615417522891317,0.4979400059599991,0.4767478358169506,0.5017399208927497,0.43846052963825727,0.5376841892447883,0.4674449857359758,0.42657010413162044,0.49200615412663146,0.7615000980249825,0.6906239844588755,0.6337684643226532,0.5152297366584161,0.5703598185693108,0.8010612264307945,0.3951107156756728,0.8173208091881771,0.6206920621514904,0.4597814278356116,0.5225652942953424,0.4636960903261691,0.4737010927471725,0.7985895233442353,0.7280171821926162,0.655743823088528,0.6432332851722022,0.41429300526897794,0.5921471475758535,0.5148082916359383,0.4260262302880559,0.5583608794251705,0.44632806288744264,0.8815842535253356,0.6268759358498254,0.48713495292631553,0.6542762159999381,0.4363470024213423,0.5597504942466381,0.48647353784966285,0.5,0.5461923365961662,0.3994476149570867,0.4526994198632442,0.5164832021020254,0.4505676413433057,0.415280302271031,0.46986477139040933,0.741776470705928,0.7584731804222251,0.7480152901387945,0.4844135438096619,0.4632213736666134,0.48821345874241245,0.4249340674879201,0.5241577270944512,0.45391852358563867,0.41304364198128324,0.4784796919762943,0.7479736358746454,0.6770975223085383,0.620242002172316,0.5017032745080788,0.5568333564189737,0.7875347642804573,0.38158425352533565,0.8037943470378398,0.6071656000011533,0.44625496568527445,0.5090388321450052,0.45016962817583195,0.46017463059683533,0.785063061193898,0.6818248455964501,0.6095514864923617,0.597040948576036,0.3681006686728117,0.5459548109796873,0.46861595503977216,0.3798338936918897,0.5121685428290044,0.4001357262912764,0.8353919169291695,0.5806835992536592,0.4409426163301493,0.608083879403772,0.39015466582517605,0.513558157650472,0.4402812012534966,0.45380766340383377,0.5,0.35325527836092047,0.406507083267078,0.47029086550585913,0.4043753047471395,0.3690879656748648,0.42367243479424316,0.6955841341097617,0.7122808438260589,0.7018229535426282,0.43822120721349567,0.4170290370704472,0.4420211221462462,0.3787417308917539,0.47796539049828496,0.40772618698947244,0.36685130538511707,0.4322873553801281,0.7017812992784792,0.6309051857123721,0.5740496655761498,0.45551093791191266,0.5106410198228075,0.741342427684291,0.3353919169291694,0.7576020104416736,0.5609732634049871,0.4000626290891082,0.462846495548839,0.4039772915796657,0.4139822940006691,0.7388707245977318,0.8285695672355295,0.7562962081314412,0.7437856702151155,0.5148453903118912,0.6926995326187668,0.6153606766788516,0.5265786153309692,0.6589132644680838,0.546880447930356,0.982136638568249,0.7274283208927387,0.5876873379692288,0.7548286010428514,0.5368993874642556,0.6603028792895514,0.5870259228925762,0.6005523850429133,0.6467447216390795,0.5,0.5532518049061576,0.6170355871449387,0.551120026386219,0.5158326873139443,0.5704171564333227,0.8423288557488412,0.8590255654651384,0.8485676751817078,0.5849659288525751,0.5637737587095267,0.5887658437853257,0.5254864525308334,0.6247101121373645,0.554470908628552,0.5135960270241966,0.5790320770192076,0.8485260209175587,0.7776499073514516,0.7207943872152293,0.6022556595509921,0.657385741461887,0.8880871493233706,0.48213663856824895,0.9043467320807531,0.7077179850440666,0.5468073507281878,0.6095912171879185,0.5507220132187453,0.8856154462368113,0.775317762329372,0.7030444032252837,0.690533865308958,0.6394477277126093,0.5621088717726941,0.6056614595619263,0.9288848336620914,0.6741765159865812,0.5344355330630713,0.7015767961366939,0.48364758255809803,0.6070510743833939,0.5337741179864186,0.5473005801367558,0.593492916732922,0.4467481950938425,0.5637837822387811,0.4978682214800615,0.5171653515271651,0.7890770508426838,0.8057737605589809,0.7953158702755503,0.5317141239464177,0.5355140388791683,0.5714583072312069,0.5257802721130501,0.7952742160114011,0.7243981024452941,0.6675425823090718,0.5490038546448347,0.6041339365557294,0.8348353444172131,0.42888483366209146,0.8510949271745957,0.654466180137909,0.4935555458220302,0.556339412281761,0.8323636413306539,0.7115339800905909,0.6392606209865026,0.6267500830701769,0.3978098031669526,0.5756639454738282,0.498325089533913,0.40954302818603056,0.5418776773231452,0.4298448607854173,0.8651010514233103,0.6103927337478001,0.47065175082429017,0.6377930138979128,0.4198638003193169,0.5432672921446128,0.4699903357476375,0.4835167978979747,0.5297091344941409,0.3829644128550614,0.4362162177612189,0.5,0.4340844392412804,0.39879710016900566,0.453381569288384,0.7252932686039026,0.7419899783201998,0.7315320880367692,0.4679303417076366,0.4467381715645881,0.47173025664038715,0.40845086538589476,0.5076745249924258,0.43743532148361336,0.39656043987925793,0.46199648987426895,0.73149043377262,0.660614320206513,0.6037588000702907,0.4852200724060535,0.5403501543169483,0.771051562178432,0.36510105142331034,0.7873111449358146,0.5906823978991279,0.4297717635832491,0.49255563004297986,0.4336864260738066,0.44369142849480997,0.7685798590918728,0.7774495408493105,0.7051761817452222,0.6926656438288965,0.4637253639256722,0.6415795062325479,0.5642406502926326,0.4754585889447502,0.6077932380818649,0.49576042154413696,0.9310166121820299,0.6763082945065197,0.5365673115830099,0.7037085746566324,0.48577936107803654,0.6091828529033324,0.5359058965063571,0.5494323586566943,0.5956246952528605,0.448879973613781,0.5021317785199385,0.5659155607587196,0.5,0.4647126609277253,0.5192971300471036,0.7912088293626223,0.8079055390789194,0.7974476487954888,0.5338459024663562,0.5126537323233077,0.5376458173991068,0.47436642614461444,0.5735900857511455,0.5033508822423329,0.46247600063797756,0.5279120506329886,0.7974059945313396,0.7265298809652326,0.6696743608290103,0.5511356331647732,0.6062657150756681,0.8369671229371516,0.43101661218202997,0.8532267056945342,0.6565979586578475,0.4956873243419687,0.5584711908016995,0.4996019868325262,0.5096069892535297,0.8344954198505924,0.8127368799215853,0.7404635208174969,0.7279529829011712,0.6768668453048226,0.5995279893649074,0.6430805771541396,0.9663039512543047,0.7115956335787944,0.5718546506552845,0.7389959137289072,0.5210667001503112,0.6444701919756071,0.5711932355786318,0.584719697728969,0.6309120343251352,0.4841673126860557,0.6012028998309943,0.5352873390722747,0.5545844691193783,0.8264961684348969,0.8431928781511941,0.8327349878677635,0.5691332415386309,0.5729331564713814,0.6088774248234201,0.5631993897052633,0.8326933336036144,0.7618172200375073,0.704961699901285,0.5864229722370479,0.6415530541479427,0.8722544620094262,0.4663039512543046,0.8885140447668088,0.6918852977301223,0.5309746634142434,0.5937585298739743,0.869782758922867,0.7581524108022069,0.6858790516981186,0.6733685137817929,0.44442823387856856,0.6222823761854441,0.544943520245529,0.45616145889764653,0.5884961080347612,0.4764632914970333,0.9117194821349263,0.6570111644594161,0.5172701815359062,0.6844114446095287,0.4664822310309329,0.5898857228562288,0.5166087664592535,0.5301352286095906,0.5763275652057569,0.42958284356667736,0.48283464847283486,0.546618430711616,0.48070286995289635,0.44541553088062164,0.5,0.7719116993155186,0.7886084090318157,0.7781505187483851,0.5145487724192526,0.4933566022762041,0.5183486873520031,0.4550692960975108,0.5542929557040418,0.48405375219522934,0.4431788705908739,0.508614920585885,0.778108864484236,0.707232750918129,0.6503772307819067,0.5318385031176696,0.5869685850285644,0.8176699928900479,0.4117194821349263,0.8339295756474305,0.6373008286107439,0.47639019429486507,0.5391740607545958,0.48030485678542256,0.49030985920642595,0.8151982898034887,0.4862407114866883,0.41396735238259996,0.40145681446627424,0.17251653456304997,0.35037067686992557,0.2730318209300104,0.18424975958212794,0.3165844087192426,0.2045515921815147,0.6398077828194076,0.3850994651438974,0.24535848222038756,0.4124997452940102,0.1945705317154143,0.3179740235407102,0.24469706714373488,0.25822352929407205,0.3044158658902383,0.15767114425115875,0.21092294915731627,0.27470673139609736,0.20879117063737773,0.17350383156510304,0.2280883006844814,0.5,0.5166967097162971,0.5062388194328665,0.24263707310373395,0.22144490296068547,0.2464369880364845,0.18315759678199217,0.2823812563885232,0.21214205287971072,0.17126717127535532,0.23670322127036633,0.5061971651687175,0.43532105160261036,0.37846553146638806,0.25992680380215094,0.31505688571304574,0.5457582935745293,0.1398077828194077,0.5620178763319119,0.3653891292952253,0.20447849497934648,0.2672623614390773,0.20839315746990397,0.21839815989090736,0.5432865904879701,0.46954400177039113,0.3972706426663028,0.38476010474997707,0.15581982484675283,0.3336739671536284,0.2563351112137132,0.1675530498658308,0.29988769900294543,0.18785488246521753,0.6231110731031105,0.3684027554276003,0.22866177250409042,0.395803035577713,0.17787382199911714,0.30127731382441303,0.2280003574274377,0.2415268195777749,0.2877191561739411,0.1409744345348616,0.1942262394410191,0.2580100216798002,0.1920944609210806,0.1568071218488059,0.21139159096818425,0.48330329028370284,0.5,0.4895421097165694,0.22594036338743678,0.2047481932443883,0.22974027832018734,0.166460887065695,0.2656845466722261,0.19544534316341355,0.15457046155905815,0.22000651155406917,0.48950045545242027,0.4186243418863132,0.3617688217500909,0.24323009408585375,0.2983601759967486,0.5290615838582322,0.12311107310311054,0.5453211666156147,0.34869241957892816,0.1877817852630493,0.2505656517227801,0.1916964477536068,0.20170145017461022,0.5265898807716729,0.4800018920538217,0.40772853294973344,0.3952179950334077,0.1662777151301834,0.34413185743705904,0.26679300149714386,0.1780109401492614,0.31034558928637607,0.19831277274864814,0.6335689633865411,0.3788606457110309,0.239119662787521,0.40626092586114365,0.18833171228254775,0.3117352041078436,0.23845824771086832,0.25198470986120547,0.2981770464573717,0.1514323248182922,0.20468412972444971,0.26846791196323083,0.2025523512045112,0.1672650121322365,0.22184948125161486,0.4937611805671335,0.5104578902834306,0.5,0.2363982536708674,0.21520608352781892,0.24019816860361795,0.17691877734912562,0.27614243695565666,0.20590323344684416,0.16502835184248876,0.23046440183749978,0.4999583457358509,0.4290822321697438,0.3722267120335215,0.25368798436928436,0.3088180662801792,0.5395194741416628,0.13356896338654115,0.5557790568990454,0.3591503098623588,0.19823967554647992,0.2610235420062107,0.20215433803703742,0.2121593404580408,0.5370477710551036,0.7436036383829543,0.671330279278866,0.6588197413625403,0.42987946145931605,0.6077336037661917,0.5303947478262765,0.441612686478394,0.5739473356155087,0.46191451907778075,0.8971707097156737,0.6424623920401635,0.5027214091166536,0.6698626721902763,0.4519334586116804,0.5753369504369762,0.5020599940400009,0.515586456190338,0.5617787927865043,0.4150340711474248,0.4682858760535823,0.5320696582923634,0.4661540975336438,0.4308667584613691,0.48545122758074744,0.757362926896266,0.7740596366125632,0.7636017463291326,0.5,0.47880782985695153,0.5037999149327506,0.4405205236782582,0.5397441832847892,0.46950497977597677,0.42863009817162134,0.49406614816663236,0.7635600920649835,0.6926839784988764,0.6358284583626541,0.517289730698417,0.5724198126093119,0.8031212204707954,0.39717070971567375,0.819380803228178,0.6227520561914914,0.46184142187561256,0.5246252883353433,0.46575608436617,0.47576108678717344,0.8006495173842362,0.7647958085260028,0.6925224494219145,0.6800119115055888,0.6289257739092401,0.5515869179693249,0.5951395057585571,0.9183628798587222,0.663654562183212,0.5239135792597021,0.6910548423333247,0.5965291205800247,0.5232521641830494,0.5367786263333866,0.5829709629295527,0.43622624129047327,0.5532618284354119,0.48734626767669226,0.506643397723796,0.7785550970393145,0.7952518067556117,0.7847939164721811,0.5211921701430484,0.524992085075799,0.5609363534278378,0.5152583183096808,0.784752262208032,0.7138761486419248,0.6570206285057025,0.5384819008414654,0.5936119827523603,0.8243133906138439,0.8405729733712264,0.6439442263345398,0.483033592018661,0.5458174584783918,0.8218416875272846,0.7398037234502037,0.6675303643461155,0.6550198264297897,0.4260795465265655,0.6039336888334411,0.5265948328935259,0.43781277154564346,0.5701474206827581,0.4581146041450302,0.8933707947829232,0.638662477107413,0.4989214941839031,0.6660627572575257,0.4481335436789298,0.5715370355042256,0.4982600791072504,0.5117865412575876,0.5579788778537538,0.41123415621467424,0.4644859611208318,0.5282697433596129,0.4623541826008932,0.42706684352861857,0.4816513126479969,0.7535630119635155,0.7702597216798126,0.759801831396382,0.49620008506724944,0.47500791492420097,0.5,0.43672060874550767,0.5359442683520387,0.4657050648432262,0.4248301832388708,0.49026623323388185,0.759760177132233,0.6888840635661259,0.6320285434299036,0.5134898157656664,0.5686198976765613,0.7993213055380448,0.3933707947829232,0.8155808882954274,0.6189521412587409,0.458041506942862,0.5208253734025927,0.4619561694334195,0.4719611718544229,0.7968496024514856,0.8030831147046962,0.7308097556006078,0.7182992176842821,0.6672130800879335,0.5898742241480183,0.6334268119372505,0.5213939953995226,0.9566501860374156,0.7019418683619053,0.5622008854383954,0.7293421485120181,0.5114129349334221,0.634816426758718,0.5615394703617427,0.5750659325120799,0.6212582691082461,0.4745135474691666,0.5915491346141052,0.5256335738553856,0.5449307039024892,0.8168424032180078,0.833539112934305,0.8230812226508744,0.5594794763217418,0.5632793912544923,0.5,0.599223659606531,0.5289844560977186,0.4881095744933631,0.5535456244883742,0.8230395683867253,0.7521634548206182,0.6953079346843959,0.5767692070201588,0.6318992889310536,0.8626006967925371,0.45665018603741553,0.8788602795499197,0.6822315325132332,0.5213208981973543,0.584104764657085,0.860128993705978,0.703859455098165,0.6315860959940768,0.619075558077751,0.39013527817452676,0.5679894204814023,0.4906505645414872,0.40186850319360473,0.5342031523307194,0.42217033579299146,0.8574265264308845,0.6027182087553742,0.46297722583186435,0.6301184889054869,0.4121892753268911,0.535592767152187,0.46231581075521166,0.4758422729055488,0.5220346095017151,0.37528988786263556,0.42854169276879306,0.4923254750075742,0.42640991424885455,0.39112257517657983,0.4457070442959582,0.7176187436114768,0.7343154533277739,0.7238575630443433,0.46025581671521076,0.4390636465721623,0.46405573164796127,0.40077634039346893,0.5,0.4297607964911875,0.3888859148868321,0.4543219648818431,0.7238159087801942,0.6529397952140872,0.5960842750778649,0.4775455474136277,0.5326756293245225,0.7633770371860061,0.35742652643088446,0.7796366199433887,0.5830078729067021,0.42209723859082326,0.48488110505055404,0.42601190108138076,0.43601690350238415,0.7609053340994469,0.7740986586069776,0.7018252995028893,0.6893147615865636,0.6382286239902148,0.5608897680502997,0.47210770670241725,0.6044423558395319,0.492409539301804,0.927665729939697,0.6729574122641867,0.5332164293406768,0.7003576924142995,0.4824284788357036,0.6058319706609995,0.5325550142640242,0.5460814764143613,0.5922738130105275,0.445529091371448,0.5625646785163867,0.496649117757667,0.5159462478047707,0.7878579471202893,0.8045546568365864,0.7940967665531559,0.5304950202240233,0.5342949351567737,0.47101554390228145,0.5702392035088125,0.5,0.45912511839564457,0.5245611683906556,0.7940551122890067,0.7231789987228996,0.6663234785866773,0.5477847509224402,0.602914832833335,0.8336162406948187,0.427665729939697,0.8498758234522011,0.6532470764155146,0.4923364420996358,0.5551203085593666,0.8311445376082593,0.814973540211333,0.7427001811072447,0.730189643190919,0.6791035055945703,0.601764649654655,0.6453172374438874,0.9685406115440524,0.7138322938685422,0.5740913109450323,0.7412325740186548,0.523303360440059,0.6467068522653548,0.5734298958683796,0.5869563580187167,0.633148694614883,0.48640397297580346,0.6034395601207421,0.5375239993620224,0.5568211294091261,0.8287328287246447,0.8454295384409418,0.8349716481575112,0.5713699018283787,0.5751698167611292,0.5118904255066369,0.6111140851131679,0.5408748816043554,0.5,0.5654360499950111,0.8349299938933621,0.7640538803272551,0.7071983601910328,0.5886596325267957,0.6437897144376905,0.874491122299174,0.4685406115440524,0.8907507050565566,0.69412195801987,0.5332113237039912,0.5959951901637219,0.8720194192126148,0.749537490216322,0.6772641311122336,0.6647535931959079,0.43581331329268364,0.6136674555995593,0.5363285996596441,0.4475465383117616,0.5798811874488763,0.46784837091114834,0.9031045615490414,0.6483962438735311,0.5086552609500212,0.6757965240236439,0.45786731044504797,0.5812708022703439,0.5079938458733686,0.5215203080237057,0.5677126446198719,0.42096792298079244,0.47421972788694994,0.538003510125731,0.47208794936701143,0.4368006102947367,0.4913850794141151,0.7632967787296336,0.7799934884459309,0.7695355981625003,0.5059338518333676,0.48474168169031917,0.5097337667661181,0.4464543755116258,0.5456780351181569,0.47543883160934436,0.434563950004989,0.5,0.7694939438983511,0.698617830332244,0.6417623101960217,0.5232235825317846,0.5783536644426794,0.8090550723041631,0.40310456154904134,0.8253146550615456,0.628685908024859,0.46777527370898014,0.530559140168711,0.47168993619953764,0.481694938620541,0.8065833692176038,0.48004354631797086,0.40777018721388253,0.3952596492975568,0.16631936939433253,0.34417351170120813,0.26683465576129295,0.1780525944134105,0.31038724355052516,0.19835442701279726,0.6336106176506903,0.37890229997518,0.23916131705167012,0.40630258012529274,0.18837336654669687,0.31177685837199276,0.23849990197501744,0.2520263641253546,0.29821870072152085,0.1514739790824413,0.20472578398859884,0.2685095662273799,0.2025940054686603,0.1673066663963856,0.22189113551576395,0.49380283483128257,0.5104995445475797,0.5000416542641491,0.2364399079350165,0.21524773779196804,0.24023982286776707,0.1769604316132747,0.27618409121980575,0.20594488771099329,0.16507000610663786,0.2305060561016489,0.5,0.42912388643389293,0.3722683662976706,0.25372963863343345,0.3088597205443283,0.5395611284058119,0.13361061765069027,0.5558207111631944,0.3591919641265079,0.19828132981062904,0.26106519627035984,0.20219599230118654,0.21220099472218992,0.5370894253192526,0.550919659884078,0.4786463007799896,0.4661357628636639,0.23719548296043963,0.41504962526731526,0.3377107693274,0.2489287079795176,0.3812633571166323,0.26923054057890433,0.7044867312167974,0.4497784135412871,0.3100374306177772,0.47717869369139987,0.25924948011280396,0.38265297193809983,0.30937601554112454,0.3229024776914617,0.3690948142876279,0.2223500926485484,0.27560189755470593,0.33938567979348705,0.2734701190347674,0.2381827799624927,0.2927672490818711,0.5646789483973896,0.5813756581136869,0.5709177678302562,0.3073160215011236,0.2861238513580751,0.31111593643387414,0.2478365451793818,0.3470602047859129,0.27682100127710035,0.23594611967274495,0.301382169667756,0.5708761135661071,0.5,0.4431444798637777,0.3246057521995406,0.37973583411043543,0.610437241971919,0.20448673121679736,0.6266968247293015,0.430068077692615,0.26915744337673614,0.3319413098364669,0.27307210586729364,0.283077108288297,0.6079655388853598,0.6077751800203003,0.5355018209162119,0.5229912829998862,0.29405100309666193,0.47190514540353756,0.3945662894636223,0.3057842281157399,0.4381188772528546,0.32608606071512664,0.7613422513530197,0.5066339336775094,0.3668929507539995,0.5340342138276222,0.31610500024902627,0.43950849207432213,0.36623153567734684,0.379757997827684,0.4259503344238502,0.2792056127847707,0.33245741769092824,0.39624119992970935,0.3303256391709897,0.295038300098715,0.3496227692180934,0.6215344685336119,0.6382311782499092,0.6277732879664785,0.3641715416373459,0.3429793714942974,0.36797145657009644,0.3046920653156041,0.4039157249221352,0.33367652141332266,0.2928016398089673,0.3582376898039783,0.6277316337023294,0.5568555201362223,0.5,0.3814612723357629,0.43659135424665774,0.6672927621081413,0.26134225135301964,0.6835523448655239,0.48692359782883726,0.32601296351295844,0.3887968299726892,0.32992762600351594,0.3399326284245193,0.6648210590215821,0.7263139076845374,0.654040548580449,0.6415300106641233,0.41258973076089905,0.5904438730677747,0.5131050171278595,0.42432295577997703,0.5566576049170917,0.44462478837936376,0.8798809790172568,0.6251726613417465,0.48543167841823665,0.6525729414918593,0.4346437279132634,0.5580472197385593,0.48477026334158396,0.4982967254919211,0.5444890620880873,0.39774434044900786,0.45099614535516536,0.5147799275939464,0.44886436683522685,0.41357702776295213,0.4681614968823305,0.7400731961978491,0.7567699059141463,0.7463120156307156,0.482710269301583,0.4615180991585346,0.48651018423433356,0.42323079297984123,0.5224544525863722,0.4522152490775598,0.4113403674732044,0.4767764174682154,0.7462703613665665,0.6753942478004594,0.6185387276642371,0.5,0.5551300819108949,0.7858314897723785,0.37988097901725676,0.802091072529761,0.6054623254930744,0.44455169117719556,0.5073355576369264,0.44846635366775306,0.7833597866858192,0.6711838257736426,0.5989104666695542,0.5863999287532285,0.3574596488500042,0.5353137911568798,0.45797493521696464,0.36919287386908217,0.5015275230061969,0.38949470646846895,0.824750897106362,0.5700425794308517,0.4303015965073418,0.5974428595809644,0.37951364600236853,0.5029171378276645,0.4296401814306891,0.4431666435810263,0.4893589801771925,0.342614258538113,0.3958660634442705,0.4596498456830516,0.393734284924332,0.3584469458520573,0.41303141497143564,0.6849431142869542,0.7016398240032514,0.6911819337198208,0.4275801873906882,0.40638801724763973,0.43138010232343876,0.36810071106894643,0.46732437067547744,0.397085167166665,0.35621028556230955,0.42164633555732056,0.6911402794556717,0.6202641658895646,0.5634086457533423,0.44486991808910514,0.5,0.7307014078614836,0.32475089710636196,0.7469609906188661,0.5503322435821796,0.3894216092663007,0.4522054757260315,0.3933362717568582,0.4033412741778616,0.7282297047749243,0.4404824179121589,0.36820905880807064,0.3556985208917449,0.12675824098852062,0.30461238329539625,0.22727352735548104,0.1384914660075986,0.2708261151447133,0.15879329860698535,0.5940494892448783,0.3393411715693681,0.1996001886458582,0.36674145171948086,0.14881223814088496,0.2722157299661808,0.19893877356920553,0.2124652357195427,0.2586575723157089,0.1119128506766294,0.16516465558278692,0.22894843782156804,0.16303287706284839,0.1277455379905737,0.18233000710995204,0.4542417064254706,0.4709384161417678,0.4604805258583372,0.1968787795292046,0.17568660938615613,0.20067869446195516,0.1373993032074628,0.23662296281399386,0.16638375930518137,0.12550887770082594,0.19094492769583699,0.4604388715941881,0.389562758028081,0.3327072378918587,0.21416851022762157,0.2692985921385164,0.5,0.09404948924487834,0.5162595827573826,0.319630835720696,0.15872020140481713,0.2215040678645479,0.16263486389537463,0.172639866316378,0.49752829691344075,0.8464329286672806,0.7741595695631923,0.7616490316468666,0.5327087517436423,0.7105628940505179,0.6332240381106027,0.5444419767627202,0.6767766258998349,0.564743809362107,1.0,0.7452916823244897,0.6055506994009798,0.7726919624746025,0.5547627488960066,0.6781662407213025,0.6048892843243272,0.6184157464746644,0.6646080830708305,0.517863361431751,0.5711151663379086,0.6348989485766897,0.5689833878179701,0.5336960487456953,0.5882805178650737,0.8601922171805924,0.8768889268968895,0.8664310366134589,0.6028292902843263,0.6066292052170768,0.5433498139625844,0.6425734735691155,0.572334270060303,0.5314593884559476,0.5968954384509586,0.8663893823493097,0.7955132687832026,0.7386577486469803,0.6201190209827432,0.675249102893638,0.9059505107551217,0.5,0.9222100935125042,0.7255813464758176,0.5646707121599388,0.6274545786196696,0.5685853746504963,0.9034788076685624,0.4242228351547764,0.35194947605068805,0.3394389381343624,0.11049865823113808,0.2883528005380137,0.2110139445980985,0.12223188325021606,0.25456653238733074,0.14253371584960278,0.5777899064874958,0.32308158881198557,0.18334060588847567,0.3504818689620983,0.13255265538350242,0.2559561472087983,0.182679190811823,0.19620565296216017,0.24239798955832637,0.09565326791924686,0.14890507282540436,0.21268885506418547,0.14677329430546585,0.11148595523319116,0.1660704243525695,0.4379821236680881,0.45467883338438525,0.44422094310095467,0.18061919677182206,0.1594270266287736,0.1844191117045726,0.12113972045008026,0.22036338005661132,0.1501241765477988,0.1092492949434434,0.17468534493845445,0.4441792888368055,0.37330317527069845,0.31644765513447615,0.19790892747023903,0.2530390093811339,0.48374041724261746,0.0777899064874958,0.5,0.30337125296331346,0.1424606186474346,0.20524448510716536,0.14637528113799209,0.15638028355899547,0.4812687141560582,0.620851582191463,0.5485782230873746,0.536067685171049,0.3071274052678246,0.48498154757470024,0.40764269163478506,0.3188606302869026,0.45119527942401727,0.3391624628862894,0.7744186535241824,0.5197103358486721,0.37996935292516226,0.5471106159987849,0.32918140242018895,0.4525848942454848,0.3793079378485095,0.39283439999884673,0.4390267365950129,0.2922820149559334,0.3455338198620909,0.40931760210087204,0.3434020413421524,0.3081147022698777,0.36269917138925606,0.6346108707047746,0.6513075804210718,0.6408496901376413,0.3772479438085086,0.35605577366546015,0.3810478587412592,0.31776846748676685,0.41699212709329786,0.3467529235844854,0.30587804198012997,0.371314091975141,0.6408080358734921,0.569931922307385,0.5130764021711627,0.39453767450692556,0.4496677564178204,0.680369164279304,0.2744186535241824,0.6966287470366865,0.5,0.3390893656841211,0.40187323214385196,0.3430040281746786,0.35300903059568206,0.6778974611927447,0.7817622165073418,0.7094888574032535,0.6969783194869278,0.4680380395837035,0.6458921818905791,0.5685533259506639,0.47977126460278147,0.6121059137398961,0.5000730972021682,0.9353292878400612,0.6806209701645509,0.5408799872410411,0.7080212503146637,0.4900920367360678,0.6134955285613637,0.5402185721643884,0.5537450343147255,0.5999373709108918,0.4531926492718123,0.5064444541779698,0.5702282364167509,0.5043126756580313,0.46902533658575657,0.5236098057051349,0.7955215050206536,0.8122182147369507,0.8017603244535201,0.5381585781243875,0.516966407981339,0.5419584930571381,0.47867910180264567,0.5779027614091767,0.5076635579003642,0.46678867629600884,0.5322247262910198,0.8017186701893709,0.7308425566232639,0.6739870364870416,0.5554483088228045,0.6105783907336992,0.8412797985951829,0.4353292878400612,0.8575393813525655,0.6609106343158788,0.5,0.5627838664597308,0.5039146624905575,0.5139196649115609,0.8388080955086237,0.718978350047611,0.6467049909435227,0.634194453027197,0.4052541731239727,0.5831083154308483,0.5057694594909331,0.4169873981430507,0.5493220472801653,0.4372892307424374,0.8725454213803304,0.6178371037048201,0.4780961207813103,0.6452373838549329,0.42730817027633705,0.5507116621016329,0.4774347057046576,0.4909611678549948,0.537153504451161,0.39040878281208147,0.443660587718239,0.5074443699570201,0.4415288091983005,0.4062414701260258,0.46082593924540416,0.7327376385609228,0.7494343482772199,0.7389764579937893,0.47537471166465667,0.4541825415216082,0.4791746265974072,0.4158952353429149,0.515118894949446,0.44487969144063344,0.40400480983627807,0.4694408598312891,0.7389348037296402,0.668058690163533,0.6112031700273108,0.49266444236307366,0.5477945242739685,0.7784959321354521,0.3725454213803304,0.7947555148928346,0.598126767856148,0.4372161335402692,0.5,0.4411307960308267,0.4511357984518301,0.7760242290488929,0.7778475540167843,0.705574194912696,0.6930636569963703,0.6419775194000216,0.5646386634601064,0.6081912512493386,0.9314146253495037,0.6767063076739935,0.5369653247504836,0.7041065878241062,0.48617737424551033,0.6095808660708062,0.5363039096738309,0.549830371824168,0.5960227084203343,0.4492779867812548,0.5663135739261934,0.5003980131674738,0.5196951432145774,0.791606842530096,0.8083035522463932,0.7978456619629626,0.53424391563383,0.5380438305665806,0.5739880989186192,0.5283100638004623,0.7978040076988134,0.7269278941327064,0.6700723739964841,0.551533646332247,0.6066637282431417,0.8373651361046254,0.4314146253495037,0.853624718862008,0.6569959718253213,0.4960853375094425,0.5588692039691733,0.8348934330180662,0.767842551595781,0.6955691924916926,0.6830586545753669,0.6319725169790182,0.554633661039103,0.5981862488283353,0.9214096229285004,0.6667013052529901,0.5269603223294802,0.6941015854031028,0.5995758636498028,0.5262989072528275,0.5398253694031647,0.5860177059993309,0.55630857150519,0.4903930107464704,0.509690140793574,0.7816018401090926,0.7982985498253898,0.7878406595419591,0.5242389132128266,0.5280388281455771,0.5639830964976158,0.518305061379459,0.7877990052778101,0.716922891711703,0.6600673715754807,0.5966587258221384,0.8273601336836219,0.8436197164410045,0.646990969404318,0.4860803350884391,0.5488642015481698,0.8248884305970627,0.44295412099871817,0.37068076189462984,0.35817022397830417,0.12922994407507987,0.3070840863819555,0.2297452304420403,0.14096316909415785,0.2732978182312725,0.16126500169354457,0.5965211923314376,0.34181287465592736,0.20207189173241746,0.36921315480604006,0.1512839412274442,0.27468743305274007,0.20141047665576478,0.21493693880610193,0.26112927540226816,0.11438455376318865,0.16763635866934615,0.23142014090812726,0.16550458014940764,0.13021724107713295,0.1848017101965113,0.4567134095120299,0.47341011922832704,0.46295222894489646,0.19935048261576385,0.17815831247271538,0.20315039754851438,0.13987100629402205,0.23909466590055312,0.1688554623917406,0.1279805807873852,0.1934166307823962,0.4629105746807473,0.39203446111464024,0.33517894097841794,0.21664021331418082,0.2717702952250757,0.5024717030865592,0.09652119233143759,0.5187312858439418,0.3221025388072552,0.16119190449137638,0.22397577095110716,0.16510656698193385,0.17511156940293726,0.5,0.5,0.24570982185681864,0.19156220530332457,0.31002173359510776,0.6653033187521923,0.3985076995497131,0.27280700332077806,0.33711499554487856,0.21515971951652413,0.32358711793991035,0.2235388758994994,0.2960456349072218,0.23273955409931116,0.29210627957251917,0.16530331875219234,0.48379899042159935,0.2646881414890855,0.26479251072349635,0.24971464439495888,0.21334754800745293,0.30954474389388686,0.194744733987017,0.26366765173231343,0.307247072063058,0.21475275670255434,0.40392872808207625,0.41296101964831095,0.30919949843421973,0.6363922793207667,0.3948429166675882,0.3485297591595459,0.24241304769535912,0.17461663320431542,0.4173885341895308,0.36632675378301816,0.1754774082690272,0.24272937471127234,0.2629215742023131,0.21455190197676546,0.21968441340241876,0.23164997687495,0.17060005344421966,0.34020128885253803,0.21334754800745293,0.2575178957071319,0.2528526325803016,0.2604764882648988,0.3862328639685245,0.23637182409955845,0.7542901781431813,0.9195934968953737,0.6527978776928944,0.5270971814639595,0.59140517368806,0.5778772960830917,0.4778290540426808,0.5503358130504031,0.5463964577157006,0.7380891685647807,0.5189783196322668,0.5190826888666777,0.5040048225381403,0.5638349220370683,0.5179578298754948,0.5615372502062393,0.4690429348457357,0.6582189062252577,0.6672511977914923,0.5634896765774011,0.8906824574639481,0.6491330948107695,0.4967032258385405,0.6716787123327121,0.6206169319261995,0.4297675864122086,0.5172117523454944,0.48594015501813137,0.5118080738503132,0.507142810723483,0.5147666664080801,0.6405230421117059,0.8084377946966754,0.9737411134488678,0.7069454942463885,0.5812447980174535,0.645552790241554,0.6320249126365858,0.5319766705961748,0.6044834296038972,0.5411773487959866,0.6005440742691945,0.7922367851182748,0.5731259361857609,0.5732303054201717,0.5581524390916344,0.5217853427041284,0.6179825385905623,0.5721054464289889,0.6156848667597334,0.5231905513992298,0.7123665227787517,0.7213988143449864,0.6176372931308951,0.9448300740174421,0.7032807113642636,0.5508508423920345,0.48305442790099085,0.7258263288862062,0.6747645484796936,0.4839152029657026,0.5713593688989885,0.5229896966734409,0.5400877715716255,0.4790378481408951,0.5659556904038073,0.5612904272769771,0.5689142829615742,0.6946706586652,0.5448096187962339,0.6899782664048922,0.8552815851570845,0.5884859659546053,0.4627852697256703,0.5270932619497708,0.5135653843448026,0.4135171423043916,0.486023901312114,0.4227178205042034,0.4820845459774114,0.6737772568264916,0.4546664078939777,0.4547707771283886,0.4396929107998511,0.40332581441234516,0.4995230102987791,0.4536459181372057,0.49722533846795025,0.4047310231074466,0.5939069944869685,0.6029392860532031,0.49917776483911197,0.8263705457256589,0.5848211830724804,0.43239131410025133,0.36459489960920766,0.607366800594423,0.5563050201879104,0.36545567467391943,0.45289984060720534,0.40453016838165773,0.4216282432798423,0.3605783198491119,0.44749616211202414,0.44283089898519384,0.450454754669791,0.5762111303734168,0.42635009050445066,0.33469668124780766,0.0804065031046263,0.02625888655113223,0.14471841484291542,0.5,0.23320438079752073,0.10750368456858575,0.17181167679268625,0.0498564007643318,0.158283799187718,0.05823555714730707,0.13074231615502943,0.06743623534711883,0.12680296082032683,0.0,0.318495671669407,0.09938482273689316,0.099489191971304,0.08441132564276656,0.0480442292552606,0.14424142514169455,0.029441415234824665,0.09836433298012111,0.14194375331086567,0.04944943795036201,0.23862540932988394,0.2476577008961186,0.1438961796820274,0.4710889605685744,0.22953959791539588,0.18322644040735359,0.07710972894316678,0.009313314452123085,0.2520852154373385,0.20102343503082581,0.010174089516834848,0.07742605595908003,0.09761825545012077,0.049248583224573136,0.05438109465022643,0.06634665812275768,0.005296734692027323,0.1748979701003457,0.0480442292552606,0.09221457695493956,0.0875493138281093,0.09517316951270643,0.22092954521633218,0.07106850534736611,0.6014923004502869,0.34720212230710557,0.29305450575361147,0.4115140340453947,0.7667956192024793,0.5,0.374299303771065,0.4386072959951655,0.3166520199668111,0.42507941839019725,0.32503117634978634,0.3975379353575087,0.3342318545495981,0.39359858002280607,0.26679561920247924,0.5852912908718862,0.3661804419393724,0.36628481117378325,0.35120694484524584,0.3148398484577399,0.4110370443441738,0.2962370344373039,0.3651599521826004,0.40873937251334497,0.3162450571528413,0.5054210285323631,0.5144533200985979,0.41069179888450663,0.7378845797710536,0.49633521711787515,0.4500220596098328,0.34390534814564605,0.2761089336546023,0.5188808346398177,0.46781905423330505,0.2769697087193141,0.34422167516155927,0.36441387465260006,0.3160442024270524,0.3211767138527057,0.33314227732523694,0.2720923538945066,0.44169358930282493,0.3148398484577399,0.3590101961574188,0.35434493303058856,0.3619687887151857,0.4877251644188115,0.3378641245498454,0.7271929966792219,0.47290281853604055,0.41875520198254645,0.5372147302743296,0.8924963154314143,0.625700696228935,0.5,0.5643079922241006,0.44235271619574607,0.5507801146191322,0.4507318725787213,0.5232386315864437,0.45993255077853307,0.5192992762517411,0.3924963154314143,0.7109919871008212,0.4918811381683074,0.49198550740271824,0.4769076410741808,0.44054054468667486,0.5367377405731089,0.4219377306662389,0.49086064841153537,0.5344400687422799,0.4419457533817763,0.6311217247612982,0.6401540163275329,0.5363924951134417,0.8635852759999887,0.6220359133468101,0.5757227558387679,0.46960604437458103,0.40180962988353736,0.6445815308687527,0.59351975046224,0.40267040494824907,0.46992237139049425,0.49011457088153504,0.4417448986559874,0.44687741008164067,0.4588429735541719,0.39779305012344157,0.56739428553176,0.44054054468667486,0.48471089238635384,0.48004562925952354,0.4876694849441207,0.6134258606477464,0.46356482077878036,0.6628850044551214,0.40859482631194005,0.35444720975844596,0.4729067380502292,0.8281883232073137,0.5613927040048345,0.4356920077758995,0.5,0.37804472397164557,0.48647212239503174,0.38642388035462083,0.4589306393623432,0.39562455855443257,0.45499128402764055,0.3281883232073137,0.6466839948767208,0.4275731459442069,0.42767751517861774,0.4125996488500803,0.37623255246257437,0.4724297483490083,0.3576297384421384,0.4265526561874349,0.47013207651817945,0.3776377611576758,0.5668137325371977,0.5758460241034323,0.4720845028893411,0.7992772837758881,0.5577279211227096,0.5114147636146673,0.40529805215048054,0.33750163765943686,0.5802735386446523,0.5292117582381396,0.3383624127241486,0.40561437916639376,0.42580657865743454,0.3774369064318869,0.3825694178575402,0.3945349813300714,0.3334850578993411,0.5030862933076594,0.37623255246257437,0.42040290016225335,0.41573763703542305,0.42336149272002016,0.549117868423646,0.39925682855467987,0.7848402804834759,0.9501435992356682,0.683347980033189,0.557647283804254,0.6219552760283544,0.5,0.6084273984233862,0.5083791563829753,0.5808859153906977,0.517579834582787,0.576946560055995,0.4501435992356682,0.7686392709050752,0.5495284219725614,0.5496327912069722,0.5345549248784347,0.4981878284909288,0.5943850243773627,0.5485079322157893,0.5920873525465339,0.4995930371860302,0.6887690085655521,0.6978013001317868,0.5940397789176955,0.9212325598042426,0.6796831971510641,0.6333700396430217,0.527253328178835,0.4594569136877913,0.7022288146730067,0.651167034266494,0.46031768875250306,0.547761854685789,0.4993921824602413,0.5164902573584259,0.4554403339276955,0.6250415693360138,0.5423581761906078,0.5376929130637775,0.5453167687483746,0.6710731444520004,0.5212121045830344,0.6764128820600896,0.42212270391690826,0.3679750873634142,0.4864346156551974,0.841716200812282,0.5749205816098027,0.4492198853808677,0.5135278776049682,0.3915726015766138,0.5,0.39995175795958904,0.47245851696731145,0.40915243615940083,0.4685191616326088,0.341716200812282,0.660211872481689,0.44110102354917513,0.441205392783586,0.42612752645504853,0.3897604300675426,0.48595762595397657,0.3711576160471067,0.4400805337924031,0.48365995412314766,0.391165638762644,0.5803416101421659,0.5893739017084006,0.4856123804943094,0.8128051613808563,0.5712557987276778,0.5249426412196355,0.4188259297554488,0.35102951526440507,0.5938014162496205,0.5427396358431078,0.35189029032911684,0.419142256771362,0.43933445626240275,0.39096478403685514,0.39609729546250844,0.4080628589350397,0.34701293550430934,0.5166141709126276,0.3897604300675426,0.43393077776722155,0.42926551464039125,0.4368893703249884,0.5626457460286142,0.4127847061596481,0.7764611241005006,0.5221709459573193,0.4680233294038252,0.5864828576956084,0.9417644428526929,0.6749688236502137,0.5492681274212787,0.6135761196453792,0.49162084361702474,0.600048242040411,0.5,0.5725067590077224,0.5092006781998117,0.5685674036730197,0.44176444285269295,0.7602601145221,0.5411492655895861,0.5412536348239969,0.5261757684954594,0.48980867210795354,0.5860058679943875,0.4712058580875176,0.540128775832814,0.5837081961635586,0.49121388080305495,0.6803898521825769,0.6894221437488115,0.5856606225347203,0.9128534034212673,0.6713040407680888,0.6249908832600465,0.5188741717958597,0.45107775730481603,0.6938496582900314,0.6427878778835188,0.4519385323695278,0.5191904988117729,0.5393826983028137,0.49101302607726605,0.49614553750291934,0.5081111009754506,0.44706117754472025,0.6166624129530386,0.48980867210795354,0.5339790198076325,0.5293137566808023,0.5369376123653994,0.6626939880690251,0.5128329482000591,0.7039543650927782,0.44966418694959687,0.3955165703961028,0.513976098687886,0.8692576838449706,0.6024620646424913,0.4767613684135563,0.5410693606376568,0.4191140846093024,0.5275414830326886,0.42749324099227765,0.5,0.4366939191920894,0.49606064466529737,0.36925768384497054,0.6877533555143776,0.4686425065818637,0.46874687581627456,0.45366900948773714,0.4173019131002312,0.5134991089866651,0.3986990990797952,0.4676220168250917,0.5112014371558362,0.4187071217953326,0.6078830931748544,0.6169153847410892,0.513153863526998,0.8403466444135449,0.5987972817603664,0.5524841242523242,0.44636741278813735,0.3785709982970936,0.621342899282309,0.5702811188757964,0.3794317733618054,0.4466837398040506,0.46687593929509136,0.4185062670695437,0.423638778495197,0.43560434196772824,0.3745544185369979,0.5441556539453163,0.4173019131002312,0.4614722607999101,0.45680699767307986,0.464430853357677,0.5901872290613027,0.4403261891923367,0.7672604459006889,0.4588226512040134,0.5772821794957966,0.9325637646528812,0.6657681454504019,0.5400674492214669,0.6043754414455674,0.482420165417213,0.5908475638405992,0.49079932180018826,0.5633060808079106,0.5,0.559366725473208,0.43256376465288116,0.7510594363222882,0.5319485873897744,0.5320529566241852,0.5169750902956477,0.4806079939081418,0.5768051897945757,0.46200517988770584,0.5309280976330023,0.5745075179637469,0.4820132026032432,0.6711891739827651,0.6802214655489998,0.5764599443349085,0.9036527252214556,0.6621033625682771,0.6157902050602347,0.509673493596048,0.44187707910500423,0.6846489800902197,0.633587199683707,0.442737854169716,0.5099898206119612,0.530182020103002,0.4818123478774543,0.4869448593031076,0.49891042277563885,0.4378604993449085,0.6074617347532268,0.4806079939081418,0.5247783416078208,0.5201130784809904,0.5277369341655876,0.6534933098692134,0.5036322700002472,0.7078937204274809,0.4536035422842995,0.3994559257308054,0.5179154540225887,0.8731970391796732,0.6064014199771939,0.48070072374825895,0.5450087159723594,0.423053439944005,0.5314808383673912,0.4314325963269803,0.5039393553347026,0.440633274526792,0.5,0.3731970391796732,0.6916927108490802,0.4725818619165663,0.4726862311509772,0.4576083648224397,0.42124126843493376,0.5174384643213678,0.40263845441449786,0.47156137215979427,0.5151407924905389,0.4226464771300352,0.6118224485095571,0.6208547400757918,0.5170932188617006,0.8442859997482476,0.6027366370950691,0.5564234795870268,0.45030676812284,0.38251035363179625,0.6252822546170117,0.574220474210499,0.383371128696508,0.4506230951387532,0.470815294629794,0.4224456224042463,0.4275781338298996,0.43954369730243087,0.3784937738717005,0.5480950092800189,0.42124126843493376,0.46541161613461274,0.4607463530077825,0.4683702086923796,0.5941265843960054,0.4442655445270393,0.8346966812478077,1.0,0.7332043807975207,0.6075036845685857,0.6718116767926863,0.5498564007643318,0.658283799187718,0.5582355571473071,0.6307423161550294,0.5674362353471188,0.6268029608203268,0.8184956716694071,0.5993848227368932,0.599489191971304,0.5844113256427665,0.5480442292552606,0.6442414251416946,0.5983643329801211,0.6419437533108657,0.549449437950362,0.738625409329884,0.7476577008961186,0.6438961796820274,0.9710889605685744,0.7295395979153959,0.5771097289431668,0.5093133144521231,0.7520852154373384,0.7010234350308258,0.5101740895168348,0.5976182554501208,0.5492485832245732,0.5663466581227576,0.5052967346920273,0.5922145769549396,0.5875493138281093,0.5951731695127064,0.7209295452163322,0.5710685053473661,0.5162010095784006,0.26191083143521926,0.2077632148817252,0.3262227431735084,0.6815043283305929,0.4147087091281137,0.2890080128991787,0.3533160051232792,0.23136072909492478,0.339788127518311,0.23973988547790004,0.3122466444856224,0.2489405636777118,0.3083072891509198,0.18150432833059296,0.5,0.28088915106748613,0.280993520301897,0.26591565397335953,0.22954855758585357,0.3257457534722875,0.21094574356541765,0.2798686613107141,0.32344808164145866,0.230953766280955,0.4201297376604769,0.4291620292267116,0.3254005080126204,0.6525932888991673,0.41104392624598884,0.3647307687379466,0.25861405727375975,0.19081764278271607,0.43358954376793146,0.3825277633614188,0.1916784178474278,0.258930384289673,0.27912258378071375,0.2307529115551661,0.2358854229808194,0.24785098645335066,0.1868010630226203,0.3564022984309387,0.22954855758585357,0.27371890528553255,0.26905364215870226,0.2766774978432994,0.40243387354692517,0.2525728336779591,0.7353118585109145,0.48102168036773313,0.4268740638142391,0.5453335921060223,0.9006151772631068,0.6338195580606276,0.5081188618316926,0.5724268540557931,0.45047157802743865,0.5588989764508249,0.4588507344104139,0.5313574934181363,0.4680514126102257,0.5274181380834336,0.40061517726310686,0.7191108489325139,0.5,0.5001043692344108,0.4850265029058734,0.44865940651836744,0.5448566024048014,0.43005659249793154,0.49897951024322795,0.5425589305739725,0.45006461521346885,0.6392405865929908,0.6482728781592255,0.5445113569451342,0.8717041378316812,0.6301547751785027,0.5838416176704604,0.4777249062062736,0.40992849171522994,0.6527003927004453,0.6016386122939327,0.4107892667799417,0.4780412332221869,0.4982334327132276,0.44986376048768,0.4549962719133333,0.46696183538586455,0.40591191195513415,0.5755131473634525,0.44865940651836744,0.4928297542180464,0.4881644910912161,0.4957883467758133,0.621544722479439,0.47168368261047294,0.7352074892765037,0.4809173111333223,0.4267696945798282,0.5452292228716115,0.900510808028696,0.6337151888262167,0.5080144925972817,0.5723224848213823,0.4503672087930278,0.558794607216414,0.45874636517600303,0.5312531241837254,0.46794704337581483,0.5273137688490228,0.400510808028696,0.719006479698103,0.4998956307655891,0.5,0.48492213367146253,0.44855503728395657,0.5447522331703906,0.42995222326352067,0.4988751410088171,0.5424545613395617,0.449960245979058,0.63913621735858,0.6481685089248146,0.5444069877107234,0.8715997685972704,0.6300504059440919,0.5837372484360496,0.4776205369718628,0.40982412248081906,0.6525960234660344,0.6015342430595219,0.41068489754553084,0.477936863987776,0.49812906347881675,0.44975939125326914,0.45489190267892243,0.4668574661514537,0.40580754272072334,0.5754087781290417,0.44855503728395657,0.49272538498363555,0.4880601218568053,0.4956839775414024,0.6214403532450282,0.4715793133760621,0.7502853556050411,0.4959951774618597,0.4418475609083657,0.5603070892001488,0.9155886743572335,0.6487930551547542,0.5230923589258192,0.5874003511499197,0.46544507512156524,0.5738724735449514,0.4738242315045405,0.5463309905122629,0.4830249097043523,0.5423916351775603,0.41558867435723346,0.7340843460266405,0.5149734970941265,0.5150778663285375,0.5,0.46363290361249404,0.559830099498928,0.4450300895920581,0.5139530073373545,0.5575324276680992,0.46503811230759545,0.6542140836871174,0.6632463752533521,0.5594848540392608,0.8866776349258079,0.6451282722726294,0.598815114764587,0.4926984033004002,0.42490198880935653,0.6676738897945719,0.6166121093880592,0.4257627638740683,0.4930147303163135,0.5132069298073543,0.4648372575818066,0.4699697690074599,0.48193533247999115,0.42088540904926075,0.5904866444575791,0.46363290361249404,0.507803251312173,0.5031379881853427,0.5107618438699398,0.6365182195735657,0.48665717970459954,0.7866524519925471,0.47821465729587165,0.5966741855876548,0.9519557707447394,0.6851601515422602,0.5594594553133252,0.6237674475374256,0.5018121715090712,0.6102395699324574,0.5101913278920465,0.5826980868997689,0.5193920060918582,0.5787587315650662,0.4519557707447394,0.7704514424141464,0.5513405934816326,0.5514449627160434,0.5363670963875059,0.5,0.5961971958864339,0.48139718597956405,0.5503201037248605,0.5938995240556051,0.5014052086951014,0.6905811800746233,0.699613471640858,0.5958519504267668,0.9230447313133138,0.6814953686601353,0.635182211152093,0.5290654996879062,0.4612690851968625,0.7040409861820779,0.6529792057755652,0.46212986026157427,0.5293818267038194,0.5495740261948602,0.5012043539693125,0.5063368653949658,0.5183024288674971,0.4572525054367667,0.626853740845085,0.5,0.544170347699679,0.5395050845728487,0.5471289402574459,0.6728853159610716,0.5230242760921056,0.6904552561061131,0.43616507796293175,0.38201746140943765,0.5004769897012209,0.8557585748583054,0.5889629556558262,0.4632622594268912,0.5275702516509917,0.40561497562263726,0.5140423740460235,0.4139941320056125,0.4865008910133349,0.42319481020542427,0.48256153567863225,0.3557585748583054,0.6742542465277125,0.4551433975951986,0.45524776682960943,0.440169900501072,0.40380280411356606,0.5,0.3851999900931301,0.45412290783842657,0.49770232816917115,0.4052080128086675,0.5943839841881894,0.603416275754424,0.4996547545403328,0.8268475354268798,0.5852981727737013,0.538985015265659,0.43286830380147223,0.36507188931042855,0.607843790295644,0.5567820098891313,0.36593266437514027,0.43318463081738545,0.45337683030842624,0.40500715808287857,0.41013966950853187,0.4221052329810631,0.36105530955033277,0.5306565449586511,0.40380280411356606,0.44797315181324504,0.44330788868641474,0.45093174437101186,0.5766881200746377,0.42682708020567156,0.805255266012983,0.9705585847651753,0.7037629655626961,0.578062269333761,0.6423702615578616,0.6288423839528934,0.5287941419124824,0.6013009009202048,0.5379948201122942,0.5973615455855021,0.7890542564345824,0.5699434075020685,0.5700477767364793,0.5549699104079419,0.518602814020436,0.6148000099068699,0.5689229177452965,0.612502338076041,0.5200080227155374,0.7091839940950593,0.7182162856612939,0.6144547644472027,0.9416475453337497,0.7000981826805712,0.5476683137083421,0.4798718992172984,0.7226438002025138,0.6715820197960012,0.48073267428201016,0.5681768402152961,0.5198071679897485,0.5369052428879331,0.47585531945720266,0.5627731617201149,0.5581078985932846,0.5657317542778818,0.6914881299815075,0.5416270901125414,0.7363323482676866,0.4820421701245052,0.42789455357101114,0.5463540818627943,0.9016356670198789,0.6348400478173997,0.5091393515884647,0.5734473438125651,0.4514920677842107,0.5599194662075969,0.45987122416718595,0.5323779831749084,0.46907190236699775,0.5284386278402057,0.4016356670198789,0.7201313386892859,0.501020489756772,0.5011248589911829,0.48604699266264545,0.4496798962751395,0.5458770921615734,0.43107708225470354,0.5,0.5435794203307446,0.4510851049702409,0.6402610763497628,0.6492933679159975,0.5455318467019062,0.8727246275884533,0.6311752649352748,0.5848621074272324,0.47874539596304566,0.410948981472002,0.6537208824572174,0.6026591020507047,0.41180975653671376,0.47906172297895894,0.49925392246999967,0.45088425024445206,0.45601676167010535,0.4679823251426366,0.4069324017119062,0.5765336371202245,0.4496798962751395,0.49385024397481847,0.48918498084798817,0.49680883653258534,0.6225652122362111,0.472704172367245,0.692752927936942,0.4384627497937606,0.38431513324026656,0.5027746615320497,0.8580562466891343,0.5912606274866551,0.46555993125772005,0.5298679234818205,0.4079126474534661,0.5163400458768523,0.4162918038364414,0.48879856284416373,0.4254924820362532,0.48485920750946115,0.3580562466891343,0.6765519183585413,0.45744106942602747,0.45754543866043834,0.44246757233190087,0.4061004759443949,0.5022976718308289,0.38749766192395896,0.4564205796692554,0.5,0.4075056846394963,0.5966816560190182,0.6057139475852529,0.5019524263711617,0.8291452072577087,0.5875958446045302,0.5412826870964879,0.4351659756323011,0.3673695611412574,0.6101414621264728,0.5590796817199601,0.3682303362059692,0.43548230264821436,0.4556745021392551,0.4073048299137074,0.4124373413393608,0.424402904811892,0.3633529813811616,0.53295421678948,0.4061004759443949,0.4502708236440739,0.4456055605172436,0.45322941620184076,0.5789857919054665,0.4291247520365004,0.7852472432974457,0.5309570651542643,0.47680944860077024,0.5952689768925534,0.950550562049638,0.6837549428471588,0.5580542466182238,0.6223622388423242,0.5004069628139698,0.608834361237356,0.508786119196945,0.5812928782046675,0.5179867973967568,0.5773535228699648,0.450550562049638,0.769046233719045,0.5499353847865311,0.550039754020942,0.5349618876924045,0.4985947913048986,0.5947919871913325,0.47999197728446263,0.5489148950297591,0.5924943153605037,0.5,0.6891759713795219,0.6982082629457566,0.5944467417316653,0.9216395226182124,0.6800901599650339,0.6337770024569915,0.5276602909928048,0.4598638765017611,0.7026357774869765,0.6515739970804638,0.46072465156647285,0.527976618008718,0.5481688174997588,0.4997991452742111,0.5049316566998644,0.5168972201723957,0.4558472967416653,0.6254485321499836,0.4985947913048986,0.5427651390045776,0.5380998758777473,0.5457237315623444,0.6714801072659702,0.5216190673970041,0.5960712719179238,0.34178109377474236,0.28763347722124827,0.4060930055130315,0.761374590670116,0.4945789714676368,0.3688782752387018,0.4331862674628023,0.3112309914344479,0.41965838985783405,0.31961014781742314,0.3921169068251455,0.3288108260172349,0.38817755149044286,0.26137459067011604,0.5798702623395231,0.3607594134070092,0.36086378264142005,0.34578591631288264,0.3094188199253767,0.4056160158118106,0.2908160059049407,0.3597389236502372,0.40331834398098176,0.3108240286204781,0.5,0.5090322915662346,0.40527077035214343,0.7324635512386904,0.49091418858551195,0.4446010310774696,0.33848431961328285,0.2706879051222391,0.5134598061074546,0.46239802570094185,0.2715486801869509,0.33880064662919607,0.35899284612023685,0.3106231738946892,0.3157556853203425,0.32772124879287373,0.2666713253621434,0.4362725607704617,0.3094188199253767,0.3535891676250556,0.34892390449822536,0.35654776018282247,0.48230413588644827,0.3324430960174822,0.5870389803516891,0.33274880220850767,0.27860118565501363,0.3970607139467968,0.7523422991038814,0.48554667990140216,0.3598459836724671,0.4241539758965676,0.3021986998682132,0.4106260982915994,0.31057785625118844,0.38308461525891085,0.31977853445100024,0.3791452599242082,0.2523422991038814,0.5708379707732885,0.35172712184077454,0.3518314910751854,0.33675362474664794,0.300386528359142,0.3965837242455759,0.281783714338706,0.3507066320840025,0.39428605241474707,0.3017917370542434,0.49096770843376536,0.5,0.3962384787859088,0.7234312596724558,0.48188189701927725,0.435568739511235,0.32945202804704815,0.2616556135560045,0.5044275145412198,0.4533657341347072,0.26251638862071625,0.3297683550629614,0.34996055455400216,0.30159088232845455,0.30672339375410784,0.3186889572266391,0.2576390337959087,0.4272402692042271,0.300386528359142,0.34455687605882096,0.33989161293199066,0.34751546861658783,0.4732718443202136,0.3234108044512475,0.6908005015657803,0.43651032342259893,0.38236270686910484,0.5008222351608881,0.8561038203179726,0.5893082011154933,0.4636075048865584,0.5279154971106589,0.4059602210823044,0.5143876195056907,0.41433937746527966,0.48684613647300207,0.42354005566509145,0.48290678113829943,0.3561038203179726,0.6745994919873797,0.45548864305486575,0.4555930122892766,0.44051514596073915,0.4041480495732332,0.5003452454596672,0.3855452355527973,0.4544681532980937,0.4980475736288383,0.4055532582683346,0.5947292296478566,0.6037615212140912,0.5,0.827192780886547,0.5856434182333685,0.5393302607253262,0.4332135492611394,0.3654171347700957,0.608189035755311,0.5571272553487985,0.36627790983480746,0.43352987627705264,0.45372207576809337,0.40535240354254576,0.41048491496819905,0.4224504784407303,0.36140055500999996,0.5310017904183183,0.4041480495732332,0.4483183972729122,0.44365313414608193,0.45127698983067904,0.5770333655343048,0.42717232566533875,0.3636077206792333,0.1093175425360519,0.05516992598255784,0.17362945427434104,0.5289110394314256,0.26211542022894635,0.13641472400001137,0.20072271622411186,0.07876744019575742,0.18719483861914363,0.08714659657873268,0.15965335558645505,0.09634727477854445,0.15571400025175242,0.028911039431425613,0.34740671110083265,0.12829586216831876,0.12840023140272963,0.11332236507419216,0.07695526868668622,0.17315246457312017,0.058352454666250275,0.1272753724115467,0.1708547927422913,0.07836047738178763,0.26753644876130955,0.27656874032754425,0.172807219113453,0.5,0.2584506373468215,0.2121374798387792,0.1060207683745924,0.038224353883548695,0.28099625486876406,0.22993447446225143,0.03908512894826046,0.10633709539050563,0.12652929488154638,0.07815962265599875,0.08329213408165205,0.0952576975541833,0.03420777412345294,0.2038090095317713,0.07695526868668622,0.12112561638636518,0.1164603532595349,0.12408420894413205,0.2498405846477578,0.09997954477879172,0.6051570833324118,0.3508669051892304,0.2967192886357364,0.41517881692751957,0.7704604020846041,0.5036647828821249,0.37796408665318987,0.44227207887729036,0.32031680284893593,0.42874420127232216,0.3286959592319112,0.40120271823963355,0.33789663743172293,0.3972633629049309,0.27046040208460415,0.5889560737540112,0.3698452248214973,0.3699495940559081,0.3548717277273707,0.31850463133986473,0.41470182722629867,0.2999018173194288,0.36882473506472524,0.4124041553954698,0.31990984003496614,0.509085811414488,0.5181181029807227,0.4143565817666315,0.7415493626531785,0.5,0.4536868424919577,0.3475701310277709,0.2797737165367272,0.5225456175219426,0.47148383711542996,0.280634491601439,0.3478864580436841,0.3680786575347249,0.31970898530917724,0.32484149673483054,0.3368070602073618,0.27575713677663144,0.4453583721849498,0.31850463133986473,0.3626749790395437,0.3580097159127134,0.3656335715973106,0.4913899473009363,0.34152890743197023,0.6514702408404541,0.8167735595926464,0.5499779403901671,0.4242772441612322,0.4885852363853327,0.3666299603569782,0.4750573587803644,0.37500911673995346,0.4475158757476759,0.38420979493976526,0.44357652041297324,0.6352692312620535,0.41615838232953956,0.41626275156395043,0.40118488523541296,0.364817788847907,0.461014984734341,0.4151378925727675,0.4587173129035121,0.3662229975430084,0.5553989689225304,0.564431260488765,0.4606697392746738,0.7878625201612208,0.5463131575080423,0.3938832885358132,0.3260868740447695,0.5688587750299848,0.5177969946234723,0.32694764910948126,0.4143918150427672,0.36602214281721956,0.3831202177154041,0.32207029428467376,0.408988136547586,0.40432287342075574,0.41194672910535285,0.5377031048089786,0.38784206494001255,0.7575869523046409,0.5032967741614595,0.4491491576079654,0.5676086858997487,0.9228902710568332,0.656094651854354,0.5303939556254189,0.5947019478495195,0.47274667182116503,0.5811740702445513,0.4811258282041403,0.5536325872118627,0.49032650640395203,0.54969323187716,0.4228902710568332,0.7413859427262403,0.5222750937937264,0.5223794630281372,0.5073015966995997,0.47093450031209383,0.5671316961985278,0.4523316862916579,0.5212546040369543,0.5648340243676989,0.47233970900719524,0.6615156803867172,0.6705479719529518,0.5667864507388606,0.8939792316254076,0.6524298689722291,0.6061167114641868,0.5,0.4322035855089563,0.6749754864941717,0.6239137060876591,0.43306436057366804,0.5003163270159132,0.520508526506954,0.47213885428140634,0.47727136570705964,0.4892369291795909,0.42818700574886054,0.5977882411571789,0.47093450031209383,0.5151048480117728,0.5104395848849425,0.5180634405695397,0.6438198162731654,0.49395877640419933,0.8253833667956846,0.5169455720990092,0.6354051003907923,0.9906866855478769,0.7238910663453977,0.5981903701164627,0.6624983623405631,0.5405430863122087,0.6489704847355949,0.548922242695184,0.6214290017029064,0.5581229208949957,0.6174896463682037,0.4906866855478769,0.8091823572172839,0.5900715082847701,0.5901758775191809,0.5750980111906435,0.5387309148031375,0.6349281106895714,0.5201281007827016,0.589051018527998,0.6326304388587426,0.5401361234982389,0.7293120948777608,0.7383443864439956,0.6345828652299043,0.9617756461164513,0.7202262834632728,0.6739131259552305,0.5677964144910437,0.5,0.7427719009852154,0.6917101205787027,0.5008607750647117,0.5883049409979977,0.53993526877245,0.5450677801981033,0.5570333436706346,0.4959834202399042,0.6655846556482226,0.5387309148031375,0.5829012625028165,0.5782359993759862,0.5858598550605834,0.7116162307642091,0.5617551908952431,0.5826114658104692,0.32832128766728785,0.27417367111379376,0.39263319940557695,0.7479147845626616,0.4811191653601823,0.3554184691312473,0.4197264613553478,0.2977711853269933,0.40619858375037954,0.30615034170996863,0.378657100717691,0.3153510199097804,0.37471774538298835,0.24791478456266153,0.5664104562320685,0.34729960729955467,0.34740397653396554,0.33232611020542807,0.2959590138179221,0.3921562097043561,0.2773561997974862,0.3462791175427826,0.3898585378735272,0.2973642225130236,0.4865401938925455,0.49557248545878013,0.3918109642446889,0.7190037451312359,0.47745438247805744,0.4311412249700151,0.32502451350582834,0.2572280990147846,0.5,0.44893821959348734,0.2580888740794964,0.32534084052174156,0.34553304001278234,0.2971633677872347,0.302295879212888,0.3142614426854192,0.2532115192546889,0.4228127546630072,0.2959590138179221,0.3401293615176011,0.33546409839077085,0.34308795407536796,0.4688443297789937,0.31898328991002767,0.6336732462169818,0.3793830680738005,0.3252354515203064,0.4436949798120896,0.7989765649691742,0.532180945766695,0.40648024953775996,0.47078824176186046,0.348832965733506,0.4572603641568922,0.35721212211648123,0.42971888112420364,0.36641280031629303,0.425779525789501,0.2989765649691742,0.6174722366385812,0.3983613877060673,0.3984657569404782,0.38338789061194073,0.34702079422443477,0.44321799011086876,0.32841798020399887,0.3973408979492953,0.44092031828003986,0.3484260029195362,0.5376019742990581,0.5466342658652928,0.4428727446512016,0.7700655255377485,0.52851616288457,0.48220300537652777,0.376086293912341,0.30828987942129726,0.5510617804065127,0.5,0.30915065448600904,0.3764026209282542,0.39659482041929495,0.34822514819374734,0.35335765961940063,0.3653232230919319,0.30427329966120154,0.4738745350695199,0.34702079422443477,0.39119114192411375,0.38652587879728345,0.3941497344818806,0.5199061101855064,0.37004507031654027,0.8245225917309729,0.5702324135877914,0.5160847970342973,0.6345443253260806,0.9898259104831652,0.7230302912806859,0.5973295950517509,0.6616375872758514,0.539682311247497,0.6481097096708832,0.5480614676304723,0.6205682266381946,0.557262145830284,0.616628871303492,0.48982591048316515,0.8083215821525722,0.5892107332200583,0.5893151024544692,0.5742372361259317,0.5378701397384258,0.6340673356248597,0.5192673257179898,0.5881902434632863,0.6317696637940309,0.5392753484335272,0.7284513198130491,0.7374836113792838,0.6337220901651925,0.9609148710517396,0.7193655083985611,0.6730523508905187,0.566935639426332,0.49913922493528823,0.7419111259205036,0.6908493455139909,0.5,0.5672519664422452,0.587444165933286,0.5390744937077383,0.5442070051333916,0.5561725686059228,0.4951226451751925,0.6647238805835108,0.5378701397384258,0.5820404874381048,0.5773752243112744,0.5849990799958716,0.7107554556994974,0.5608944158305312,0.7572706252887277,0.92257394404092,0.6557783248384407,0.5300776286095057,0.5943856208336062,0.580857743228638,0.480809501188227,0.5533162601959494,0.4900101793880388,0.5493769048612468,0.741069615710327,0.5219587667778132,0.522063136012224,0.5069852696836865,0.47061817329618055,0.5668153691826145,0.5209382770210411,0.5645176973517857,0.47202338199128197,0.6611993533708039,0.6702316449370386,0.5664701237229474,0.8936629046094944,0.6521135419563159,0.4996836729840868,0.6746591594782584,0.6235973790717458,0.4327480335577548,0.5201921994910408,0.48892060216367766,0.4278706787329473,0.5147885209958596,0.5101232578690292,0.5177471135536265,0.6435034892572522,0.4936424493882861,0.7370784257976869,0.4827882476545055,0.42864063110101147,0.5471001593927947,0.9023817445498792,0.6355861253474,0.509885429118465,0.5741934213425655,0.452238145314211,0.5606655437375972,0.4606173016971863,0.5331240607049087,0.46981797989699803,0.529184705370206,0.40238174454987924,0.7208774162192862,0.5017665672867724,0.5018709365211832,0.4867930701926458,0.4504259738051398,0.5466231696915738,0.43182315978470387,0.5007460775300003,0.5443254978607449,0.45183118250024124,0.6410071538797631,0.6500394454459978,0.5462779242319066,0.8734707051184536,0.6319213424652751,0.5856081849572328,0.479491473493046,0.4116950590020023,0.6544669599872177,0.603405179580705,0.4125558340667141,0.47980780050895927,0.5,0.45163032777445233,0.45676283920010563,0.4687284026726369,0.40767847924190653,0.5772797146502249,0.4504259738051398,0.4945963215048188,0.4899310583779885,0.4975549140625857,0.6233112897662114,0.4734502498972453,0.7854480980232346,0.4770103033265591,0.5954698316183423,0.9507514167754268,0.6839557975729476,0.5582551013440126,0.6225630935681131,0.5006078175397587,0.6090352159631449,0.508986973922734,0.5814937329304563,0.5181876521225457,0.5775543775957537,0.45075141677542685,0.7692470884448339,0.55013623951232,0.5502406087467309,0.5351627424181934,0.4987956460306875,0.5949928419171214,0.48019283201025154,0.549115749755548,0.5926951700862926,0.5002008547257889,0.6893768261053108,0.6984091176715455,0.5946475964574542,0.9218403773440013,0.6802910146908228,0.6339778571827804,0.5278611457185937,0.46006473122754993,0.7028366322127654,0.6517748518062527,0.4609255062922617,0.5483696722255477,0.5,0.5051325114256533,0.5170980748981846,0.4560481514674542,0.6256493868757725,0.4987956460306875,0.5429659937303665,0.5383007306035361,0.5459245862881333,0.6716809619917591,0.5218199221227929,0.7803155865975813,0.9456189053497736,0.6788232861472943,0.5531225899183593,0.6174305821424598,0.6039027045374916,0.5038544624970807,0.576361221504803,0.5130551406968924,0.5724218661701004,0.7641145770191806,0.5450037280866667,0.5451080973210776,0.5300302309925401,0.4936631346050342,0.5898603304914681,0.5439832383298947,0.5875626586606393,0.4950683433001356,0.6842443146796575,0.6932766062458922,0.589515085031801,0.916707865918348,0.6751585032651695,0.5227286342929404,0.45493221980189663,0.6977041207871121,0.6466423403805994,0.4557929948666084,0.5432371607998944,0.4948674885743467,0.5119655634725313,0.4509156400418009,0.5378334823047132,0.5331682191778828,0.54079207486248,0.6665484505661058,0.5166874106971396,0.76835002312505,0.5140598449818686,0.45991222842837454,0.5783717567201577,0.9336533418772424,0.6668577226747631,0.5411570264458281,0.6054650186699285,0.4835097426415741,0.5919371410649603,0.4918888990245494,0.5643956580322718,0.5010895772243611,0.5604563026975691,0.4336533418772423,0.7521490135466493,0.5330381646141354,0.5331425338485464,0.5180646675200089,0.4816975711325029,0.5778947670189368,0.463094757112067,0.5320176748573634,0.575597095188108,0.4831027798276043,0.6722787512071262,0.681311042773361,0.5775495215592698,0.9047423024458167,0.6631929397926382,0.616879782284596,0.5107630708204091,0.4429666563293654,0.6857385573145808,0.6346767769080681,0.44382743139407715,0.5110793978363224,0.5312715973273631,0.48290192510181545,0.48803443652746875,0.5,0.43895007656926965,0.608551311977588,0.4816975711325029,0.5258679188321819,0.5212026557053516,0.5288265113899487,0.6545828870935745,0.5047218472246084,0.8293999465557803,0.5209621518591049,0.6394216801508881,0.9947032653079727,0.7279076461054934,0.6022069498765584,0.666514942100659,0.5445596660723044,0.6529870644956907,0.5529388224552797,0.6254455814630021,0.5621395006550916,0.6215062261282995,0.49470326530797265,0.8131989369773797,0.5940880880448658,0.5941924572792767,0.5791145909507392,0.5427474945632332,0.6389446904496673,0.5241446805427974,0.5930675982880937,0.6366470186188383,0.5441527032583346,0.7333286746378567,0.7423609662040913,0.6385994449900001,0.9657922258765471,0.7242428632233685,0.6779297057153263,0.5718129942511394,0.5040165797600957,0.7467884807453111,0.6957267003387985,0.5048773548248076,0.5721293212670527,0.5923215207580934,0.5439518485325459,0.5490843599581992,0.5610499234307303,0.5,0.6696012354083184,0.5427474945632332,0.5869178422629122,0.582252579136082,0.5898764348206791,0.7156328105243048,0.5657717706553388,0.659798711147462,0.8251020298996543,0.558306410697175,0.4326057144682401,0.4969137066923406,0.3749584306639861,0.4833858290873723,0.3833375870469614,0.45584434605468377,0.39253826524677315,0.45190499071998114,0.6435977015690614,0.42448685263654745,0.4245912218709583,0.40951335554242085,0.3731462591549149,0.4693434550413489,0.4234663628797754,0.46704578321052,0.3745514678500163,0.5637274392295383,0.5727597307957729,0.4689982095816817,0.7961909904682287,0.5546416278150502,0.4022117588428211,0.3344153443517774,0.5771872453369927,0.5261254649304802,0.33527611941648916,0.42272028534977507,0.37435061312422746,0.391448688022412,0.33039876459168166,0.4173166068545939,0.41265134372776363,0.42027519941236074,0.5460315751159865,0.39617053524702045,0.7866524519925471,0.9519557707447394,0.6851601515422602,0.5594594553133252,0.6237674475374256,0.6102395699324574,0.5101913278920465,0.5826980868997689,0.5193920060918582,0.5787587315650662,0.7704514424141464,0.5513405934816326,0.5514449627160434,0.5363670963875059,0.5,0.5961971958864339,0.5503201037248605,0.5938995240556051,0.5014052086951014,0.6905811800746233,0.699613471640858,0.5958519504267668,0.9230447313133138,0.6814953686601353,0.5290654996879062,0.4612690851968625,0.7040409861820779,0.6529792057755652,0.46212986026157427,0.5495740261948602,0.5012043539693125,0.5183024288674971,0.4572525054367667,0.544170347699679,0.5395050845728487,0.5471289402574459,0.6728853159610716,0.5230242760921056,0.7424821042928681,0.4881919261496867,0.43404430959619267,0.5525038378879759,0.9077854230450604,0.6409898038425812,0.5152891076136462,0.5795970998377467,0.4576418238093922,0.5660692222327784,0.4660209801923675,0.5385277392000899,0.4752216583921793,0.5345883838653872,0.40778542304506044,0.7262810947144674,0.5071702457819536,0.5072746150163644,0.492196748687827,0.455829652300321,0.552026848186755,0.4372268382798851,0.5061497560251815,0.5497291763559261,0.45723486099542243,0.6464108323749443,0.6554431239411791,0.5516816027270878,0.8788743836136348,0.6373250209604563,0.591011863452414,0.4848951519882272,0.4170987374971835,0.6598706384823989,0.6088088580758863,0.4179595125618953,0.48521147900414047,0.5054036784951812,0.4570340062696336,0.4621665176952869,0.47413208116781813,0.41308215773708773,0.5826833931454061,0.455829652300321,0.5,0.4953347368731697,0.5029585925577669,0.6287149682613926,0.4788539283924265,0.7471473674196983,0.492857189276517,0.43870957272302297,0.5571691010148061,0.9124506861718907,0.6456550669694114,0.5199543707404765,0.584262362964577,0.4623070869362225,0.5707344853596087,0.4706862433191978,0.5431930023269201,0.4798869215190095,0.5392536469922176,0.41245068617189073,0.7309463578412977,0.5118355089087838,0.5119398781431947,0.4968620118146573,0.4604949154271513,0.5566921113135853,0.44189210140671537,0.5108150191520118,0.5543944394827564,0.46190012412225273,0.6510760955017747,0.6601083870680093,0.5563468658539181,0.8835396467404651,0.6419902840872866,0.5956771265792443,0.4895604151150575,0.4217640006240138,0.6645359016092292,0.6134741212027165,0.4226247756887256,0.48987674213097077,0.5100689416220114,0.46169926939646383,0.4668317808221171,0.4787973442946484,0.41774742086391803,0.5873486562722364,0.4604949154271513,0.5046652631268302,0.5,0.5076238556845971,0.6333802313882229,0.4835191915192568,0.7395235117351012,0.48523333359191984,0.4310857170384258,0.549545245330209,0.9048268304872936,0.6380312112848143,0.5123305150558793,0.5766385072799798,0.45468323125162535,0.5631106296750116,0.4630623876346006,0.535569146642323,0.4722630658344124,0.5316297913076203,0.40482683048729357,0.7233225021567006,0.5042116532241867,0.5043160224585975,0.4892381561300601,0.45287105974255415,0.5490682556289881,0.43426824572211825,0.5031911634674147,0.5467705837981592,0.45427626843765556,0.6434522398171775,0.6524845313834122,0.5487230101693209,0.8759157910558679,0.6343664284026894,0.5880532708946471,0.4819365594304604,0.41414014493941664,0.656912045924632,0.6058502655181194,0.4150009200041284,0.4822528864463736,0.5024450859374143,0.4540754137118667,0.45920792513752,0.47117348861005126,0.4101235651793209,0.5797248005876392,0.45287105974255415,0.49704140744223313,0.49237614431540283,0.5,0.6257563757036257,0.47589533583465965,0.6137671360314755,0.3594769578882941,0.30532934133480005,0.42378886962658324,0.7790704547836678,0.5122748355811886,0.38657413935225354,0.45088213157635404,0.3289268555479996,0.43735425397138583,0.33730601193097487,0.4098127709386972,0.34650669013078667,0.40587341560399465,0.2790704547836678,0.5975661264530748,0.37845527752056096,0.37855964675497183,0.36348178042643436,0.3271146840389284,0.42331187992536234,0.30851187001849245,0.3774347877637889,0.4210142080945335,0.3285198927340298,0.5176958641135517,0.5267281556797864,0.4229666344656952,0.7501594153522422,0.5086100526990637,0.4622968951910214,0.3561801837268346,0.2883837692357909,0.5311556702210063,0.48009388981449364,0.28924454430050267,0.35649651074274785,0.3766887102337886,0.3283190380082409,0.33345154943389427,0.3454171129064255,0.2843671894756951,0.4539684248840135,0.3271146840389284,0.3712850317386074,0.3666197686117771,0.37424362429637426,0.5,0.3501389601310339,0.7636281759004415,0.45519038120376615,0.5736499094955493,0.9289314946526339,0.6621358754501546,0.5364351792212196,0.6007431714453202,0.4787878954169657,0.5872152938403519,0.48716705179994096,0.5596738108076633,0.4963677299997527,0.5557344554729607,0.4289314946526339,0.7474271663220409,0.528316317389527,0.5284206866239379,0.5133428202954005,0.4769757239078945,0.5731729197943285,0.45837290988745855,0.527295827632755,0.5708752479634995,0.4783809326029959,0.6675569039825179,0.6765891955487525,0.5728276743346613,0.9000204552212083,0.6584710925680297,0.6121579350599875,0.5060412235958007,0.438244809104757,0.6810167100899723,0.6299549296834597,0.43910558416946877,0.506357550611714,0.5265497501027546,0.478180077877207,0.4833125893028603,0.49527815277539156,0.4342282293446612,0.6038294647529796,0.4769757239078945,0.5211460716075734,0.5164808084807432,0.5241046641653403,0.649861039868966,0.5,0.5,0.5306656656431832,0.7601692830607022,0.7727307574131387,0.5449405952478376,0.5074763724085433,0.520439930326783,0.5708761289433723,0.8265312598159996,0.4911893026475912,0.7668000226960988,0.5209000210811621,0.7494525932140983,0.8649511706357078,0.5282345813679233,0.498173997578383,0.4860260562604237,0.935221995182162,0.6315607950786419,0.5834731600268689,0.5517596680057512,0.6364363030180769,0.736961629239755,0.5365604250774629,0.8273780395200605,0.7822953343139664,0.6431782611372537,0.7626725257181777,0.7523724370390452,0.5740719281402258,0.5187499345163361,0.5075988334119458,0.8408517007045632,0.490098807647148,0.542710753009611,0.4936345957488803,0.589805840166383,0.7761333682315352,0.46933433435681676,0.5,0.729503617417519,0.7420650917699555,0.5142749296046544,0.4768107067653601,0.4897742646835998,0.540210463300189,0.7958655941728164,0.427629445502658,0.46052363700440796,0.40455632953897874,0.7361343570529156,0.47407785905447475,0.4902343554379788,0.43459927093391526,0.718786927570915,0.8342855049925246,0.42997330220537916,0.4975689157247401,0.46750833193519975,0.4553603906172405,0.9045563295389787,0.6008951294354586,0.5528074943836857,0.521094002362568,0.6057706373748936,0.7062959635965718,0.42396201143195456,0.5058947594342798,0.7967123738768773,0.7516296686707832,0.6125125954940704,0.7320068600749944,0.721706771395862,0.5434062624970426,0.48808426887315287,0.4769331677687625,0.81018603506138,0.4594331420039648,0.5120450873664278,0.46296893010569706,0.5591401745231999,0.745467702588352,0.23983071693929775,0.270496382582481,0.5,0.35893005474510675,0.5125614743524365,0.23653998097492018,0.28477131218713536,0.24730708934784107,0.2602706472660808,0.31070684588266995,0.5663619767552974,0.198125828085139,0.23102001958688897,0.1750527121214597,0.3236828684694462,0.2666334819567112,0.5066307396353966,0.2445742416369557,0.26073073802045976,0.20509565351639625,0.489283310153396,0.6047818875750056,0.20046968478786012,0.2680652983072211,0.2380047145176807,0.22585677319972147,0.6750527121214597,0.37139151201793963,0.3233038769661667,0.29159038494504896,0.37626701995737455,0.47679234617905275,0.19445839401443554,0.27639114201676074,0.5672087564593583,0.5221260512532642,0.3830089780765515,0.5025032426574754,0.49220315397834297,0.3139026450795236,0.25858065145563386,0.2474295503512435,0.580682417643861,0.22992952458644575,0.2825414699489088,0.23346531268817808,0.32963655710568085,0.515964085170833,0.6410699452548932,0.6536314196073297,0.4258412574420286,0.3883770346027343,0.40134059252097404,0.4517767911375632,0.7074319220101907,0.3720899648417822,0.6477006848902899,0.401800683275353,0.6303532554082892,0.7458518328298988,0.40913524356211434,0.37907465977257393,0.3669267184546147,0.8161226573763529,0.5124614572728329,0.4643738222210599,0.4326603301999422,0.617862291433946,0.41746108727165393,0.7082787017142516,0.6631959965081573,0.5240789233314447,0.6435731879123686,0.6332730992332363,0.45497259033441684,0.3996505967105271,0.3884994956061367,0.7217523628987541,0.37099946984133897,0.423611415203802,0.3745352579430713,0.4707065023605741,0.6570340304257263,0.2272692425868613,0.2579349082300445,0.4874385256475635,0.3463685803926703,0.5,0.22397850662248373,0.2722098378346989,0.23474561499540458,0.24770917291364433,0.2981453715302335,0.5538005024028609,0.18556435373270252,0.2184585452344525,0.16249123776902324,0.31112139411700973,0.2540720076042748,0.49406926528296014,0.23201276728451925,0.2481692636680233,0.1925341791639598,0.47672183580095956,0.5922204132225691,0.18790821043542366,0.2555038239547846,0.22544324016524425,0.21329529884728501,0.6624912377690232,0.3588300376655032,0.3107424026137302,0.2790289105926125,0.3637055456049381,0.46423087182661626,0.18189691966199908,0.26382966766432425,0.5546472821069218,0.5095645769008277,0.370447503724115,0.48994176830503894,0.47964167962590654,0.3013411707270871,0.2460191771031974,0.23486807599880702,0.5681209432914245,0.2173680502340093,0.26997999559647234,0.2209038383357416,0.31707508275324436,0.5034026108183965,0.7634600190250798,0.7760214933775162,0.5482313312122151,0.5107671083729208,0.5237306662911606,0.5741668649077498,0.8298219957803772,0.49448003861196876,0.7700907586604764,0.5241907570455396,0.7527433291784759,0.8682419066000854,0.5315253173323009,0.5014647335427606,0.4893167922248013,0.9385127311465395,0.6348515310430195,0.5867638959912465,0.5550504039701287,0.7402523652041325,0.5398511610418405,0.8306687754844381,0.7855860702783439,0.6464689971016313,0.7659632616825552,0.7556631730034228,0.5773626641046034,0.5108895693763233,0.8441424366689407,0.4933895436115256,0.5460014889739886,0.49692533171325787,0.5930965761307606,0.7794241041959128,0.4550594047521624,0.4857250703953456,0.7152286878128646,0.5741587425579714,0.7277901621653011,0.4517686687877848,0.5,0.4625357771607057,0.47549933507894543,0.5259355336955346,0.7815906645681621,0.41335451589800365,0.4462487073997536,0.39028139993432437,0.5389115562823108,0.48186216976957585,0.7218594274482613,0.4598029294498204,0.4759594258333244,0.4203243413292609,0.7045119979662606,0.8200105753878703,0.4156983726007248,0.48329398612008573,0.4532334023305454,0.4410854610125861,0.8902813999343243,0.5866201998308043,0.5385325647790313,0.5068190727579136,0.5914957077702392,0.6920210339919174,0.4096870818273002,0.4916198298296254,0.782437444272223,0.7373547390661288,0.5982376658894161,0.71773193047034,0.7074318417912077,0.5291313328923882,0.4738093392684985,0.4626582381641081,0.7959111054567256,0.4451582123993104,0.4977701577617734,0.4486940005010427,0.5448652449185455,0.7311927729836977,0.4925236275914567,0.5231892932346399,0.7526929106521589,0.6116229653972657,0.7652543850045954,0.4892328916270791,0.5374642228392943,0.5,0.5129635579182398,0.5633997565348289,0.8190548874074564,0.45081873873729794,0.4837129302390479,0.42774562277361866,0.5763757791216051,0.5193263926088701,0.7593236502875556,0.49726715228911467,0.5134236486726187,0.4577885641685552,0.7419762208055549,0.8574747982271645,0.4531625954400191,0.5207582089593801,0.49069762516983967,0.4785496838518804,0.9277456227736186,0.6240844226700986,0.5759967876183256,0.5442832955972079,0.6289599306095335,0.7294852568312117,0.4471513046665945,0.5290840526689197,0.8199016671115172,0.7748189619054231,0.6357018887287104,0.7551961533096343,0.744896064630502,0.5665955557316825,0.5112735621077928,0.5001224610034024,0.8333753282960199,0.4826224352386047,0.5352343806010678,0.48615822334033704,0.5823294677578398,0.768656995822992,0.47956006967321696,0.5102257353164001,0.7397293527339192,0.598659407479026,0.7522908270863556,0.4762693337088394,0.5245006649210545,0.4870364420817603,0.5,0.5504361986165892,0.8060913294892166,0.4378551808190582,0.47074937232080816,0.4147820648553789,0.5634122212033654,0.5063628346906305,0.7463600923693158,0.4843035943708749,0.500460090754379,0.44482500625031546,0.7290126628873153,0.8445112403089248,0.44019903752177936,0.5077946510411403,0.47773406725159995,0.4655861259336407,0.9147820648553789,0.6111208647518589,0.5630332297000858,0.5313197376789681,0.6159963726912938,0.7165216989129719,0.43418774674835475,0.5161204947506799,0.8069381091932775,0.7618554039871833,0.6227383308104707,0.7422325953913946,0.7319325067122622,0.5536319978134427,0.49831000418955307,0.4871589030851627,0.8204117703777801,0.469658877320365,0.522270822682828,0.47319466542209726,0.5693659098396,0.7556934379047522,0.4291238710566278,0.45978953669981104,0.68929315411733,0.5482232088624368,0.7018546284697665,0.42583313509225024,0.4740644663044654,0.43660024346517107,0.44956380138341084,0.5,0.7556551308726275,0.38741898220246906,0.420313173704219,0.36434586623878973,0.5129760225867762,0.45592663607404127,0.6959238937527267,0.43386739575428573,0.4500238921377898,0.3943888076337263,0.678576464270726,0.7940750416923356,0.38976283890519015,0.45735845242455114,0.42729786863501074,0.4151499273170515,0.8643458662387897,0.5606846661352697,0.5125970310834967,0.480883539062379,0.5655601740747046,0.6660855002963828,0.3837515481317656,0.46568429613409074,0.7565019105766884,0.7114192053705941,0.5723021321938815,0.6917963967748054,0.681496308095673,0.5031957991968536,0.4478738055729639,0.43672270446857353,0.7699755717611909,0.4192226787037758,0.47183462406623883,0.4227584668055081,0.5189297112230109,0.705257239288163,0.17346874018400035,0.2041344058271836,0.43363802324470263,0.2925680779898094,0.44619949759713906,0.17017800421962279,0.21840933543183796,0.18094511259254367,0.1939086705107834,0.24434486912737258,0.5,0.1317638513298416,0.16465804283159158,0.1086907353661623,0.2573208917141488,0.20027150520141385,0.4402687628800992,0.1782122648816583,0.1943687612651624,0.13873367676109885,0.4229213333980986,0.5384199108197082,0.13410770803256272,0.2017033215519237,0.1716427377623833,0.15949479644442408,0.6086907353661624,0.30502953526264226,0.25694190021086927,0.22522840818975157,0.3099050432020772,0.4104303694237553,0.12809641725913815,0.2100291652614633,0.5008467797040609,0.45576407449796674,0.31664700132125406,0.436141265902178,0.4258411772230456,0.2475406683242262,0.19221867470033646,0.1810675735959461,0.5143204408885635,0.16356754783114838,0.2161794931936114,0.16710333593288068,0.2632745803503835,0.4496021084155356,0.572370554497342,0.801874171914861,0.8144356462672975,0.5866454841019964,0.5491812612627021,0.5621448191809418,0.6125810177975309,0.8682361486701584,0.53289419150175,0.8085049115502576,0.5626049099353208,0.791157482068257,0.9066560594898666,0.569939470222082,0.5398788864325417,0.5277309451145825,0.9769268840363207,0.6732656839328006,0.6251780488810277,0.59346455685991,0.7786665180939137,0.5782653139316217,0.8690829283742193,0.8240002231681252,0.6848831499914124,0.8043774145723364,0.794077325893204,0.6157768169943846,0.5604548233704949,0.5493037222661045,0.882556589558722,0.5318036965013068,0.5844156418637698,0.535339484603039,0.6315107290205418,0.817838257085694,0.5088106973524088,0.539476362995592,0.768979980413111,0.6279100351582177,0.7815414547655475,0.5055199613880312,0.5537512926002464,0.5162870697609521,0.5292506276791918,0.579686826295781,0.8353419571684084,0.46710580849825006,0.5,0.4440326925345707,0.5926628488825573,0.7756107200485076,0.5135542220500667,0.5297107184335708,0.4740756339295073,0.7582632905665071,0.8737618679881166,0.46944966520097114,0.5370452787203321,0.5069846949307918,0.4948367536128325,0.9440326925345708,0.6403714924310506,0.5922838573792777,0.56057036535816,0.6452470003704857,0.7457723265921637,0.4634383744275466,0.5453711224298717,0.8361887368724693,0.7911060316663752,0.6519889584896625,0.7714832230705865,0.761183134391454,0.5828826254926346,0.5275606318687449,0.5164095307643546,0.849662398056972,0.4989095049995568,0.5515214503620198,0.5024452931012892,0.5986165375187918,0.784944065583944,0.5954436704610213,0.8249472878785403,0.8375087622309768,0.6097186000656757,0.5722543772263814,0.5852179351446211,0.6356541337612103,0.8913092646338376,0.5559673074654292,0.8315780275139368,0.5856780258990001,0.8142305980319363,0.9297291754535458,0.5930125861857614,0.562952002396221,0.5508040610782617,1.0,0.69633879989648,0.648251164844707,0.6165376728235893,0.8017396340575931,0.601338429895301,0.8921560443378986,0.8470733391318044,0.7079562659550918,0.8274505305360157,0.8171504418568832,0.6388499329580639,0.5835279393341741,0.5723768382297838,0.9056297055224012,0.5548768124649861,0.607488757827449,0.5584126005667184,0.6545838449842212,0.8409113730493732,0.6763171315305538,0.6888786058829902,0.46108844371768914,0.42362422087839485,0.4365877787966346,0.4870239774132238,0.7426791082858512,0.4073371511174428,0.6829478711659503,0.4370478695510136,0.6656004416839498,0.7810990191055593,0.4443824298377749,0.4143218460482345,0.40217390473027526,0.8513698436520135,0.5477086435484935,0.4996210084967205,0.46790751647560275,0.6531094777096065,0.4527082735473145,0.743525887989912,0.6984431827838179,0.5593261096071053,0.6788203741880292,0.6685202855088967,0.4902197766100774,0.4237466818817973,0.7569995491744147,0.40624665611699956,0.4588586014794626,0.4097824442187319,0.5059536886362347,0.6922812167013868,0.7333665180432888,0.7459279923957253,0.5181378302304241,0.48067360739112985,0.4936371653093696,0.5440733639259587,0.7997284947985862,0.7399972576786854,0.49409725606374855,0.7226498281966848,0.8381484056182943,0.5014318163505098,0.47137123256096947,0.9084192301647485,0.6047580300612284,0.5566703950094555,0.5249569029883377,0.7101588642223415,0.5097576600600495,0.8005752745026471,0.7554925692965528,0.6163754961198402,0.7358697607007642,0.7255696720216318,0.5472691631228124,0.48079606839453226,0.8140489356871496,0.4632960426297345,0.46683183073146683,0.5630030751489696,0.7493306032141218,0.23319997730390116,0.2638656429470844,0.49336926036460343,0.3522993151097102,0.5059307347170399,0.2299092413395236,0.2781405725517388,0.24067634971244448,0.2536399076306842,0.3040761062472734,0.5597312371199008,0.19149508844974242,0.22438927995149238,0.1684219724860631,0.3170521288340496,0.26000274232131465,0.5,0.23794350200155912,0.2540999983850632,0.19846491388099965,0.4826525705179994,0.598151147939609,0.19383894515246353,0.26143455867182447,0.23137397488228414,0.2192260335643249,0.6684219724860632,0.36476077238254306,0.31667313733077007,0.2849596453096524,0.369636280321978,0.47016160654365613,0.18782765437903898,0.2697604023813641,0.5605780168239617,0.5154953116178675,0.37637823844115487,0.4958725030220788,0.4855724143429464,0.307271905444127,0.2519499118202373,0.2407988107158469,0.5740516780084644,0.22329878495104918,0.2759107303135122,0.22683457305278149,0.3230058174702843,0.5093333455354364,0.5259221409455253,0.7554257583630443,0.7679872327154807,0.5401970705501796,0.5027328477108853,0.5156964056291251,0.5661326042457142,0.8217877351183417,0.48644577794993327,0.7620564979984409,0.516156496383504,0.7447090685164403,0.8602076459380499,0.5234910566702654,0.493430472880725,0.4812825315627658,0.930478470484504,0.6268172703809839,0.578729635329211,0.5470161433080932,0.732218104542097,0.531816900379805,0.8226345148224026,0.7775518096163084,0.6384347364395958,0.7579290010205196,0.7476289123413873,0.5693284034425679,0.5140064098186782,0.5028553087142877,0.8361081760069052,0.48535528294949004,0.5379672283119531,0.48889107105122237,0.5850623154687251,0.7713898435338773,0.479099978918838,0.5097656445620212,0.7392692619795402,0.598199316724647,0.7518307363319767,0.4758092429544604,0.5240405741666756,0.4865763513273813,0.499539909245621,0.5499761078622102,0.8056312387348377,0.43739509006467925,0.4702892815664292,0.4143219741009999,0.5629521304489864,0.5059027439362515,0.7459000016149369,0.4838435036164959,0.5,0.4443649154959365,0.7285525721329362,0.8440511495545457,0.43973894676740033,0.5073345602867613,0.4772739764972209,0.4651260351792617,0.9143219741009999,0.6106607739974799,0.5625731389457069,0.5308596469245892,0.6155362819369148,0.716061608158593,0.4337276559939758,0.515660403996301,0.8064780184388985,0.7613953132328043,0.6222782400560917,0.7417725046370156,0.7314724159578833,0.5531719070590638,0.4978499134351741,0.4866988123307837,0.8199516796234011,0.469198786565986,0.521810731928449,0.4727345746677183,0.5689058190852211,0.7552333471503733,0.5654007290660847,0.7949043464836038,0.8074658208360402,0.5796756586707391,0.5422114358314448,0.5551749937496845,0.6056111923662737,0.8612663232389012,0.5259243660704928,0.8015350861190004,0.5556350845040635,0.7841876566369997,0.8996862340586094,0.5629696447908248,0.5329090610012844,0.5207611196833253,0.9699570586050634,0.6662958585015434,0.6182082234497704,0.5864947314286527,0.7716966926626565,0.5712954885003645,0.8621131029429621,0.8170303977368679,0.6779133245601552,0.7974075891410791,0.7871075004619468,0.6088069915631273,0.5534849979392377,0.5423338968348472,0.8755867641274647,0.5248338710700495,0.5774458164325126,0.5283696591717818,0.6245409035892846,0.8108684316544368,0.25054740678590176,0.281213072429085,0.510716689846604,0.36964674459171076,0.5232781641990405,0.24725667082152417,0.29548800203373937,0.258023779194445,0.2709873371126848,0.32142353572927396,0.5770786666019014,0.208842517931743,0.24173670943349296,0.18576940196806369,0.33439955831605017,0.2773501718033152,0.5173474294820005,0.2552909314835597,0.2714474278670638,0.21581234336300023,0.5,0.6154985774216095,0.2111863746344641,0.27878198815382504,0.2487214043642847,0.23657346304632546,0.6857694019680637,0.38210820186454364,0.33402056681277065,0.302307074791653,0.38698370980397856,0.4875090360256567,0.20517508386103955,0.2871078318633647,0.5779254463059623,0.5328427410998681,0.39372566792315544,0.5132199325040794,0.5029198438249469,0.3246193349261276,0.26929734130223787,0.2581462401978475,0.5913991074904649,0.24064621443304976,0.2932581597955128,0.24418200253478206,0.34035324695228486,0.5266807750174369,0.1350488293642922,0.1657144950074754,0.39521811242499444,0.2541481671701012,0.40777958677743087,0.13175809339991462,0.17998942461212977,0.14252520177283548,0.15548875969107523,0.20592495830766439,0.4615800891802918,0.09334394051013344,0.12623813201188339,0.07027082454645413,0.21890098089444063,0.16185159438170565,0.401848852060391,0.13979235406195012,0.1559488504454542,0.10031376594139067,0.38450142257839043,0.5,0.09568779721285456,0.1632834107322155,0.13322282694267515,0.12107488562471591,0.5702708245464542,0.26660962444293407,0.2185219893911611,0.1868084973700434,0.271485132382369,0.37201045860404713,0.08967650643942998,0.17160925444175515,0.4624268688843527,0.41734416367825855,0.2782270905015459,0.3977213550824698,0.3874212664033374,0.20912075750451803,0.1537987638806283,0.14264766277623792,0.47590053006885535,0.1251476370114402,0.1777595823739032,0.1286834251131725,0.2248546695306753,0.4111821975958274,0.5700266977946209,0.7995303152121399,0.8120917895645764,0.5843016273992753,0.546837404559981,0.5598009624782206,0.6102371610948099,0.8658922919674372,0.5305503347990288,0.8061610548475364,0.5602610532325997,0.7888136253655359,0.9043122027871454,0.5675956135193609,0.5375350297298206,0.5253870884118613,0.9745830273335996,0.6709218272300795,0.6228341921783066,0.5911207001571889,0.7763226613911925,0.5759214572289005,0.8667390716714981,0.821656366465404,0.6825392932886913,0.8020335578696153,0.7917334691904828,0.6134329602916635,0.5581109666677737,0.5469598655633834,0.8802127328560008,0.5294598397985857,0.5820717851610486,0.532995627900318,0.6291668723178208,0.8154944003829728,0.47176541863207666,0.50243108427526,0.731934701692779,0.5908647564378857,0.7444961760452153,0.4684746826676991,0.5167060138799143,0.47924179104062,0.4922053489588597,0.5426415475754489,0.7982966784480763,0.4300605297779179,0.46295472127966786,0.40698741381423864,0.5556175701622251,0.4985681836494901,0.7385654413281755,0.47650894332973465,0.4926654397132387,0.43703035520917516,0.721218011846175,0.8367165892677845,0.43240438648063906,0.5,0.46993941621045965,0.4577914748925004,0.9069874138142386,0.6033262137107186,0.5552385786589455,0.5235250866378279,0.6082017216501535,0.7087270478718316,0.42639309570721445,0.5083258437095396,0.7991434581521372,0.754060752946043,0.6149436797693304,0.7344379443502543,0.7241378556711219,0.5458373467723026,0.49051535314841277,0.4793642520440224,0.8126171193366398,0.4618642262792247,0.5144761716416877,0.465400014380957,0.5615712587984598,0.7478987868636119,0.501826002421617,0.5324916680648003,0.7619952854823193,0.6209253402274261,0.7745567598347558,0.49853526645723945,0.5467665976694547,0.5093023748301604,0.5222659327484,0.5727021313649893,0.8283572622376166,0.4601211135674583,0.49301530506920827,0.437047997603779,0.5856781539517655,0.5286287674390305,0.7686260251177158,0.5065695271192749,0.5227260235027791,0.4670909389987155,0.7512785956357153,0.8667771730573248,0.4624649702701794,0.5300605837895404,0.5,0.4878520586820408,0.937047997603779,0.633386797500259,0.585299162448486,0.5535856704273683,0.6382623054396939,0.738787631661372,0.45645367949675486,0.53838642749908,0.8292040419416775,0.7841213367355834,0.6450042635588707,0.7644985281397947,0.7541984394606622,0.5758979305618429,0.5205759369379531,0.5094248358335628,0.8426777031261802,0.49192481006876504,0.544536755431228,0.49546059817049737,0.5916318425880002,0.7779593706531522,0.5139739437395763,0.5446396093827595,0.7741432268002785,0.6330732815453853,0.786704701152715,0.5106832077751987,0.5589145389874138,0.5214503161481195,0.5344138740663593,0.5848500726829485,0.8405052035555759,0.47226905488541754,0.5051632463871675,0.4491959389217382,0.5978260952697247,0.7807739664356751,0.5187174684372342,0.5348739648207383,0.4792388803166748,0.7634265369536746,0.8789251143752841,0.4746129115881386,0.5422085251074996,0.5121479413179593,0.5,0.9491959389217383,0.6455347388182182,0.5974471037664452,0.5657336117453274,0.6504102467576531,0.7509355729793312,0.46860162081471407,0.5505343688170392,0.8413519832596368,0.7962692780535426,0.65715220487683,0.776646469457754,0.7663463807786215,0.5880458718798021,0.5327238782559124,0.5215727771515221,0.8548256444441394,0.5040727513867242,0.5566846967491873,0.5076085394884566,0.6037797839059593,0.7901073119711115,0.06477800481783805,0.09544367046102127,0.32494728787854027,0.18387734262364705,0.33750876223097676,0.06148726885346048,0.10971860006567566,0.07225437722638135,0.08521793514462109,0.13565413376121027,0.3913092646338377,0.023073115963679298,0.05596730746542926,0.0,0.1486301563479865,0.09158076983525153,0.3315780275139369,0.069521529515496,0.08567802589900007,0.030042941394936545,0.3142305980319363,0.4297291754535459,0.02541697266640042,0.09301258618576137,0.06295200239622101,0.05080406107826178,0.5,0.19633879989647993,0.14825116484470696,0.11653767282358926,0.20121430783591487,0.301739634057593,0.019405681892975847,0.10133842989530101,0.3921560443378986,0.34707333913180444,0.20795626595509178,0.3274505305360157,0.3171504418568833,0.1388499329580639,0.08352793933417417,0.07237683822978379,0.40562970552240124,0.054876812464986054,0.10748875782744909,0.05841260056671837,0.15458384498422115,0.3409113730493733,0.3684392049213581,0.39910487056454136,0.6286084879820604,0.4875385427271671,0.6411699623344969,0.36514846895698055,0.41337980016919573,0.37591557732990144,0.38887913524814116,0.4393153338647303,0.6949704647373578,0.3267343160671994,0.3596285075689493,0.30366120010352005,0.4522913564515066,0.3952419699387716,0.635239227617457,0.37318272961901605,0.38933922600252013,0.3337041414984566,0.6178917981354564,0.733390375557066,0.32907817276992046,0.39667378628928146,0.36661320249974105,0.35446526118178184,0.80366120010352,0.5,0.45191236494822706,0.42019887292710933,0.5048755079394349,0.6054008341611131,0.3230668819964959,0.40499962999882105,0.6958172444414187,0.6507345392353244,0.5116174660586118,0.6311117306395357,0.6208116419604034,0.44251113306158396,0.38718913943769423,0.37603803833330385,0.7092909056259213,0.35853801256850615,0.41114995793096915,0.3620738006702384,0.4582450450877412,0.6445725731528934,0.41652683997313106,0.4471925056163143,0.6766961230338333,0.5356261777789401,0.6892575973862698,0.4132361040087535,0.46146743522096867,0.4240032123816744,0.4369667702999141,0.4874029689165033,0.7430580997891307,0.3748219511189723,0.4077161426207223,0.35174883515529304,0.5003789915032795,0.4433296049905446,0.6833268626692299,0.42127036467078904,0.43742686105429307,0.38179177655022956,0.6659794331872293,0.7814780106088389,0.37716580782169346,0.4447614213410544,0.41470083755151405,0.4025528962335548,0.851748835155293,0.5480876350517729,0.5,0.46828650797888227,0.5529631429912079,0.6534884692128861,0.37115451704826885,0.45308726505059405,0.7439048794931916,0.6988221742870975,0.5597051011103849,0.6791993656913087,0.6688992770121763,0.4905987681133569,0.43527677448946717,0.42412567338507684,0.7573785406776943,0.4066256476202791,0.4592375929827421,0.4101614357220114,0.5063326801395142,0.6926602082046663,0.4482403319942488,0.478905997637432,0.708409615054951,0.5673396698000578,0.7209710894073875,0.4449495960298712,0.4931809272420864,0.4557167044027921,0.4686802623210318,0.519116460937621,0.7747715918102485,0.40653544314009005,0.43942963464184,0.38346232717641077,0.5320924835243972,0.47504309701166225,0.7150403546903477,0.4529838566919067,0.4691403530754108,0.4135052685713473,0.697692925208347,0.8131915026299567,0.4088792998428112,0.4764749133621721,0.4464143295726318,0.4342663882546725,0.8834623271764107,0.5798011270728907,0.5317134920211177,0.5,0.5846766350123256,0.6852019612340038,0.4028680090693866,0.4848007570717118,0.7756183715143093,0.7305356663082152,0.5914185931315025,0.7109128577124264,0.7006127690332941,0.5223122601344746,0.4669902665105849,0.4558391654061945,0.789092032698812,0.4383391396413968,0.4909510850038598,0.4418749277431291,0.5380461721606319,0.7243737002257841,0.3635636969819232,0.3942293626251064,0.6237329800426255,0.6362944543950619,0.40850429222976076,0.37104006939046646,0.38400362730870624,0.4344398259252954,0.6900949567979228,0.3547529996295144,0.630363719678022,0.3844637180630852,0.6130162901960214,0.728514867617631,0.3917982783498465,0.36173769456030613,0.3495897532423469,0.7987856921640851,0.4951244920605651,0.4470368570087921,0.41532336498767436,0.5,0.6005253262216782,0.40012412205938613,0.6909417365019838,0.6458590312958895,0.5067419581191769,0.6262362227001008,0.6159361340209684,0.43763562512214904,0.3823136314982593,0.37116253039386893,0.7044153976864863,0.3536625046290712,0.4062744499915342,0.3571982927308035,0.4533695371483063,0.6396970652134584,0.26303837076024505,0.29370403640342824,0.5232076538209472,0.38213770856605406,0.5357691281733837,0.25974763479586743,0.3079789660080826,0.2705147431687883,0.28347830108702804,0.33391449970361725,0.5895696305762447,0.2213334819060863,0.25422767340783625,0.19826036594240698,0.34689052229039347,0.2898411357776585,0.5298383934563439,0.267781895457903,0.28393839184140707,0.22830330733734353,0.5124909639743432,0.6279895413959529,0.2236773386088074,0.29127295212816834,0.261212368338628,0.24906442702066875,0.6982603659424069,0.39459916583888693,0.34651153078711394,0.3147980387659962,0.39947467377832185,0.5,0.21766604783538282,0.299598795837708,0.5904164102803056,0.5453337050742114,0.40621663189749874,0.5257108964784226,0.5154108077992903,0.33711029890047084,0.28178830527658116,0.2706372041721908,0.6038900714648082,0.253137178407393,0.3057491237698561,0.25667296650912536,0.3528442109266281,0.5391717389917803,0.5760379885680454,0.8055416059855645,0.8181030803380009,0.5903129181726998,0.5528486953334055,0.5658122532516452,0.6162484518682344,0.8719035827408619,0.5365616255724535,0.8121723456209611,0.5662723440060242,0.7948249161389604,0.9103234935605701,0.5736069042927855,0.5435463205032451,0.5313983791852859,0.9805943181070241,0.6769331180035041,0.6288454829517311,0.5971319909306134,0.7823339521646172,0.5819327480023252,0.8727503624449228,0.8276676572388285,0.6885505840621159,0.8080448486430398,0.7977447599639075,0.619444251065088,0.5641222574411983,0.5529711563368079,0.8862240236294254,0.5354711305720102,0.5880830759344733,0.5390069186737425,0.6351781630912453,0.8215056911563975,0.46343957492253707,0.49410524056572025,0.7236088579832393,0.582538912728346,0.7361703323356757,0.46014883895815945,0.5083801701703746,0.47091594733108033,0.4838795052493201,0.5343157038659092,0.7899708347385367,0.4217346860683783,0.45462887757012826,0.398661570104699,0.5472917264526855,0.49024233993995053,0.7302395976186359,0.468183099620195,0.4843395960036991,0.42870451149963557,0.7128921681366353,0.8283907455582449,0.4240785427710994,0.49167415629046035,0.46161357250092,0.4494656311829608,0.898661570104699,0.5950003700011789,0.546912734949406,0.5151992429282882,0.5998758779406138,0.700401204162292,0.41806725199767486,0.5,0.7908176144425976,0.7457349092365034,0.6066178360597908,0.7261121006407146,0.7158120119615823,0.5375115030627629,0.4821895094388732,0.4710384083344828,0.8042912756271002,0.45353838256968504,0.5061503279321481,0.45707417067141737,0.5532454150889201,0.7395729431540723,0.17262196047993947,0.2032876261231227,0.4327912435406417,0.2917212982857485,0.4453527178930782,0.1693312245155619,0.21756255572777708,0.1800983328884828,0.1930618908067225,0.2434980894233117,0.4991532202959391,0.13091707162578073,0.16381126312753067,0.10784395566210142,0.2564741120100879,0.19942472549735293,0.4394219831760383,0.17736548517759743,0.19352198156110148,0.13788689705703797,0.42207455369403774,0.5375731311156473,0.13326092832850184,0.2008565418478628,0.17079595805832243,0.1586480167403632,0.6078439556621014,0.3041827555585814,0.2560951205068084,0.22438162848569068,0.3090582634980163,0.40958358971969444,0.12724963755507726,0.20918238555740243,0.5,0.45491729479390586,0.3158002216171932,0.4352944861981171,0.4249943975189847,0.2466938886201653,0.19137189499627558,0.18022079389188522,0.5134736611845027,0.16272076812708747,0.2153327134895505,0.1662565562288198,0.26242780064632254,0.4487553287114747,0.21770466568603364,0.24837033132921688,0.4778739487467359,0.33680400349184264,0.4904354230991724,0.21441392972165607,0.26264526093387125,0.22518103809457696,0.23814459601281668,0.28858079462940583,0.5442359255020333,0.1759997768318749,0.20889396833362484,0.1529266608681956,0.3015568172161821,0.2445074307034471,0.48450468838213245,0.2224481903836916,0.23860468676719565,0.18296960226313214,0.4671572589001319,0.5826558363217414,0.178343633534596,0.24593924705395698,0.2158786632644166,0.20373072194645736,0.6529266608681956,0.3492654607646755,0.3011778257129026,0.26946433369178485,0.35414096870411044,0.45466629492578864,0.17233234276117143,0.25426509076349657,0.5450827052060941,0.5,0.3608829268232874,0.48037719140421126,0.47007710272507885,0.2917765938262595,0.23645460020236975,0.2253034990979794,0.5585563663905968,0.20780347333318164,0.26041541869564466,0.21133926143491397,0.30751050585241674,0.49383803391756886,0.35682173886274626,0.3874874045059295,0.6169910219234486,0.47592107666855527,0.6295524962758849,0.3535310028983687,0.4017623341105839,0.3642981112712896,0.3772616691895293,0.4276978678061185,0.6833529986787459,0.3151168500085875,0.34801104151033746,0.29204373404490824,0.44067389039289473,0.38362450388015973,0.6236217615588451,0.36156526356040425,0.3777217599439083,0.32208667543984476,0.6062743320768446,0.7217729094984541,0.31746070671130866,0.3850563202306696,0.35499573644112925,0.34284779512317,0.7920437340449082,0.48838253394138814,0.4402948988896152,0.4085814068684975,0.4932580418808231,0.5937833681025012,0.31144941593788406,0.39338216394020925,0.6841997783828068,0.6391170731767126,0.5,0.6194942645809239,0.6091941759017915,0.4308936670029721,0.37557167337908237,0.36442057227469205,0.6976734395673094,0.3469205465098943,0.3995324918723573,0.3504563346116266,0.44662757902912936,0.6329551070942815,0.23732747428182238,0.2679931399250056,0.49749675734252463,0.3564268120876314,0.5100582316949611,0.2340367383174448,0.28226806952966,0.24480384669036567,0.2577674046086054,0.3082036032251946,0.5638587340978221,0.19562258542766361,0.22851677692941358,0.1725494694639843,0.3211796258119708,0.26413023929923585,0.5041274969779213,0.2420709989794803,0.2582274953629844,0.20259241085892088,0.4867800674959206,0.6022786449175301,0.19796644213038475,0.2655620556497457,0.23550147186020534,0.2233535305422461,0.6725494694639843,0.36888826936046426,0.32080063430869127,0.2890871422875736,0.3737637772998992,0.4742891035215773,0.19195515135696017,0.2738878993592853,0.5647055138018829,0.5196228085957887,0.3805057354190761,0.5,0.4896999113208676,0.3113994024220482,0.2560774087981585,0.2449263076937681,0.5781791749863855,0.22742628192897038,0.2800382272914334,0.23096207003070268,0.3271333144482055,0.5134608425133577,0.24762756296095478,0.278293228604138,0.507796846021657,0.3667269007667638,0.5203583203740935,0.2443368269965772,0.2925681582087924,0.25510393536949805,0.2680674932877378,0.318503691904327,0.5741588227769544,0.20592267410679602,0.23881686560854598,0.1828495581431167,0.3314797144911032,0.27443032797836825,0.5144275856570536,0.2523710876586127,0.2685275840421168,0.21289249953805325,0.497080156175053,0.6125787335966626,0.20826653080951715,0.2758621443288781,0.24580156053933774,0.2336536192213785,0.6828495581431168,0.37918835803959666,0.33110072298782367,0.299387230966706,0.3840638659790316,0.48458919220070973,0.20225524003609258,0.2841879880384177,0.5750056024810153,0.5299228972749211,0.39080582409820847,0.5103000886791323,0.5,0.3216994911011806,0.2663774974772909,0.2552263963729005,0.588479263665518,0.23772637060810278,0.2903383159705658,0.24126215870983508,0.3374334031273379,0.52376093119249,0.42592807185977416,0.4565937375029574,0.6860973549204764,0.5450274096655832,0.6986588292729129,0.4226373358953966,0.47086866710761177,0.4334044442683175,0.4463680021865572,0.49680420080314636,0.7524593316757738,0.3842231830056154,0.41711737450736536,0.36115006704193614,0.5097802233899226,0.4527308368771876,0.692728094555873,0.4306715965574321,0.4468280929409362,0.39119300843687266,0.6753806650738724,0.790879242495482,0.38656703970833656,0.4541626532276975,0.42410206943815715,0.4119541281201979,0.8611500670419361,0.557488866938416,0.5094012318866431,0.4776877398655254,0.562364374877851,0.6628897010995292,0.38055574893491195,0.46248849693723715,0.7533061113798347,0.7082234061737406,0.5691063329970278,0.6886005975779518,0.6783005088988194,0.5,0.44467800637611027,0.4335269052717199,0.7667797725643374,0.4160268795069222,0.4686388248693852,0.41956266760865446,0.5157339120261573,0.7020614400913094,0.4812500654836639,0.5119157311268471,0.7414193485443661,0.600349403289473,0.7539808228968026,0.5261906607315014,0.4887264378922072,0.5016899958104469,0.5521261944270361,0.8077813252996635,0.43954517662950515,0.4724393681312551,0.4164720606658258,0.7480500881797627,0.4859935901813218,0.502150086564826,0.4465150020607624,0.7307026586977622,0.8462012361193717,0.44188903333222623,0.5094846468515872,0.4794240630620468,0.4672761217440876,0.9164720606658259,0.6128108605623057,0.5647232255105328,0.533009733489415,0.6176863685017407,0.7182116947234188,0.4358777425588017,0.5178104905611268,0.8086281050037244,0.7635453997976303,0.6244283266209176,0.7439225912018416,0.7336225025227091,0.5553219936238897,0.5,0.4888488988956096,0.8221017661882271,0.4713488731308119,0.5239608184932749,0.4748846612325442,0.5710559056500469,0.7573834337151991,0.4924011665880543,0.5230668322312375,0.7525704496487565,0.6115005043938633,0.765131924001193,0.4891104306236767,0.5373417618358919,0.49987753899659754,0.5128410969148373,0.5632772955314265,0.818932426404054,0.45069627773389553,0.48359046923564547,0.4276231617702162,0.5762533181182027,0.5192039316054677,0.7592011892841531,0.4971446912857122,0.5133011876692163,0.45766610316515277,0.7418537598021525,0.857352337223762,0.4530401344366166,0.5206357479559776,0.4905751641664372,0.478427222848478,0.9276231617702162,0.6239619616666962,0.5758743266149232,0.5441608345938055,0.6288374696061311,0.7293627958278093,0.44702884366319207,0.5289615916655173,0.8197792061081148,0.7746965009020206,0.635579427725308,0.7550736923062319,0.7447736036270994,0.5664730947282801,0.5111511011043903,0.5,0.8332528672926174,0.48249997423520224,0.5351119195976652,0.4860357623369346,0.5822070067544374,0.7685345348195894,0.15914829929543683,0.18981396493862004,0.4193175823561391,0.27824763710124584,0.4318790567085755,0.15585756333105927,0.20408889454327442,0.16662467170398013,0.17958822962221987,0.23002442823880903,0.48567955911143645,0.11744341044127808,0.15033760194302803,0.09437029447759877,0.24300045082558527,0.1859510643128503,0.42594832199153565,0.16389182399309477,0.18004832037659885,0.12441323587253532,0.4086008925095351,0.5240994699311446,0.1197872671439992,0.18738288066336015,0.1573222968738198,0.14517435555586056,0.5943702944775988,0.2907090943740787,0.24262145932230575,0.21090796730118805,0.29558460231351363,0.3961099285351918,0.11377597637057463,0.1957087243728998,0.48652633881549734,0.4414436336094032,0.30232656043269057,0.42182082501361445,0.41152073633448205,0.23322022743566267,0.17789823381177294,0.16674713270738256,0.5,0.14924710694258483,0.20185905230504786,0.15278289504431714,0.24895413946181993,0.43528166752697206,0.509901192352852,0.5405668579960352,0.7700704754135542,0.629000530158661,0.7826319497659907,0.5066104563884745,0.5548417876006896,0.5173775647613953,0.5303411226796351,0.5807773212962242,0.8364324521688516,0.46819630349869323,0.5010904950004432,0.44512318753501395,0.5937533438830004,0.5367039573702654,0.7767012150489508,0.51464471705051,0.530801213434014,0.47516612892995047,0.7593537855669502,0.8748523629885598,0.47054016020141437,0.5381357737207754,0.5080751899312349,0.4959272486132757,0.9451231875350139,0.6414619874314939,0.5933743523797209,0.5616608603586032,0.6463374953709288,0.746862821592607,0.46452886942798977,0.546461617430315,0.8372792318729125,0.7921965266668184,0.6530794534901058,0.7725737180710296,0.7622736293918972,0.5839731204930778,0.5286511268691881,0.5175000257647977,0.8507528930574152,0.5,0.552611945362463,0.5035357881017323,0.5997070325192351,0.7860345605843873,0.457289246990389,0.4879549126335722,0.7174585300510912,0.576388584796198,0.7300200044035277,0.4539985110260114,0.5022298422382265,0.4647656193989323,0.477729177317172,0.5281653759337612,0.7838205068063886,0.41558435813623024,0.4484785496379802,0.3925112421725509,0.5411413985205374,0.7240892696864878,0.4620327716880469,0.478189268071551,0.4225541835674875,0.7067418402044873,0.8222404176260968,0.4179282148389513,0.4855238283583123,0.4554632445687719,0.4433153032508127,0.892511242172551,0.5888500420690308,0.5407624070172579,0.5090489149961401,0.5937255500084658,0.6942508762301439,0.41191692406552677,0.4938496720678519,0.7846672865104495,0.7395845813043553,0.6004675081276427,0.7199617727085666,0.7096616840294342,0.5313611751306148,0.4760391815067251,0.4648880804023347,0.7981409476949521,0.447388054637537,0.5,0.4509238427392693,0.547095087156772,0.7334226152219242,0.5063654042511196,0.5370310698943029,0.766534687311822,0.6254647420569287,0.7790961616642584,0.5030746682867421,0.5513059994989573,0.513841776659663,0.5268053345779027,0.5772415331944919,0.8328966640671194,0.4646605153969609,0.4975547068987109,0.4415873994332816,0.5902175557812681,0.5331681692685332,0.7731654269472185,0.5111089289487777,0.5272654253322817,0.4716303408282182,0.7558179974652179,0.8713165748868275,0.46700437209968204,0.534599985619043,0.5045394018295026,0.4923914605115434,0.9415873994332816,0.6379261993297616,0.5898385642779886,0.5581250722568709,0.6428017072691965,0.7433270334908747,0.4609930813262575,0.5429258293285827,0.8337434437711803,0.788660738565086,0.6495436653883734,0.7690379299692973,0.7587378412901649,0.5804373323913455,0.5251153387674558,0.5139642376630654,0.8472171049556828,0.49646421189826767,0.5490761572607307,0.5,0.5961712444175028,0.7824987724826549,0.4101941598336169,0.44085982547680014,0.6703634428943192,0.5292934976394259,0.6829249172467556,0.40690342386923933,0.4551347550814545,0.4176705322421602,0.43063409016039994,0.4810702887769891,0.7367254196496166,0.36848927097945816,0.4013834624812081,0.3454161550157789,0.49404631136376537,0.43699692485103037,0.6769941825297158,0.41493768453127483,0.4310941809147789,0.3754590964107154,0.6596467530477151,0.7751453304693248,0.3708331276821793,0.43842874120154024,0.4083681574119999,0.3962202160940406,0.8454161550157788,0.5417549549122588,0.49366731986048584,0.4619538278393681,0.5466304628516937,0.6471557890733719,0.3648218369087547,0.4467545849110799,0.7375721993536775,0.6924894941475833,0.5533724209708706,0.6728666855517945,0.6625665968726622,0.48426608797384274,0.428944094349953,0.4177929932455626,0.7510458605381801,0.4002929674807649,0.4529049128432279,0.4038287555824972,0.5,0.6863275280651522,0.22386663176846477,0.254532297411648,0.484035914829167,0.3429659695742738,0.49659738918160345,0.22057589580408718,0.2688072270163024,0.23134300417700807,0.2443065620952478,0.29474276071183697,0.5503978915844644,0.182161742914306,0.21505593441605597,0.1590886269506267,0.3077187832986132,0.25066939678587824,0.4906666544645636,0.2286101564661227,0.2447666528496268,0.18913156834556324,0.473319224982563,0.5888178024041726,0.18450559961702714,0.2521012131363881,0.22204062934684773,0.2098926880288885,0.6590886269506268,0.35542742684710665,0.30733979179533366,0.275626299774216,0.3603029347865416,0.4608282610082197,0.17849430884360257,0.2604270568459277,0.5512446712885253,0.5061619660824311,0.36704489290571846,0.4865391574866424,0.47623906880751,0.2979385599086906,0.24261656628480088,0.2314654651804105,0.5647183324730279,0.21396543941561277,0.2665773847780758,0.21750122751734507,0.3136724719348479,0.5,0.5,0.4133821697520882,0.3967733404834379,0.6302477004327741,0.7470219509017924,0.54717087437809,0.6063838457167219,0.3857745012886278,0.3760483577821121,0.6082017826927817,0.4415177230751801,0.3433533545738707,0.3799727269562364,0.4633236814020598,0.7133144163844767,0.3647156831990128,0.6588920521877615,0.3852395990232956,0.7654552076643845,0.5397470261744912,0.5517927740859505,0.4181111215719407,0.4166551238179726,0.44637550729781944,0.7284822523960292,0.3211060056643976,0.34945592291433436,0.8155620707817036,0.349859535140355,0.3852322669114213,0.5269353143112356,0.40870233368526115,0.4373007506970166,0.43984010859514094,0.4415294740216028,0.614693645373734,0.5295572151060276,0.5047719659213723,0.8211060056643976,0.3930479819695522,0.648433786127526,0.6247999236928924,0.422918306560101,0.47868281846760613,0.5010983386383413,0.5135286821932371,0.6637577965937442,0.4683652188922608,0.5866178302479118,0.5,0.4833911707313497,0.7168655306806858,0.8336397811497042,0.6337887046260018,0.6930016759646337,0.47239233153653953,0.4626661880300239,0.6948196129406935,0.5281355533230919,0.4299711848217825,0.4665905572041482,0.5499415116499716,0.7999322466323885,0.45133351344692463,0.7455098824356733,0.4718574292712074,0.8520730379122962,0.626364856422403,0.6384106043338623,0.5047289518198524,0.5032729540658843,0.5329933375457313,0.815100082643941,0.40772383591230943,0.4360737531622461,0.9021799010296154,0.4364773653882668,0.4718500971593331,0.6135531445591474,0.49532016393317296,0.5239185809449285,0.5264579388430527,0.5281473042695146,0.7013114756216458,0.6161750453539394,0.5913897961692841,0.9077238359123094,0.479665812217464,0.7350516163754378,0.7114177539408041,0.5095361368080128,0.5653006487155179,0.5877161688862531,0.6001465124411489,0.750375626841656,0.5549830491401726,0.6032266595165621,0.5166088292686503,0.5,0.7334743599493362,0.8502486104183544,0.6503975338946522,0.7096105052332841,0.48900116080518985,0.47927501729867417,0.7114284422093438,0.4465800140904328,0.48319938647279853,0.5665503409186219,0.8165410759010389,0.46794234271557494,0.7621187117043237,0.4884662585398577,0.8686818671809465,0.6429736856910533,0.6550194336025127,0.5213377810885028,0.5198817833345347,0.5496021668143816,0.8317089119125912,0.42433266518095974,0.45268258243089643,0.9187887302982657,0.45308619465691713,0.4884589264279834,0.6301619738277978,0.5119289932018233,0.5405274102135788,0.5430667681117031,0.5447561335381649,0.7179203048902961,0.6327838746225897,0.6079986254379344,0.9243326651809597,0.49627464148611433,0.7516604456440881,0.7280265832094545,0.5261449660766631,0.5819094779841683,0.6043249981549034,0.6167553417097993,0.7669844561103064,0.5715918784088229,0.36975229956722594,0.28313446931931413,0.2665256400506638,0.5,0.6167742504690182,0.4169231739453159,0.4761361452839478,0.2555268008558537,0.245800657349338,0.47795408226000763,0.31127002264240605,0.2131056541410966,0.24972502652346235,0.33307598096928576,0.5830667159517027,0.23446798276623876,0.5286443517549875,0.2549918985905215,0.6352075072316103,0.4094993257417171,0.4215450736531765,0.28786342113916663,0.28640742338519853,0.3161278068650454,0.598234551963255,0.19085830523162356,0.21920822248156027,0.6853143703489295,0.21961183470758094,0.25498456647864726,0.39668761387846163,0.2784546332524871,0.30705305026424257,0.3095924081623669,0.31128177358882875,0.48444594494095994,0.39930951467325354,0.37452426548859824,0.6908583052316236,0.26280028153677815,0.5181860856947519,0.4945522232601183,0.2926706061273269,0.34843511803483207,0.37085063820556724,0.3832809817604631,0.5335100961609702,0.3381175184594867,0.2529780490982077,0.1663602188502959,0.14975138958164558,0.38322574953098176,0.5,0.3001489234762977,0.3593618948149296,0.13875255038683545,0.12902640688031977,0.3611798317909894,0.1944957721733878,0.09633140367207836,0.13295077605444408,0.2163017305002675,0.4662924654826844,0.1176937322972205,0.41187010128596924,0.13821764812150328,0.5184332567625921,0.29272507527269886,0.3047708231841582,0.17108917067014837,0.16963317291618027,0.19935355639602714,0.48146030149423685,0.07408405476260532,0.10243397201254203,0.5685401198799113,0.1028375842385627,0.138210316009629,0.27991336340944334,0.16168038278346886,0.19027879979522433,0.19281815769334862,0.19450752311981048,0.3676716944719417,0.28253526420423525,0.25775001501958,0.5740840547626053,0.1460260310677599,0.4014118352257337,0.37777797279110004,0.1758963556583087,0.23166086756581383,0.254076387736549,0.26650673129144486,0.41673584569195193,0.22134326799046847,0.45282912562191,0.3662112953739982,0.3496024661053479,0.583076826054684,0.6998510765237023,0.5,0.5592129713386319,0.33860362691053775,0.32887748340402206,0.5610309083146917,0.3943468486970901,0.2961824801957807,0.33280185257814643,0.41615280702396984,0.6661435420063867,0.3175448088209228,0.6117211778096715,0.3380687246452056,0.7182843332862944,0.4925761517964012,0.5046218997078605,0.3709402471938507,0.36948424943988256,0.39920463291972946,0.6813113780179392,0.27393513128630764,0.3022850485362443,0.7683911964036136,0.302688660762265,0.3380613925333313,0.47976443993314566,0.3615314593071712,0.39012987631892665,0.3926692342170509,0.3943585996435128,0.567522770995644,0.48238634072793757,0.45760109154328227,0.7739351312863076,0.34587710759146223,0.601262911749436,0.5776290493148023,0.375747432182011,0.43151194408951615,0.4539274642602513,0.46635780781514713,0.6165869222156543,0.42119434451417076,0.39361615428327806,0.3069983240353663,0.290389494766716,0.5238638547160521,0.6406381051850704,0.4407870286613681,0.5,0.27939065557190584,0.26966451206539016,0.5018179369760598,0.3351338773584582,0.23696950885714876,0.27358888123951447,0.3569398356853379,0.6069305706677548,0.2583318374822909,0.5525082064710396,0.2788557533065737,0.6590713619476625,0.4333631804577693,0.44540892836922863,0.31172727585521876,0.31027127810125066,0.33999166158109756,0.6220984066793073,0.2147221599476757,0.24307207719761242,0.7091782250649817,0.2434756894236331,0.2788484211946994,0.42055146859451376,0.3023184879685393,0.33091690498029475,0.333456262878419,0.33514562830488087,0.5083097996570121,0.42317336938930566,0.39838812020465036,0.7147221599476757,0.2866641362528303,0.5420499404108041,0.5184160779761704,0.3165344608433791,0.3722989727508842,0.3947144929216194,0.4071448364765152,0.5573739508770224,0.36198137317553886,0.6142254987113722,0.5276076684634604,0.5109988391948102,0.7444731991441463,0.8612474496131646,0.6613963730894622,0.7206093444280941,0.5,0.4902738564934843,0.7224272814041539,0.577549180113432,0.8275399150958489,0.7731175508991338,0.49946509773466785,0.8796807063757567,0.6539725248858634,0.6660182727973228,0.532336620283313,0.5308806225293449,0.5606010060091917,0.8427077511074014,0.4353315043757699,0.4636814216257066,0.9297875694930758,0.49945776562279354,0.641160813022608,0.5229278323966334,0.5515262494083889,0.5540656073065132,0.555754972732975,0.7289191440851063,0.6437827138173998,0.6189974646327445,0.9353315043757698,0.5072734806809245,0.7626592848388982,0.7390254224042646,0.5929083171789784,0.6153238373497135,0.6277541809046094,0.7779832953051165,0.582590717603633,0.6239516422178879,0.5373338119699761,0.5207249827013258,0.754199342650662,0.8709735931196803,0.6711225165959779,0.7303354879346098,0.5097261435065157,0.5,0.7321534249106696,0.565469365293068,0.4673049967917586,0.5039243691741243,0.5872753236199477,0.8372660586023646,0.4886673254169007,0.7828436944056495,0.5091912412411835,0.8894068498822724,0.6636986683923791,0.6757444163038384,0.5420627637898286,0.5406067660358606,0.5703271495157074,0.852433894613917,0.4450576478822855,0.47340756513222226,0.9395137129995915,0.4738111773582429,0.5091839091293092,0.6508869565291235,0.5326539759031491,0.5612523929149046,0.5637917508130289,0.5654811162394907,0.738645287591622,0.6535088573239155,0.6287236081392602,0.9450576478822855,0.5169996241874402,0.7723854283454139,0.7487515659107803,0.5468699487779889,0.6026344606854941,0.6250499808562292,0.6374803244111251,0.7877094388116321,0.5923168611101487,0.3917982173072183,0.3051803870593065,0.2885715577906562,0.5220459177399924,0.6388201682090107,0.4389690916853083,0.49818206302394025,0.2775727185958461,0.2678465750893304,0.5,0.3333159403823984,0.23515157188108898,0.2717709442634547,0.3551218987092781,0.605112633691695,0.25651390050623113,0.5506902694949798,0.2770378163305139,0.6572534249716028,0.43154524348170953,0.4435909913931689,0.309909338879159,0.3084533411251909,0.33817372460503775,0.6202804697032475,0.21290422297161593,0.24125414022155264,0.7073602880889219,0.24165775244757332,0.2770304842186396,0.418733531618454,0.30050055099247946,0.329098968004235,0.33163832590235925,0.3333276913288211,0.5064918626809524,0.4213554324132459,0.3965701832285906,0.7129042229716159,0.2848461992767705,0.5402320034347443,0.5165981410001107,0.3147165238673193,0.37048103577482444,0.3928965559455596,0.4053268995004555,0.5555560139009625,0.3601634361994791,0.5584822769248199,0.4718644466769081,0.688729977357594,0.8055042278266122,0.6056531513029099,0.6648661226415418,0.434530634706932,0.6666840596176016,0.5218059583268797,0.7717966933092966,0.7173743291125815,0.44372187594811546,0.8239374845892043,0.5982293030993111,0.6102750510107704,0.4765933984967606,0.5048577842226394,0.786964529320849,0.8740443477065235,0.4437145438362412,0.5854175912360555,0.46718461061008104,0.49578302762183657,0.49832238551996083,0.6731759222985539,0.5880394920308475,0.5632542428461922,0.8795882825892175,0.7069160630523459,0.6832822006177123,0.5371650953924261,0.5595806155631612,0.5720109591180571,0.7222400735185641,0.5268474958170807,0.6566466454261293,0.5700288151782176,0.5534199859095672,0.7868943458589034,0.9036685963279216,0.7038175198042194,0.7630304911428513,0.5326950032082414,0.764848428118911,0.6199703268281891,0.8699610618106061,0.8155386976138909,0.5418862444494249,0.9221018530905137,0.6963936716006205,0.7084394195120799,0.57475776699807,0.5733017692441019,0.6030221527239488,0.8851288978221584,0.5061025683404636,0.9722087162078329,0.5418789123375506,0.683581959737365,0.5653489791113905,0.593947396123146,0.5964867540212703,0.5981761194477321,0.7713402907998633,0.6862038605321569,0.6614186113475016,0.977752651090527,0.5496946273956815,0.8050804315536553,0.7814465691190217,0.6353294638937355,0.6577449840644707,0.6701753276193665,0.8204044420198736,0.6250118643183901,0.6200272730437636,0.5334094427958518,0.5168006135272015,0.7502749734765377,0.867049223945556,0.6671981474218536,0.7264111187604855,0.4960756308258757,0.7282290557365453,0.5833509544458234,0.8333416894282403,0.7789193252315251,0.5052668720670592,0.8854824807081481,0.6597742992182548,0.6718200471297141,0.5381383946157042,0.5366823968617361,0.5664027803415831,0.8485095254397927,0.46948319595809795,0.9355893438254672,0.5052595399551849,0.6469625873549992,0.5287296067290248,0.5573280237407803,0.5598673816389045,0.5615567470653664,0.7347209184174976,0.6495844881497912,0.6247992389651359,0.9411332787081612,0.5130752550133159,0.7684610591712896,0.744827196736656,0.5987100915113698,0.6211256116821049,0.6335559552370007,0.7837850696375078,0.5883924919360244,0.5366763185979402,0.4500584883500284,0.43344965908137806,0.6669240190307143,0.7836982694997325,0.5838471929760302,0.6430601643146621,0.42245081988656796,0.4127246763800523,0.6448781012907219,0.4781940416731203,0.38002967317181086,0.4166490455541766,0.5,0.7499907349824169,0.401392001796953,0.6955683707857017,0.42191591762123576,0.8021315262623246,0.5764233447724314,0.5884690926838907,0.4547874401698809,0.4533314424159128,0.4830518258957596,0.7651585709939693,0.3577823242623378,0.38613224151227454,0.8522383893796438,0.3865358537382952,0.4219085855093615,0.5636116329091758,0.44537865228320134,0.4739770692949568,0.4765164271930811,0.478205792619543,0.6513699639716742,0.5662335337039678,0.5414482845193125,0.8577823242623378,0.4297243005674924,0.6851101047254662,0.6614762422908326,0.45959462515804117,0.5153591370655464,0.5377746572362815,0.5502050007911773,0.7004341151916844,0.505041537490201,0.2866855836155233,0.2000677533676115,0.1834589240989612,0.4169332840482974,0.5337075345173156,0.3338564579936133,0.3930694293322452,0.17246008490415107,0.1627339413976354,0.394887366308305,0.2282033066907034,0.13003893818939397,0.1666583105717597,0.25000926501758314,0.5,0.1514012668145361,0.44557763580328485,0.1719251826388189,0.5521407912799077,0.3264326097900145,0.33847835770147383,0.20479670518746398,0.2033407074334959,0.23306109091334276,0.5151678360115525,0.10779158927992093,0.13614150652985765,0.6022476543972269,0.1365451187558783,0.1719178505269446,0.31362089792675896,0.19538791730078445,0.22398633431253995,0.22652569221066424,0.22821505763712607,0.4013792289892573,0.31624279872155087,0.29145754953689557,0.6077915892799209,0.17973356558507553,0.4351193697430493,0.41148550730841565,0.20960389017562428,0.26536840208312945,0.2877839222538646,0.3002142658087604,0.45044338020926755,0.25505080250778406,0.6352843168009872,0.5486664865530754,0.5320576572844251,0.7655320172337613,0.8823062677027795,0.6824551911790772,0.7416681625177091,0.5113326745830993,0.7434860994937689,0.598607998203047,0.8485987331854639,0.7941763689887488,0.5205239158242828,0.9007395244653716,0.6750313429754784,0.6870770908869377,0.5533954383729279,0.5519394406189598,0.5816598240988067,0.8637665691970163,0.48474023971532154,0.9508463875826908,0.5205165837124085,0.6622196311122228,0.5439866504862484,0.5725850674980039,0.5751244253961281,0.57681379082259,0.7499779621747212,0.6648415319070148,0.6400562827223595,0.9563903224653848,0.5283322987705394,0.7837181029285132,0.7600842404938796,0.6139671352685934,0.6363826554393285,0.6488129989942244,0.7990421133947314,0.603649535693248,0.34110794781223847,0.25449011756432666,0.23788128829567637,0.4713556482450125,0.5881298987140308,0.3882788221903285,0.4474917935289604,0.22688244910086622,0.21715630559435056,0.44930973050502016,0.2826256708874186,0.18446130238610914,0.22108067476847487,0.3044316292142983,0.5544223641967152,0.20582363101125128,0.5,0.22634754683553407,0.6065631554766229,0.3808549739867297,0.39290072189818903,0.25921906938417916,0.25776307163021106,0.2874834551100579,0.5695902002082676,0.1622139534766361,0.19056387072657283,0.656670018593942,0.19096748295259347,0.22634021472365978,0.36804326212347416,0.24981028149749962,0.27840869850925515,0.2809480564073794,0.2826374218338413,0.45580159318597246,0.37066516291826607,0.34587991373361077,0.6622139534766361,0.2341559297817907,0.48954173393976447,0.4659078715051308,0.26402625437233945,0.3197907662798446,0.34220628645057977,0.35463663000547563,0.5048657444059828,0.30947316670449926,0.6147604009767044,0.5281425707287926,0.5115337414601423,0.7450081014094785,0.8617823518784967,0.6619312753547945,0.7211442466934264,0.5005349022653321,0.49080875875881647,0.7229621836694861,0.5562781240518845,0.4581137555505751,0.49473312793294083,0.5780840823787642,0.8280748173611812,0.47947608417571724,0.773652453164466,0.5,0.8802156086410888,0.6545074271511956,0.666553175062655,0.5328715225486451,0.531415524794677,0.5611359082745239,0.8432426533727335,0.43586640664110204,0.46421632389103873,0.930322471758408,0.46461993611705943,0.4999926678881257,0.6416957152879401,0.5234627346619656,0.552061151673721,0.5546005095718454,0.5562898749983072,0.7294540463504384,0.644317616082732,0.6195323668980767,0.935866406641102,0.5078083829462566,0.7631941871042304,0.7395603246695968,0.5376787075368054,0.5934432194443106,0.6158587396150457,0.6282890831699416,0.7785181975704487,0.5831256198689652,0.2345447923356156,0.14792696208770378,0.13131813281905347,0.36479249276838965,0.4815667432374079,0.28171566671370557,0.3409286380523375,0.12031929362424335,0.11059315011772766,0.3427465750283973,0.17606251541079568,0.07789814690948627,0.11451751929185199,0.1978684737376754,0.44785920872009227,0.0992604755346284,0.3934368445233771,0.11978439135891118,0.5,0.27429181851010676,0.28633756642156616,0.15265591390755628,0.15119991615358816,0.18092029963343503,0.46302704473164474,0.05565079800001321,0.08400071524994993,0.5501068631173192,0.08440432747597058,0.1197770592470369,0.2614801066468513,0.14324712602087675,0.17184554303263225,0.1743849009307565,0.17607426635721837,0.3492384377093496,0.2641020074416432,0.23931675825698787,0.5556507980000133,0.12759277430516783,0.3829785784631416,0.3593447160285079,0.15746309889571658,0.21322761080322172,0.2356431309739569,0.24807347452885273,0.3983025889293598,0.20291001122787636,0.4602529738255088,0.37363514357759703,0.3570263143089467,0.5905006742582829,0.7072749247273011,0.5074238482035988,0.5666368195422308,0.34602747511413656,0.3363013316076209,0.5684547565182905,0.4017706969006889,0.3036063283993795,0.3402257007817452,0.4235766552275686,0.6735673902099855,0.3249686570245216,0.6191450260132704,0.3454925728488044,0.7257081814898932,0.5,0.5120457479114594,0.3783640953974495,0.3769080976434814,0.4066284811233283,0.6887352262215379,0.28135897948990646,0.30970889673984314,0.7758150446072124,0.3101125089658638,0.3454852407369301,0.4871882881367445,0.36895530751077,0.39755372452252546,0.4000930824206497,0.4017824478471116,0.5749466191992428,0.4898101889315364,0.4650249397468811,0.7813589794899064,0.35330095579506104,0.6086867599530348,0.5850528975184012,0.3831712803856098,0.43893579229311497,0.46135131246385014,0.47378165601874594,0.6240107704192531,0.4286181927177696,0.44820722591404943,0.3615893956661376,0.34498056639748736,0.5784549263468235,0.6952291768158417,0.49537810029213947,0.5545910716307714,0.3339817272026772,0.32425558369616153,0.5564090086068312,0.38972494898922955,0.2915605804879201,0.32817995287028584,0.41153090731610925,0.6615216422985262,0.31292290911306225,0.607099278101811,0.33344682493734507,0.7136624335784338,0.48795425208854065,0.5,0.3663183474859901,0.36486234973202203,0.39458273321186893,0.6766894783100786,0.26931323157844705,0.2976631488283838,0.7637692966957531,0.29806676105440444,0.33343949282547075,0.4751425402252851,0.3569095595993106,0.3855079766110661,0.3880473345091904,0.38973669993565224,0.5629008712877834,0.47776444102007704,0.45297919183542174,0.7693132315784471,0.3412552078836017,0.5966410120415755,0.5730071496069418,0.3711255324741504,0.42689004438165556,0.4493055645523908,0.4617359081072866,0.6119650225077937,0.4165724448063102,0.5818888784280594,0.4952710481801475,0.4786622189114972,0.7121365788608334,0.8289108293298516,0.6290597528061493,0.6882727241447812,0.4676633797166871,0.4579372362101714,0.690090661120841,0.5234066015032394,0.42524223300193,0.4618616053842957,0.5452125598301192,0.795203294812536,0.4466045616270721,0.7407809306158208,0.4671284774513549,0.8473440860924437,0.6216359046025505,0.6336816525140099,0.5,0.4985440022460319,0.5282643857258787,0.8103711308240884,0.40299488409245693,0.43134480134239367,0.8974509492097629,0.4317484135684143,0.4671211453394806,0.608824192739295,0.49059121211332046,0.5191896291250759,0.5217289870232003,0.5234183524496621,0.6965825238017933,0.6114460935340869,0.5866608443494316,0.902994884092457,0.4749368603976115,0.7303226645555854,0.7066888021209516,0.5048071849881604,0.5605716968956654,0.5829872170664007,0.5954175606212965,0.7456466750218036,0.55025409732032,0.5833448761820275,0.4967270459341156,0.4801182166654653,0.7135925766148015,0.8303668270838197,0.6305157505601174,0.6897287218987493,0.4691193774706552,0.4593932339641395,0.6915466588748092,0.4266982307558981,0.4633176031382638,0.5466685575840873,0.7966592925665041,0.4480605593810402,0.7422369283697889,0.468584475205323,0.8488000838464118,0.6230919023565186,0.635137650267978,0.5014559977539681,0.5,0.5297203834798468,0.8118271285780565,0.404450881846425,0.43280079909636177,0.8989069469637311,0.4332044113223824,0.4685771430934487,0.6102801904932631,0.49204720986728856,0.520645626879044,0.5231849847771683,0.5248743502036302,0.6980385215557614,0.612902091288055,0.5881168421033997,0.9044508818464251,0.47639285815157967,0.7317786623095535,0.7081447998749197,0.5062631827421284,0.5620276946496335,0.5844432148203688,0.5968735583752646,0.7471026727757717,0.5517100950742881,0.5536244927021805,0.46700666245426875,0.45039783318561843,0.6838721931349546,0.8006464436039729,0.6007953670802706,0.6600083384189025,0.4393989939908083,0.4296728504842926,0.6618262753949622,0.4951422157773607,0.39697784727605123,0.43359721965841697,0.5169481741042403,0.7669389090866573,0.4183401759011934,0.7125165448899421,0.43886409172547614,0.819079700366565,0.5933715188766717,0.6054172667881311,0.47173561427412125,0.47027961652015315,0.5,0.7821067450982097,0.3747304983665782,0.40308041561651486,0.8691865634838841,0.40348402784253556,0.4388567596136019,0.5805598070134163,0.4623268263874417,0.4909252433991972,0.49346460129732145,0.4951539667237833,0.6683181380759146,0.5831817078082081,0.5583964586235528,0.8747304983665781,0.44667247467173277,0.7020582788297065,0.6784244163950729,0.47654279926228155,0.5323073111697867,0.5547228313405219,0.5671531748954177,0.7173822892959248,0.5219897115944413,0.27151774760397085,0.18489991735605907,0.16829108808740875,0.4017654480367449,0.5185396985057632,0.3186886219820609,0.3779015933206928,0.15729224889259863,0.14756610538608295,0.37971953029675254,0.21303547067915096,0.11487110217784154,0.15149047456020726,0.23484142900603067,0.4848321639884476,0.13623343080298367,0.4304097997917324,0.15675734662726645,0.5369729552683553,0.31126477377846207,0.3233105216899214,0.18962886917591154,0.18817287142194344,0.21789325490179032,0.5,0.09262375326836848,0.1209736705183052,0.5870798183856745,0.12137728274432587,0.15675001451539217,0.29845306191520654,0.180220081289232,0.2088184983009875,0.2113578561991118,0.21304722162557366,0.38621139297770485,0.30107496270999845,0.27628971352534315,0.5926237532683685,0.16456572957352308,0.41995153373149685,0.3963176712968632,0.19443605416407184,0.250200566071577,0.27261608624231215,0.285046429797208,0.43527554419771514,0.23988296649623161,0.6788939943356024,0.5922761640876906,0.5756673348190403,0.8091416947683764,0.9259159452373947,0.7260648687136924,0.7852778400523243,0.5646684956242302,0.5549423521177145,0.7870957770283841,0.6422176757376622,0.8922084107200791,0.8377860465233639,0.564133593358898,0.9443492019999867,0.7186410205100936,0.7306867684215529,0.597005115907543,0.5955491181535749,0.6252695016334219,0.9073762467316315,0.5,0.5283499172499367,0.994456065117306,0.5287535294759573,0.5641262612470237,0.705829308646838,0.5875963280208635,0.6161947450326191,0.6187341029307433,0.6204234683572052,0.7935876397093363,0.70845120944163,0.6836659602569747,1.0,0.5719419763051546,0.8273277804631284,0.8036939180284948,0.6018123008957034,0.6575768128032085,0.6799923329739437,0.6924226765288395,0.8426517909293466,0.6472592132278632,0.6505440770856656,0.5639262468377538,0.5473174175691036,0.7807917775184398,0.897566027987458,0.6977149514637556,0.7569279228023875,0.5363185783742934,0.5265924348677777,0.7587458597784473,0.4938974316595363,0.530516804041902,0.6138677584877255,0.8638584934701423,0.5152597602846785,0.8094361292734272,0.5357836761089613,0.9159992847500501,0.6902911032601569,0.7023368511716163,0.5686551986576064,0.5671992009036383,0.5969195843834851,0.8790263294816948,0.47165008275006326,0.5,0.9661061478673694,0.5004036122260207,0.535776343997087,0.6774793913969014,0.5592464107709268,0.5878448277826823,0.5903841856808066,0.5920735511072684,0.7652377224593997,0.6801012921916932,0.6553160430070379,0.9716500827500634,0.5435920590552179,0.7989778632131916,0.775344000778558,0.5734623836457666,0.6292268955532718,0.6516424157240069,0.6640727592789029,0.8143018736794099,0.6189092959779264,0.18443792921829638,0.09782009897038459,0.08121126970173428,0.31468562965107044,0.4314598801200887,0.2316088035963864,0.2908217749350183,0.07021243050692415,0.06048628700040847,0.29263971191107807,0.1259556522934765,0.027791283792167068,0.06441065617453279,0.1477616106203562,0.3977523456027731,0.0491536124173092,0.3433299814060579,0.06967752824159198,0.4498931368826808,0.22418495539278757,0.23623070330424695,0.10254905079023707,0.10109305303626898,0.13081343651611585,0.41292018161432553,0.005543934882694017,0.03389385213263073,0.5,0.03429746435865139,0.0696701961297177,0.21137324352953207,0.09314026290355755,0.12173867991531304,0.12427803781343731,0.1259674032398992,0.2991315745920304,0.21399514432432398,0.18920989513966868,0.505543934882694,0.07748591118784862,0.3328717153458224,0.3092378529111887,0.10735623577839738,0.1631207476859025,0.1855362678566377,0.19796661141153354,0.34819572581204067,0.15280314811055715,0.650140464859645,0.5635226346117332,0.5469138053430829,0.7803881652924191,0.8971624157614373,0.697311339237735,0.7565243105763669,0.526188822641757,0.7583422475524266,0.6134641462617049,0.8634548812441217,0.8090325170474065,0.5353800638829406,0.9155956725240294,0.6898874910341362,0.7019332389455956,0.5682515864315857,0.5667955886776176,0.5965159721574644,0.8786227172556741,0.4712464705240426,0.49959638777397936,0.9657025356413484,0.5353727317710663,0.6770757791708807,0.5588427985449061,0.5874412155566616,0.5899805734547859,0.5916699388812477,0.764834110233379,0.6796976799656725,0.6549124307810172,0.9712464705240426,0.5431884468291972,0.7985742509871709,0.7749403885525373,0.6288232833272511,0.6512388034979864,0.6636691470528822,0.8138982614533893,0.6185056837519057,0.6147677330885787,0.5281499028406669,0.5115410735720166,0.7450154335213528,0.861789683990371,0.6619386074666687,0.7211515788053006,0.5005422343772065,0.4908160908706908,0.7229695157813604,0.5562854561637588,0.45812108766244936,0.4947404600448151,0.5780914144906385,0.8280821494730554,0.4794834162875915,0.7736597852763403,0.5000073321118743,0.8802229407529631,0.6545147592630699,0.6665605071745292,0.5328788546605194,0.5314228569065513,0.5611432403863982,0.8432499854846078,0.4358737387529763,0.46422365600291304,0.9303298038702823,0.4646272682289337,0.5,0.6417030473998143,0.5234700667738399,0.5520684837855954,0.5546078416837196,0.5562972071101815,0.7294613784623127,0.6443249481946063,0.619539699009951,0.9358737387529763,0.507815715058131,0.7632015192161047,0.7395676567814711,0.5376860396486797,0.5934505515561849,0.61586607172692,0.6282964152818159,0.7785255296823229,0.5831329519808395,0.4730646856887643,0.3864468554408525,0.36983802617220224,0.6033123861215384,0.7200866365905566,0.5202355600668543,0.5794485314054862,0.3588391869773921,0.3491130434708764,0.581266468381546,0.4145824087639444,0.316418040262635,0.3530374126450007,0.4363883670908241,0.686379102073241,0.3377803688877771,0.6319567378765258,0.35830428471205994,0.7385198933531487,0.5128117118632555,0.5248574597747149,0.391175807260705,0.3897198095067369,0.4194401929865838,0.7015469380847935,0.29417069135316193,0.32252060860309867,0.788626756470468,0.3229242208291193,0.3582969526001856,0.5,0.38176701937402546,0.410365436385781,0.41290479428390525,0.4145941597103671,0.5877583310624983,0.502621900794792,0.4778366516101366,0.794170691353162,0.36611266765831657,0.6214984718162904,0.5978646093816566,0.3959829922488653,0.45174750415637044,0.47416302432710566,0.48659336788200147,0.6368224822825086,0.4414299045810251,0.5912976663147388,0.5046798360668271,0.4880710067981767,0.7215453667475129,0.8383196172165311,0.6384685406928289,0.6976815120314608,0.4770721676033666,0.46734602409685094,0.6994994490075205,0.5328153893899189,0.4346510208886095,0.47127039327097525,0.5546213477167986,0.8046120826992156,0.45601334951375166,0.7501897185025004,0.4765372653380344,0.8567528739791233,0.63104469248923,0.6430904404006894,0.5094087878866795,0.5079527901327114,0.5376731736125583,0.8197799187107679,0.41240367197913647,0.4407535892290732,0.9068597370964424,0.44115720145509385,0.47652993322616016,0.6182329806259745,0.5,0.5285984170117555,0.5311377749098798,0.5328271403363416,0.7059913116884728,0.6208548814207664,0.5960696322361111,0.9124036719791365,0.48434564828429105,0.7397314524422648,0.7160975900076312,0.5142159728748398,0.569980484782345,0.5923960049530802,0.604826348507976,0.7550554629084831,0.5596628852069996,0.5626992493029833,0.47608141905507156,0.45947258978642125,0.6929469497357574,0.8097212002047757,0.6098701236810733,0.6690830950197053,0.4484737505916111,0.4387476070850954,0.670901031995765,0.5042169723781634,0.40605260387685405,0.4426719762592197,0.5260229307050431,0.77601366568746,0.42741493250199614,0.7215913014907449,0.44793884832627895,0.8281544569673678,0.6024462754774745,0.6144920233889339,0.480810370874924,0.4793543731209559,0.5090747566008028,0.7911815016990125,0.383805254967381,0.4121551722173177,0.8782613200846869,0.4125587844433384,0.44793151621440463,0.5896345636142191,0.4714015829882445,0.5,0.5025393578981243,0.5042287233245861,0.6773928946767174,0.5922564644090109,0.5674712152243556,0.8838052549673809,0.4557472312725356,0.7111330354305093,0.6874991729958757,0.48561755586308436,0.5413820677705895,0.5637975879413246,0.5762279314962205,0.7264570458967277,0.5310644681952441,0.5601598914048591,0.47354206115694725,0.456933231888297,0.6904075918376331,0.8071818423066514,0.6073307657829491,0.666543737121581,0.44593439269348684,0.43620824918697115,0.6683616740976408,0.5016776144800392,0.40351324597872973,0.44013261836109546,0.5234835728069189,0.7734743077893358,0.4248755746038719,0.7190519435926206,0.4453994904281547,0.8256150990692435,0.5999069175793502,0.6119526654908096,0.47827101297679975,0.47681501522283165,0.5065353987026785,0.7886421438008883,0.3812658970692567,0.4096158143191934,0.8757219621865627,0.41001942654521406,0.4453921583162804,0.5870952057160947,0.4688622250901202,0.49746064210187574,0.5,0.5016893654264618,0.674853536778593,0.5897171065108866,0.5649318573262314,0.8812658970692567,0.4532078733744113,0.7085936775323851,0.6849598150977514,0.48307819796496004,0.5388427098724652,0.5612582300432004,0.5736885735980962,0.7239176879986033,0.5285251102971198,0.5584705259783972,0.47185269573048544,0.4552438664618351,0.6887182264111713,0.8054924768801895,0.6056414003564872,0.6648543716951191,0.44424502726702497,0.4345188837605093,0.6666723086711789,0.40182388055226786,0.4384432529346336,0.521794207380457,0.7717849423628739,0.42318620917741,0.7173625781661588,0.4437101250016928,0.8239257336427817,0.5982175521528884,0.6102633000643478,0.4765816475503379,0.4751256497963698,0.5048460332762167,0.7869527783744263,0.37957653164279487,0.40792644889273155,0.8740325967601008,0.4083300611187522,0.4437027928898185,0.5854058402896329,0.46717285966365835,0.4957712766754139,0.49831063457353814,0.5,0.6731641713521312,0.5880277410844248,0.5632424918997695,0.8795765316427948,0.45151850794794945,0.7069043121059232,0.6832704496712896,0.4813888325384982,0.5371533444460034,0.5595688646167385,0.5719992081716344,0.7222283225721414,0.526835744870658,0.385306354626266,0.2986885243783542,0.2820796951097039,0.5155540550590401,0.6323283055280583,0.432477229004356,0.4916902003429879,0.2710808559148938,0.2613547124083781,0.4935081373190477,0.3268240777014461,0.22865970920013667,0.2652790815825024,0.3486300360283258,0.5986207710107427,0.2500220378252788,0.5441984068140275,0.2705459536495616,0.6507615622906504,0.42505338080075716,0.43709912871221657,0.3034174761982067,0.3019614784442386,0.33168186192408544,0.6137886070222951,0.20641236029066362,0.23476227754060033,0.7008684254079696,0.235165889766621,0.2705386215376873,0.4122416689375017,0.29400868831152716,0.32260710532328263,0.32514646322140695,0.3268358286478688,0.5,0.4148635697322936,0.3900783205476383,0.7064123602906637,0.2783543365958182,0.533740140753792,0.5101062783191583,0.308224661186367,0.36398917309387213,0.3864046932646073,0.39883503681950316,0.5490641512200103,0.35367157351852674,0.4704427848939724,0.3838249546460606,0.36721612537741033,0.6006904853267465,0.7174647357957648,0.5176136592720624,0.5768266306106943,0.3562172861826002,0.3464911426760845,0.5786445675867541,0.4119605079691525,0.31379613946784307,0.3504155118502088,0.4337664662960322,0.6837572012784491,0.3351584680929852,0.629334837081734,0.35568238391726803,0.7358979925583569,0.5101898110684636,0.522235558979923,0.3885539064659131,0.387097908711945,0.4168182921917919,0.6989250372900015,0.29154879055837,0.31989870780830676,0.786004855675676,0.3203023200343274,0.3556750518053937,0.4973780992052081,0.37914511857923355,0.4077435355909891,0.41028289348911334,0.4119722589155752,0.5851364302677065,0.5,0.4752147508153447,0.79154879055837,0.36349076686352466,0.6188765710214984,0.5952427085868648,0.3933610914540734,0.44912560336157853,0.47154112353231376,0.48397146708720956,0.6342005814877166,0.4388080037862332,0.4952280340786277,0.4086102038307159,0.39200137456206563,0.6254757345114018,0.74224998498042,0.5423989084567177,0.6016118797953496,0.3810025353672555,0.3712763918607398,0.6034298167714094,0.4367457571538078,0.33858138865249837,0.3752007610348641,0.4585517154806875,0.7085424504631044,0.3599437172776405,0.6541200862663893,0.38046763310192333,0.7606832417430122,0.5349750602531189,0.5470208081645782,0.4133391556505684,0.4118831578966003,0.44160354137644714,0.7237102864746568,0.3163340397430253,0.34468395699296206,0.8107901048603313,0.3450875692189827,0.380460300990049,0.5221633483898633,0.40393036776388885,0.4325287847756444,0.43506814267376864,0.4367575081002305,0.6099216794523618,0.5247852491846553,0.5,0.8163340397430253,0.38827601604817996,0.6436618202061537,0.6200279577715201,0.4181463406387287,0.47391085254623383,0.49632637271696906,0.5087567162718649,0.6589858306723719,0.4635932529708885,0.17889399433560238,0.09227616408769057,0.07566733481904027,0.30914169476837644,0.4259159452373947,0.22606486871369236,0.28527784005232426,0.06466849562423013,0.054942352117714456,0.28709577702838407,0.12041171741078248,0.02224734890947305,0.05886672129183877,0.1422176757376622,0.39220841072007906,0.04360967753461518,0.3377860465233639,0.06413359335889797,0.4443492019999868,0.21864102051009357,0.23068676842155292,0.09700511590754306,0.09554911815357496,0.12526950163342182,0.40737624673163153,0.0,0.028349917249936712,0.494456065117306,0.028753529475957374,0.06412626124702368,0.20582930864683804,0.08759632802086353,0.11619474503261902,0.1187341029307433,0.12042346835720516,0.2935876397093364,0.20845120944162995,0.18366596025697465,0.5,0.0719419763051546,0.3273277804631284,0.3036939180284947,0.10181230089570335,0.1575768128032085,0.17999233297394368,0.19242267652883951,0.3426517909293466,0.14725921322786314,0.6069520180304477,0.5203341877825359,0.5037253585138857,0.7371997184632219,0.8539739689322401,0.6541228924085378,0.7133358637471697,0.4927265193190755,0.48300037581255983,0.7151538007232294,0.45030537260431847,0.4869247449866842,0.5702756994325076,0.8202664344149244,0.47166770122946056,0.7658440702182093,0.49219161705374337,0.8724072256948322,0.646699044204939,0.6587447921163984,0.5250631396023885,0.5236071418484204,0.5533275253282672,0.8354342704264769,0.4280580236948454,0.4564079409447821,0.9225140888121514,0.4568115531708028,0.49218428494186905,0.6338873323416835,0.515654351715709,0.5442527687274644,0.5467921266255887,0.5484814920520505,0.7216456634041818,0.6365092331364753,0.61172398395182,0.9280580236948454,0.5,0.7553858041579737,0.7317519417233401,0.5298703245905487,0.5856348364980539,0.608050356668789,0.620480700223685,0.7707098146241921,0.5753172369227085,0.351566213872474,0.2649483836245622,0.2483395543559119,0.48181391430524806,0.5985881647742664,0.398737088250564,0.45795005958919593,0.23734071516110175,0.2276145716545861,0.4597679965652557,0.2930839369476541,0.19491956844634467,0.2315389408287104,0.3148898952745338,0.5648806302569507,0.21628189707148682,0.5104582660602355,0.2368058128957696,0.6170214215368585,0.3913132400469652,0.40335898795842456,0.2696773354444147,0.2682213376904466,0.29794172117029344,0.5800484662685031,0.17267221953687162,0.20102213678680833,0.6671282846541776,0.201425749012829,0.23679848078389532,0.3785015281837097,0.26026854755773515,0.2888669645694906,0.29140632246761494,0.2930956878940768,0.466259859246208,0.3811234289785016,0.3563381797938463,0.6726722195368716,0.24461419584202623,0.5,0.47636613756536633,0.274484520432575,0.33024903234008013,0.3526645525108153,0.36509489606571116,0.5153240104662182,0.3199314327647348,0.37520007630710767,0.28858224605919586,0.27197341679054554,0.5054477767398817,0.6222220272089,0.42237095068519764,0.48158392202382955,0.2609745775957354,0.25124843408921976,0.48340185899988936,0.3167177993822878,0.21855343088097834,0.2551728032633441,0.3385237577091675,0.5885144926915844,0.23991575950612046,0.5340921284948692,0.26043967533040324,0.6406552839714921,0.41494710248159883,0.42699285039305823,0.29331119787904836,0.29185520012508026,0.3215755836049271,0.6036823287031368,0.1963060819715053,0.224655999221442,0.6907621470888112,0.22505961144746267,0.260432343218529,0.40213539061834336,0.2839024099923688,0.3125008270041243,0.3150401849022486,0.3167295503287104,0.48989372168084167,0.40475729141313527,0.37997204222847997,0.6963060819715052,0.2682480582766599,0.5236338624346336,0.5,0.29811838286720865,0.3538828947747138,0.37629841494544897,0.38872875850034483,0.538957872900852,0.3435652951993684,0.577081693439899,0.4904638631919872,0.4738550339233369,0.7073293938726731,0.8241036443416914,0.624252567817989,0.6834655391566209,0.4531300512220111,0.6852834761326807,0.5404053748419588,0.7903961098243757,0.7359737456276605,0.4623212924631946,0.8425369011042835,0.6168287196143902,0.6288744675258495,0.4951928150118397,0.4937368172578716,0.5234572007377185,0.8055639458359282,0.39818769910429663,0.4265376163542334,0.8926437642216026,0.46231396035132033,0.6040170077511346,0.48578402712516017,0.5143824441369157,0.5169218020350399,0.5186111674615018,0.6917753388136331,0.6066389085459266,0.5818536593612713,0.8981876991042966,0.4701296754094512,0.725515479567425,0.7018816171327914,0.5557645119075051,0.5781800320782403,0.5906103756331361,0.7408394900336432,0.5454469123321598,0.5213171815323938,0.43469935128448206,0.41809052201583174,0.6515648819651679,0.7683391324341862,0.5684880559104839,0.6277010272491158,0.40709168282102165,0.39736553931450597,0.6295189642251755,0.462834904607574,0.36467053610626454,0.4012899084886303,0.4846408629344537,0.7346315979168706,0.3860328647314067,0.6802092337201554,0.40655678055568945,0.7867723891967783,0.561064207706885,0.5731099556183444,0.43942830310433456,0.43797230535036646,0.4676926888302133,0.749799433928423,0.3424231871967915,0.37077310444672823,0.8368792523140974,0.3711767166727489,0.4065494484438152,0.5482524958436296,0.430019515217655,0.4586179322294105,0.4611572901275348,0.4628466555539967,0.6360108269061279,0.5508743966384214,0.5260891474537661,0.8424231871967915,0.4143651635019461,0.6697509676599198,0.6461171052252862,0.44423548809249486,0.5,0.5224155201707352,0.534845863725631,0.6850749781261382,0.48968240042465466,0.4989016613616587,0.4122838311137469,0.3956750018450966,0.6291493617944327,0.7459236122634509,0.5460725357397487,0.6052855070783806,0.3846761626502864,0.37495001914377074,0.6071034440544404,0.4404193844368388,0.34225501593552937,0.3788743883178951,0.4622253427637185,0.7122160777461354,0.3636173445606715,0.6577937135494202,0.3841412603849543,0.764356869026043,0.5386486875361499,0.5506944354476092,0.4170127829335994,0.4155567851796313,0.44527716865947814,0.7273839137576878,0.3200076670260563,0.348357584275993,0.8144637321433623,0.3487611965020137,0.38413392827307996,0.5258369756728943,0.40760399504691985,0.4362024120586753,0.4387417699567996,0.44043113538326145,0.6135953067353926,0.5284588764676863,0.503673627283031,0.8200076670260563,0.3919496433312109,0.6473354474891847,0.623701585054551,0.4218199679217597,0.47758447982926483,0.5,0.5124303435548958,0.6626594579554029,0.46726688025391944,0.48647131780676284,0.39985348755885103,0.3832446582902007,0.6167190182395369,0.7334932687085551,0.5336421921848529,0.5928551635234848,0.3722458190953906,0.36251967558887493,0.5946731004995446,0.42798904088194295,0.3298246723806335,0.36644404476299924,0.44979499920882265,0.6997857341912396,0.35118700100577566,0.6453633699945244,0.3717109168300584,0.7519265254711472,0.526218343981254,0.5382640918927134,0.40458243937870353,0.40312644162473543,0.4328468251045823,0.7149535702027919,0.30757732347116046,0.3359272407210972,0.8020333885884665,0.33633085294711784,0.37170358471818415,0.5134066321179985,0.395173651492024,0.4237720685037795,0.4263114264019038,0.42800079182836565,0.6011649631804968,0.5160285329127904,0.49124328372813514,0.8075773234711605,0.3795192997763151,0.6349051039342889,0.6112712414996552,0.4093896243668638,0.46515413627436897,0.48756965644510414,0.5,0.6502291144005071,0.45483653669902363,0.3362422034062557,0.24962437315834393,0.23301554388969364,0.46648990383902983,0.583264154308048,0.38341307778434575,0.44262604912297765,0.2220167046948835,0.2122905611883678,0.4444439860990374,0.2777599264814358,0.1795955579801264,0.21621493036249215,0.29956588480831553,0.5495566197907324,0.20095788660526856,0.49513425559401725,0.22148180242955134,0.6016974110706401,0.37598922958074693,0.3880349774922063,0.2543533249781964,0.2528973272242283,0.2826177107040752,0.5647244558022849,0.15734820907065336,0.18569812632059007,0.6518042741879594,0.18610173854661075,0.22147447031767706,0.3631775177174914,0.2449445370915169,0.2735429541032724,0.27608231200139666,0.2777716774278585,0.45093584877998977,0.3657994185122833,0.341014169327628,0.6573482090706534,0.22929018537580798,0.4846759895337817,0.4610421270991481,0.2591605099663567,0.31492502187386184,0.33734054204459707,0.3497708855994929,0.5,0.3046074222985165,0.5316347811077392,0.44501695085982745,0.42840812159117714,0.6618824815405133,0.7786567320095316,0.5788056554858292,0.6380186268244611,0.417409282396367,0.4076831388898513,0.6398365638005209,0.4731525041829193,0.37498813568160994,0.4116075080639756,0.494958462509799,0.7449491974922159,0.396350464306752,0.6905268332955008,0.41687438013103484,0.7970899887721237,0.5713818072822304,0.5834275551936898,0.4497459026796799,0.4482899049257118,0.4780102884055587,0.7601170335037684,0.3527407867721369,0.38109070402207357,0.8471968518894428,0.3814943162480942,0.4168670480191605,0.558570095418975,0.4403371147930004,0.4689355318047559,0.47147488970288015,0.473164255129342,0.6463284264814733,0.5611919962137668,0.5364067470291115,0.8527407867721368,0.42468276307729147,0.6800685672352652,0.6564347048006316,0.4545530876678402,0.5103175995753454,0.5327331197460805,0.5451634633009764,0.6953925777014835,0.5,0.5,0.4427775483749617,0.46745444027932526,0.499584324073414,0.2413584964749221,0.2506299339870581,0.45665104812703255,0.42943915596879023,0.2543462982946067,0.4554316876418948,0.3005851658404603,0.21665636756365464,0.41222118341929026,0.24180797329906895,0.17030949759289823,0.2661338323169751,0.4108840044447744,0.22985187225090617,0.2644591534471903,0.31997483339089844,0.2289730997410657,0.5159011242453934,0.5130681148899948,0.663326904768885,0.2634003235514511,0.6677366287046592,0.24993980702391835,0.469415608586007,0.16773662870465927,0.21905310367015599,0.17204075513867279,0.3931512590830968,0.4917368624009422,0.5683334655758663,0.31271190675719407,0.4015257813754718,0.3035542221071135,0.2675384253162515,0.22127529570789042,0.25884573786136145,0.23726181498333773,0.47604074614449343,0.5557693073626903,0.5065041630619512,0.253780591047794,0.34461176859270565,0.49841366584468405,0.42694342452001494,0.5572224516250384,0.5,0.5246768919043635,0.5568067756984524,0.29858094809996044,0.3078523856120964,0.5138734997520709,0.48666160759382854,0.31156874991964506,0.5126541392669332,0.3578076174654986,0.27387881918869295,0.46944363504432857,0.29903042492410725,0.22753194921793657,0.32335628394201343,0.4681064560698127,0.2870743238759445,0.32168160507222865,0.3771972850159368,0.28619555136610403,0.5731235758704317,0.5702905665150332,0.7205493563939234,0.32062277517648946,0.7249590803296976,0.3071622586489567,0.5266380602110453,0.22495908032969758,0.2762755552951943,0.22926320676371112,0.45037371070813514,0.5489593140259805,0.6255559172009045,0.3699343583822324,0.45874823300051015,0.36077667373215183,0.32476087694128986,0.27849774733292876,0.3160681894863998,0.29448426660837607,0.5332631977695318,0.6129917589877286,0.5637266146869896,0.3110030426728323,0.40183422021774395,0.5556361174697224,0.4841658761450533,0.5325455597206747,0.47532310809563644,0.5,0.5321298837940888,0.2739040561955969,0.2831754937077328,0.4891966078477073,0.461984715689465,0.2868918580152815,0.4879772473625696,0.33313072556113504,0.2492019272843294,0.444766743139965,0.2743535330197437,0.202855057313573,0.29867939203764987,0.44342956416544915,0.26239743197158094,0.2970047131678651,0.35252039311157324,0.26151865946174047,0.5484466839660681,0.5456136746106697,0.6958724644895597,0.2959458832721259,0.7002821884253341,0.2824853667445931,0.5019611683066818,0.20028218842533405,0.25159866339083076,0.20458631485934756,0.4256968188037716,0.524282422121617,0.600879025296541,0.3452574664778688,0.4340713410961466,0.33609978182778827,0.3000839850369263,0.2538208554285652,0.29139129758203625,0.2698073747040125,0.5085863058651682,0.588314867083365,0.539049722782626,0.28632615076846873,0.3771573283133804,0.5309592255653588,0.45948898424068974,0.500415675926586,0.4431932243015477,0.46787011620591124,0.5,0.2417741724015081,0.25104560991364405,0.45706672405361853,0.4298548318953762,0.2547619742211927,0.45584736356848077,0.3010008417670463,0.21707204349024062,0.41263685934587624,0.24222364922565492,0.1707251735194842,0.2665495082435611,0.4112996803713604,0.23026754817749215,0.26487482937377627,0.3203905093174844,0.2293887756676517,0.5163168001719793,0.5134837908165808,0.663742580695471,0.2638159994780371,0.6681523046312452,0.2503554829505043,0.469831284512593,0.16815230463124525,0.21946877959674196,0.17245643106525876,0.39356693500968276,0.4921525383275282,0.5687491415024523,0.31312758268378005,0.40194145730205777,0.3039698980336995,0.2679541012428375,0.2216909716344764,0.2592614137879474,0.2376774909099237,0.4764564220710794,0.5561849832892762,0.5069198389885372,0.25419626697437997,0.3450274445192916,0.49882934177127003,0.4273591004466009,0.7586415035250779,0.7014190519000395,0.7260959438044031,0.7582258275984919,0.509271437512136,0.7152925516521105,0.6880806594938681,0.5129878018196846,0.5592266693655382,0.4752978710887325,0.5004494768241469,0.6695255079698523,0.5231006569722682,0.5786163369159764,0.7745426277704712,0.7717096184150728,0.9219684082939629,0.522041827076529,0.9263781322297372,0.5085813105489962,0.7280571121110849,0.4776946071952339,0.6517927626081746,0.7503783659260201,0.8269749691009441,0.5713534102822719,0.6601672849005497,0.5621957256321914,0.5261799288413294,0.4799167992329683,0.5174872413864393,0.4959033185084156,0.7346822496695713,0.8144108108877681,0.7651456665870291,0.5124220945728718,0.7570551693697619,0.6855849280450929,0.749370066012942,0.6921476143879036,0.7168245062922671,0.748954390086356,0.49072856248786406,0.5,0.7060211141399745,0.6788092219817322,0.5037163643075486,0.7048017536548368,0.5499552318534022,0.46602643357659657,0.6615912494322321,0.4911780393120109,0.4196795636058402,0.515503898329917,0.6602540704577163,0.4792219382638481,0.5138292194601323,0.5693448994038404,0.47834316575400765,0.7652711902583353,0.7624381809029368,0.9126969707818269,0.512770389564393,0.9171066947176012,0.49930987303686025,0.7187856745989489,0.4171066947176012,0.46842316968309794,0.4214108211516147,0.6425213250960388,0.7411069284138841,0.8177035315888082,0.5620819727701359,0.6508958473884138,0.5529242881200555,0.5169084913291935,0.4706453617208323,0.5082158038743034,0.4866318809962797,0.7254108121574353,0.8051393733756321,0.7558742290748932,0.5031506570607359,0.5939818346056476,0.747783731857626,0.6763134905329569,0.5433489518729675,0.48612650024792914,0.5108033921522926,0.5429332759463815,0.2847074483478896,0.2939788858600255,0.5,0.4727881078417577,0.2976952501675742,0.4987806395148623,0.34393411771342774,0.2600053194366221,0.4555701352922577,0.2851569251720364,0.21365844946586568,0.3094827841899426,0.45423295631774185,0.27320082412387364,0.30780810532015773,0.3633237852638659,0.27232205161403317,0.5592500761183609,0.5564170667629623,0.7066758566418524,0.3067492754244186,0.7110855805776267,0.29328875889688577,0.5127645604589744,0.21108558057762672,0.26240205554312346,0.21538970701164026,0.4365002109560643,0.5350858142739097,0.6116824174488337,0.3560608586301615,0.44487473324843924,0.34690317398008097,0.310887377189219,0.26462424758085784,0.3021946897343289,0.2806107668563052,0.5193896980174608,0.5991182592356576,0.5498531149349187,0.29712954292076144,0.3879607204656731,0.5417626177176516,0.47029237639298244,0.5705608440312098,0.5133383924061714,0.538015284310535,0.5701451681046238,0.3119193405061319,0.32119077801826784,0.5272118921582423,0.5,0.3249071423258165,0.5259925316731046,0.37114600987167007,0.2872172115948644,0.48278202745050003,0.3123688173302787,0.240870341624108,0.3366946763481849,0.4814448484759842,0.30041271628211597,0.33501999747840006,0.3905356774221082,0.2995339437722755,0.5864619682766031,0.5836289589212046,0.7338877488000948,0.3339611675826609,0.738297472735869,0.3205006510551281,0.5399764526172168,0.23829747273586904,0.2896139477013658,0.24260159916988258,0.4637121031143066,0.5622977064321519,0.638894309607076,0.38327275078840384,0.47208662540668156,0.3741150661383233,0.3380992693474613,0.29183613973910016,0.3294065818925712,0.30782265901454753,0.5466015901757032,0.6263301513939,0.577065007093161,0.32434143507900376,0.4151726126239154,0.5689745098758938,0.4975042685512247,0.7456537017053932,0.688431250080355,0.7131081419847185,0.7452380257788073,0.4870121981803154,0.4962836356924513,0.7023047498324259,0.6750928576741835,0.5,0.701085389347288,0.5462388675458536,0.4623100692690479,0.6578748851246835,0.4874616750044622,0.4159631992982915,0.5117875340223684,0.6565377061501677,0.47550557395629944,0.5101128551525835,0.5656285350962917,0.47462680144645897,0.7615548259507866,0.7587218165953882,0.9089806064742783,0.5090540252568444,0.9133903304100526,0.4955935087293116,0.7150693102914003,0.4133903304100525,0.46470680537554926,0.4176944568440661,0.63880496078849,0.7373905641063355,0.8139871672812595,0.5583656084625873,0.647179483080865,0.5492079238125068,0.5131921270216447,0.4669289974132837,0.5044994395667547,0.482915516688731,0.7216944478498867,0.8014230090680835,0.7521578647673445,0.49943429275318724,0.590265470298099,0.7440673675500773,0.6725971262254082,0.5445683123581052,0.48734586073306685,0.5120227526374305,0.5441526364315192,0.29519824634516323,0.5012193604851377,0.4740074683268954,0.2989146106527119,0.5,0.34515347819856546,0.2612246799217598,0.4567894957773954,0.28637628565717416,0.21487780995100342,0.3107021446750803,0.45545231680287956,0.27442018460901135,0.3090274658052955,0.36454314574900365,0.5604694366034986,0.5576364272481,0.7078952171269902,0.3079686359095563,0.7123049410627644,0.29450811938202354,0.5139839209441122,0.21230494106276446,0.26362141602826117,0.437719571441202,0.5363051747590474,0.6129017779339714,0.3572802191152992,0.446094093733577,0.3481225344652187,0.3121067376743567,0.2658436080659956,0.30341405021946666,0.2818301273414429,0.5206090585025986,0.6003376197207955,0.5510724754200564,0.29834890340589915,0.5429819782027893,0.47151173687812015,0.6994148341595398,0.6421923825345014,0.6668692744388649,0.6989991582329538,0.44077333063446184,0.4500447681465978,0.6560658822865723,0.62885399012833,0.45376113245414645,0.6548465218014345,0.5,0.41607120172319434,0.6116360175788299,0.44122280745860865,0.36972433175243796,0.4655486664765148,0.6102988386043141,0.4292667064104459,0.46387398760673,0.5193896675504381,0.4283879339006054,0.7153159584049331,0.7124829490495346,0.8627417389284247,0.46281515771099085,0.867151462864199,0.449354641183458,0.6688304427455467,0.367151462864199,0.4184679378296957,0.3714555892982125,0.5925660932426365,0.6911516965604819,0.7677482997354059,0.5121267409167337,0.6009406155350115,0.5029690562666532,0.46695325947579125,0.4206901298674301,0.45826057202090115,0.43667664914287746,0.6754555803040331,0.7551841415222299,0.705918997221491,0.4531954252073337,0.5440266027522453,0.6978285000042238,0.6263582586795546,0.7833436324363454,0.726121180811307,0.7507980727156706,0.7829279565097594,0.5247021289112674,0.5339735664234034,0.7399946805633779,0.7127827884051356,0.5376899307309521,0.7387753200782402,0.5839287982768057,0.5,0.6955648158556357,0.5251516057354143,0.4536531300292436,0.5494774647533205,0.6942276368811198,0.5131955046872515,0.5478027858835357,0.6033184658272438,0.512316732177411,0.7992447566817388,0.7964117473263402,0.9466705372052302,0.5467439559877965,0.9510802611410047,0.5332834394602637,0.7527592410223524,0.45108026114100463,0.5023967361065014,0.45538438757501815,0.6764948915194422,0.7750804948372876,0.8516770980122116,0.5960555391935395,0.6848694138118172,0.5868978545434589,0.5508820577525969,0.5046189281442358,0.5421893702977069,0.5206054474196831,0.7593843785808387,0.8391129397990356,0.7898477954982966,0.5371242234841394,0.627955401029051,0.7817572982810295,0.7102870569563603,0.5877788165807097,0.5305563649556714,0.555233256860035,0.5873631406541238,0.3384087505677678,0.5444298647077424,0.5172179725495,0.3421251148753165,0.5432105042226045,0.38836398242117004,0.3044351841443644,0.5,0.3295867898797787,0.258088314173608,0.35391264889768487,0.49866282102548415,0.31763068883161594,0.3522379700279,0.4077536499716082,0.31675191632177546,0.6036799408261031,0.6008469314707046,0.7511057213495947,0.3511791401321609,0.755515445285369,0.33771862360462807,0.5571944251667168,0.255515445285369,0.30683192025086575,0.2598195717193825,0.4809300756638066,0.5795156789816519,0.656112282156576,0.4004907233379038,0.48930459795618153,0.39133303868782326,0.3553172418969613,0.30905411228860014,0.3466245544420712,0.3250406315640475,0.5638195627252032,0.6435481239434,0.594282979642661,0.34155940762850373,0.5861924824253938,0.5147222411007247,0.7581920267009311,0.7009695750758927,0.7256464669802563,0.7577763507743451,0.4995505231758532,0.5088219606879891,0.7148430748279636,0.6876311826697212,0.5125383249955378,0.7136237143428259,0.5587771925413914,0.4748483942645857,0.6704132101202213,0.5,0.4285015242938293,0.5243258590179062,0.6690760311457055,0.48804389895183725,0.5226511801481214,0.5781668600918295,0.4871651264419968,0.7740931509463245,0.7712601415909259,0.921518931469816,0.5215923502523822,0.9259286554055903,0.5081318337248494,0.7276076352869381,0.42592865540559033,0.47724513037108707,0.43023278183960384,0.6513432857840279,0.7499288891018733,0.8265254922767973,0.5709039334581251,0.6597178080764029,0.5617462488080446,0.5257304520171826,0.47946732240882145,0.5170377645622926,0.4954538416842688,0.7342327728454244,0.8139613340636213,0.7646961897628823,0.511972617748725,0.6028037952936367,0.7566056925456152,0.685135451220946,0.8296905024071017,0.7724680507820635,0.797144942686427,0.8292748264805158,0.5803204363941599,0.7863415505341343,0.759129658375892,0.5840368007017085,0.7851221900489965,0.6302756682475621,0.5463468699707564,0.741911685826392,0.5714984757061707,0.5,0.5958243347240769,0.7405745068518762,0.5595423746580079,0.594149655854292,0.6496653357980002,0.8455916266524951,0.8427586172970967,0.9930174071759867,0.5930908259585529,0.9974271311117611,0.5796303094310201,0.7991061109931088,0.497427131111761,0.5487436060772578,0.5017312575457745,0.7228417614901985,0.821427364808044,0.898023967982968,0.6424024091642958,0.7312162837825735,0.6332447245142153,0.5972289277233532,0.5509657981149921,0.5885362402684632,0.5669523173904395,0.8057312485515952,0.885459809769792,0.836194665469053,0.5834710934548958,0.8281041682517858,0.7566339269271167,0.7338661676830249,0.6766437160579866,0.7013206079623501,0.733450491756439,0.48449610167008295,0.6905172158100574,0.6633053236518152,0.4882124659776316,0.6892978553249197,0.5344513335234852,0.4505225352466795,0.6460873511023152,0.4756741409820938,0.40417566527592313,0.5,0.6447501721277993,0.46371803993393107,0.4983253211302152,0.5538410010739233,0.7497672919284183,0.7469342825730197,0.8971930724519099,0.497266491234476,0.9016027963876841,0.48380597470694325,0.7032817762690319,0.40160279638768415,0.4529192713531809,0.4059069228216977,0.6270174267661217,0.7256030300839671,0.8021996332588911,0.546578074440219,0.6353919490584967,0.5374203897901384,0.5014045929992764,0.4551414633909153,0.4927119055443864,0.47112798266636263,0.7099069138275184,0.7896354750457151,0.7403703307449762,0.48764675873081886,0.732279833527709,0.6608095922030398,0.5891159955552256,0.5318935439301873,0.5565704358345508,0.5887003196286397,0.3304744920301477,0.33974592954228366,0.5457670436822581,0.5185551515240159,0.34346229384983235,0.5445476831971204,0.3897011613956859,0.30577236311888023,0.5013371789745159,0.33092396885429454,0.25942549314812385,0.3552498278722007,0.5,0.3189678678061318,0.3535751490024159,0.40909082894612403,0.3180890952962913,0.605017119800619,0.6021841104452205,0.7524429003241105,0.35251631910667675,0.7568526242598849,0.33905580257914397,0.5585316041412326,0.25685262425988487,0.3081690992253816,0.2611567506938984,0.48226725463832243,0.5808528579561678,0.6574494611310918,0.40182790231241966,0.4906417769306974,0.3926702176623391,0.35665442087147714,0.31039129126311604,0.34796173341658704,0.32637781053856335,0.565156741699719,0.6448853029179158,0.5956201586171769,0.3428965866030196,0.43372776414793124,0.5875296613999097,0.5160594200752405,0.7701481277490938,0.7129256761240554,0.7376025680284191,0.7697324518225078,0.5207780617361519,0.7267991758761264,0.699587283717884,0.5244944260437006,0.7255798153909886,0.5707332935895542,0.48680449531274844,0.6823693111683841,0.5119561010481628,0.44045762534199207,0.5362819600660689,0.6810321321938683,0.5,0.5346072811962841,0.5901229611399923,0.7860492519944872,0.7832162426390887,0.9334750325179788,0.533548451300545,0.9378847564537531,0.5200879347730122,0.7395637363351009,0.4378847564537531,0.4892012314192498,0.44218888288776664,0.6632993868321906,0.7618849901500361,0.8384815933249601,0.5828600345062879,0.6716739091245656,0.5737023498562074,0.5376865530653453,0.49142342345698425,0.5289938656104552,0.5074099427324316,0.7461888738935872,0.8259174351117841,0.776652290811045,0.5239287187968877,0.7685617935937779,0.6970915522691088,0.7355408465528097,0.6783183949277714,0.702995286832135,0.7351251706262237,0.47689934302773185,0.4861707805398678,0.6921918946798422,0.6649800025215999,0.4898871448474164,0.6909725341947045,0.53612601239327,0.45219721411646435,0.6477620299721,0.47734881985187866,0.4058503441457079,0.5016746788697848,0.6464248509975841,0.4653927188037159,0.5,0.5555156799437081,0.46451394629387543,0.7514419707982031,0.7486089614428045,0.8988677513216947,0.4989411701042608,0.9032774752574689,0.48548065357672804,0.7049564551388167,0.403277475257469,0.45459395022296567,0.4075816016914825,0.6286921056359065,0.7272777089537519,0.8038743121286759,0.5482527533100038,0.6370666279282815,0.5390950686599232,0.5030792718690612,0.4568161422607001,0.49438658441417116,0.4728026615361474,0.7115815926973031,0.7913101539155,0.7420450096147609,0.48932143760060365,0.5801526151455153,0.7339545123974938,0.6624842710728247,0.6800251666091015,0.6228027149840633,0.6474796068884268,0.6796094906825155,0.4213836630840237,0.43065510059615963,0.6366762147361341,0.6094643225778917,0.43437146490370826,0.6354568542509964,0.48061033244956186,0.3966815341727562,0.5922463500283918,0.4218331399081705,0.35033466420199977,0.44615899892607663,0.590909171053876,0.40987703886000776,0.44448432005629185,0.5,0.4089982663501673,0.695926290854495,0.6930932814990964,0.8433520713779865,0.44342549016055266,0.8477617953137608,0.4299649736330199,0.6494407751951086,0.34776179531376084,0.3990782702792575,0.35206592174777435,0.5731764256921984,0.6717620290100438,0.7483586321849678,0.49273707336629563,0.5815509479845733,0.4835793887162151,0.44756359192535305,0.40130046231699196,0.438870904470463,0.4172869815924393,0.6560659127535949,0.7357944739717918,0.6865293296710528,0.4338057576568955,0.5246369352018072,0.6784388324537856,0.6069685911291165,0.7710269002589343,0.7138044486338959,0.7384813405382595,0.7706112243323483,0.5216568342459924,0.7276779483859669,0.7004660562277245,0.525373198553541,0.5716120660993946,0.4876832678225889,0.6832480836782245,0.5128348735580033,0.6819109047037086,0.5354860537061246,0.5910017336498328,0.7869280245043276,0.7840950151489291,0.9343538050278192,0.5344272238103854,0.9387635289635936,0.5209667072828527,0.7404425088449413,0.4900800039290903,0.6641781593420311,0.7627637626598764,0.8393603658348006,0.5837388070161283,0.6725526816344061,0.5745811223660477,0.5385653255751858,0.49230219596682473,0.5298726381202957,0.508288715242272,0.7470676464034277,0.8267962076216245,0.7775310633208855,0.5248074913067282,0.7694405661036183,0.6979703247789493,0.48409887575460664,0.4268764241295683,0.45155331603393184,0.48368319982802066,0.22545737222952875,0.23472880974166468,0.44074992388163914,0.41353803172339687,0.23844517404921334,0.43953056339650143,0.2846840415950669,0.20075524331826125,0.39632005917389684,0.22590684905367556,0.15440837334750485,0.2502327080715817,0.394982880199381,0.2139507480055128,0.24855802920179693,0.3040737091455051,0.21307197549567233,0.5,0.49716699064460146,0.6474257805234916,0.24749919930605774,0.6518355044592659,0.23403868277852496,0.45351448434061364,0.15183550445926589,0.2031519794247626,0.15613963089327942,0.3772501348377034,0.4758357381555488,0.5524323413304728,0.29681078251180065,0.38562465713007843,0.2876530978617201,0.25163730107085813,0.20537417146249703,0.24294461361596809,0.22136069073794437,0.4601396218991,0.5398681831172969,0.49060303881655787,0.23787946680240057,0.32871064434731223,0.4825125415992907,0.4110423002746216,0.4869318851100051,0.4297094334849668,0.4543863253893304,0.48651620918341915,0.22829038158492726,0.2375618190970632,0.4435829332370377,0.41637104107879536,0.24127818340461185,0.44236357275189997,0.2875170509504654,0.20358825267365976,0.3991530685292954,0.22873985840907407,0.15724138270290336,0.25306571742698025,0.39781588955477953,0.21678375736091132,0.2513910385571954,0.30690671850090356,0.21590498485107085,0.5028330093553985,0.5,0.6502587898788901,0.2503322086614563,0.6546685138146644,0.23687169213392348,0.45634749369601213,0.1546685138146644,0.20598498878016114,0.15897264024867794,0.38008314419310196,0.47866874751094735,0.5552653506858714,0.2996437918671992,0.3884576664854769,0.29048610721711865,0.2544703104262567,0.20820718081789555,0.2457776229713666,0.22419370009334288,0.46297263125449856,0.5427011924726953,0.4934360481719564,0.24071247615779912,0.33154365370271077,0.4853455509546892,0.4138753096300201,0.336673095231115,0.2794506436060767,0.30412753551044025,0.336257419304529,0.07803159170603713,0.08730302921817308,0.29332414335814755,0.2661122511999052,0.09101939352572173,0.29210478287300984,0.1372582610715753,0.05332946279476964,0.24889427865040525,0.07848106853018395,0.006982592824013244,0.10280692754809012,0.2475570996758894,0.06652496748202119,0.10113224867830531,0.15664792862201346,0.06564619497218072,0.3525742194765084,0.34974121012110987,0.5,0.10007341878256613,0.5044097239357743,0.08661290225503336,0.306088703817122,0.004409723935774275,0.055726198901271,0.008713850369787808,0.22982435431421183,0.3284099576320572,0.4050065608069812,0.14938500198830906,0.2381988766065868,0.14022731733822852,0.10421152054736653,0.057948390939005424,0.09551883309247647,0.07393491021445275,0.3127138413756084,0.39244240259380525,0.3431772582930663,0.09045368627890898,0.18128486382382064,0.33508676107579904,0.26361651975113,0.7365996764485488,0.6793772248235106,0.7040541167278741,0.7361840005219629,0.477958172923471,0.4872296104356069,0.6932507245755815,0.6660388324173391,0.4909459747431556,0.6920313640904436,0.5371848422890092,0.4532560440122035,0.6488208598678391,0.4784076497476178,0.4069091740414471,0.502733508765524,0.6474836808933233,0.46645154869945504,0.5010588298957391,0.5565745098394473,0.46557277618961457,0.7525008006939422,0.7496677913385438,0.8999265812174339,0.5,0.9043363051532082,0.4865394834724672,0.7060152850345559,0.4043363051532081,0.45565278011870486,0.4086404315872217,0.6297509355316456,0.7283365388494911,0.8049331420244151,0.5493115832057429,0.6381254578240206,0.5401538985556624,0.5041381017648003,0.4578749721564393,0.49544541430991035,0.4738614914318866,0.7126404225930423,0.7923689838112391,0.7431038395105001,0.49038026749634284,0.5812114450412545,0.7350133422932329,0.6635431009685638,0.3322633712953407,0.2750409196703024,0.299717811574666,0.33184769536875475,0.07362186777026286,0.0828933052823988,0.2889144194223733,0.26170252726413096,0.08660966958994747,0.28769505893723557,0.13284853713580103,0.048919738858995365,0.24448455471463099,0.07407134459440969,0.002572868888238969,0.09839720361231584,0.24314737574011513,0.062115243546246916,0.09672252474253103,0.1522382046862392,0.06123647103640645,0.34816449554073414,0.3453314861853356,0.49559027606422573,0.09566369484679187,0.5,0.08220317831925908,0.30167897988134773,0.0,0.051316474965496725,0.0043041264340135344,0.22541463037843754,0.32400023369628295,0.40059683687120695,0.1449752780525348,0.23378915267081254,0.13581759340245425,0.09980179661159226,0.05353866700323115,0.0911091091567022,0.06952518627867847,0.30830411743983416,0.388032678658031,0.33876753435729196,0.0860439623431347,0.17687513988804637,0.3306770371400248,0.2592067958153557,0.7500601929760816,0.6928377413510434,0.7175146332554069,0.7496445170494956,0.49141868945100375,0.5006901269631397,0.7067112411031142,0.6794993489448719,0.5044064912706884,0.7054918806179765,0.550645358816542,0.46671656053973626,0.6622813763953719,0.4918681662751506,0.4203696905689799,0.5161940252930568,0.6609441974208561,0.4799120652269878,0.5145193464232719,0.5700350263669801,0.47903329271714734,0.7659613172214751,0.7631283078660765,0.9133870977449666,0.5134605165275328,0.917796821680741,0.5,0.7194758015620887,0.4177968216807409,0.46911329664623763,0.42210094811475446,0.6432114520591785,0.7417970553770239,0.8183936585519479,0.5627720997332757,0.6515859743515534,0.5536144150831952,0.5175986182923332,0.47133548868397207,0.5089059308374431,0.4873220079594194,0.726100939120575,0.8058295003387719,0.7565643560380328,0.5038407840238757,0.5946719615687873,0.7484738588207657,0.6770036174960966,0.530584391413993,0.4733619397889547,0.49803883169331825,0.530168715487407,0.27194288788891513,0.28121432540105107,0.48723543954102555,0.4600235473827832,0.2849306897085997,0.4860160790558878,0.3311695572544533,0.24724075897764763,0.44280557483328326,0.27239236471306194,0.20089388900689123,0.2967182237309681,0.4414683958587674,0.2604362636648992,0.2950435448611833,0.35055922480489143,0.2595574911550587,0.5464855156593864,0.5436525063039879,0.693911296182878,0.2939847149654441,0.6983210201186523,0.2805241984379113,0.5,0.19832102011865227,0.24963749508414898,0.20262514655266578,0.4237356504970898,0.5223212538149352,0.5989178569898592,0.34329629817118706,0.4321101727894648,0.3341386135211065,0.2981228167302445,0.2518596871218834,0.28943012927535444,0.26784620639733075,0.5066251375584864,0.5863536987766832,0.5370885544759443,0.284364982461787,0.37519616000669864,0.5289980572586771,0.45752781593400793,0.8322633712953408,0.7750409196703024,0.7997178115746659,0.8318476953687548,0.5828933052823988,0.7889144194223733,0.761702527264131,0.5866096695899474,0.7876950589372356,0.632848537135801,0.5489197388589954,0.744484554714631,0.5740713445944097,0.5025728688882389,0.5983972036123159,0.7431473757401151,0.5621152435462469,0.5967225247425311,0.6522382046862392,0.8481644955407341,0.8453314861853356,0.9955902760642257,0.5956636948467918,1.0,0.582203178319259,0.8016789798813477,0.5,0.5513164749654967,0.5043041264340136,0.7254146303784376,0.824000233696283,0.900596836871207,0.6449752780525349,0.7337891526708126,0.6358175934024543,0.5998017966115923,0.5535386670032312,0.5911091091567022,0.5695251862786784,0.8083041174398341,0.8880326786580309,0.838767534357292,0.5860439623431347,0.8306770371400248,0.7592067958153557,0.780946896329844,0.7237244447048057,0.7484013366091692,0.7805312204032581,0.5223053928047662,0.5315768303169021,0.7375979444568765,0.7103860522986343,0.5352931946244507,0.7363785839717388,0.5815320621703043,0.4976032638934986,0.6931680797491343,0.5227548696289129,0.45125639392274225,0.5470807286468191,0.6918309007746184,0.5107987685807502,0.5454060497770343,0.6009217297207424,0.5099199960709098,0.7968480205752374,0.7940150112198389,0.9442738010987289,0.5443472198812951,0.9486835250345034,0.5308867033537623,0.750362504915851,0.44868352503450326,0.5,0.4529876514685168,0.6740981554129408,0.7726837587307862,0.8492803619057102,0.5936588030870381,0.6824726777053158,0.5845011184369575,0.5484853216460955,0.5022221920377344,0.5397926341912055,0.5182087113131818,0.7569876424743375,0.8367162036925343,0.7874510593917953,0.534727487377638,0.6255586649225496,0.7793605621745281,0.7078903208498589,0.8279592448613272,0.7707367932362889,0.7954136851406525,0.8275435689347412,0.5785891788483852,0.7846102929883597,0.7573984008301174,0.582305543155934,0.6285444107017875,0.5446156124249818,0.7401804282806175,0.5697672181603961,0.4982687424542254,0.5940930771783023,0.7388432493061016,0.5578111171122334,0.5924183983085175,0.6479340782522256,0.8438603691067206,0.841027359751322,0.9912861496302121,0.5913595684127784,0.9956958735659865,0.5778990518852456,0.7973748534473342,0.4956958735659865,0.5470123485314832,0.721110503944424,0.8196961072622694,0.8962927104371934,0.6406711516185213,0.729485026236799,0.6315134669684407,0.5954976701775787,0.5492345405692176,0.5868049827226887,0.565221059844665,0.8039999910058206,0.8837285522240175,0.8344634079232784,0.5817398359091212,0.8263729107060113,0.7549026693813422,0.6068487409169032,0.5496262892918649,0.5743031811962285,0.6064330649903172,0.3482072373918253,0.35747867490396124,0.5634997890439357,0.5362878968856934,0.3611950392115099,0.562280428558798,0.40743390675736346,0.3235051084805578,0.5190699243361935,0.3486567142159721,0.2771582385098014,0.3729825732338783,0.5177327453616776,0.33670061316780936,0.3713078943640935,0.42682357430780166,0.3358218406579689,0.6227498651622966,0.619916855806898,0.7701756456857882,0.3702490644683543,0.7745853696215624,0.35678854794082154,0.5762643495029102,0.27458536962156244,0.3259018445870592,0.278889496055576,0.5,0.5985856033178454,0.6751822064927694,0.41956064767409723,0.508374522292375,0.4104029630240167,0.3743871662331547,0.3281240366247936,0.36569447877826466,0.3441105559002409,0.5828894870613966,0.6626180482795935,0.6133529039788544,0.36062933196469715,0.4514605095096088,0.6052624067615873,0.5337921654369181,0.5082631375990578,0.4510406859740195,0.47571757787838304,0.5078474616724719,0.24962163407397991,0.25889307158611585,0.46491418572609033,0.437702293567848,0.26260943589366453,0.4636948252409526,0.3088483034395181,0.22491950516271242,0.42048432101834804,0.2500711108981267,0.17857263519195601,0.2743969699160329,0.4191471420438322,0.23811500984996398,0.27272229104624807,0.3282379709899562,0.2372362373401235,0.5241642618444512,0.5213312524890527,0.6715900423679427,0.27166346115050893,0.675999766303717,0.25820294462297616,0.4776787461850648,0.17599976630371705,0.2273162412692138,0.1803038927377306,0.4014143966821546,0.5,0.576596603174924,0.32097504435625185,0.40978891897452957,0.3118173597061713,0.27580156291530933,0.2295384333069482,0.2671088754604192,0.24552495258239554,0.4843038837435512,0.564032444961748,0.5147673006610091,0.26204372864685177,0.3528749061917634,0.5066768034437419,0.43520656211907277,0.4316665344241338,0.37444408279909547,0.399120974703459,0.4312508584975478,0.17302503089905588,0.18229646841119185,0.38831758255116633,0.361105690392924,0.1860128327187405,0.38709822206602856,0.23225170026459407,0.1483229019877884,0.34388771784342403,0.17347450772320272,0.10197603201703201,0.19780036674110887,0.3425505388689082,0.16151840667503994,0.19612568787132406,0.2516413678150322,0.16063963416519947,0.44756765866952714,0.44473464931412865,0.5949934391930187,0.1950668579755849,0.599403163128793,0.18160634144805213,0.4010821430101408,0.09940316312879303,0.15071963809428976,0.10370728956280657,0.32481779350723056,0.423403396825076,0.5,0.24437844118132784,0.33319231579960557,0.23522075653124727,0.1992049597403853,0.15294183013202417,0.19051227228549522,0.1689283494074715,0.4077072805686272,0.48743584178682403,0.438170697486085,0.18544712547192774,0.2762783030168394,0.4300802002688178,0.3586099589441487,0.6872880932428059,0.6300656416177676,0.6547425335221312,0.68687241731622,0.42864658971772807,0.437918027229864,0.6439391413698385,0.6167272492115962,0.4416343915374127,0.6427197808847007,0.48787325908326623,0.40394446080646057,0.5995092766620962,0.4290960665418749,0.3575975908357042,0.45342192555978106,0.5981720976875803,0.41713996549371213,0.4517472466899962,0.5072629266337044,0.41626119298387165,0.7031892174881993,0.7003562081328008,0.8506149980116909,0.4506884167942571,0.8550247219474651,0.43722790026672426,0.656703701828813,0.3550247219474652,0.40634119691296194,0.3593288483814787,0.5804393523259027,0.6790249556437481,0.7556215588186722,0.5,0.5888138746182777,0.49084231534991946,0.4548265185590575,0.4085633889506963,0.4461338311041674,0.4245499082261437,0.6633288393872994,0.7430574006054962,0.6937922563047572,0.4410686842905999,0.5318998618355115,0.68570175908749,0.6142315177628209,0.5984742186245282,0.5412517669994898,0.5659286589038535,0.5980585426979422,0.33983271509945034,0.3491041526115863,0.5551252667515607,0.5279133745933184,0.3528205169191349,0.553905906266423,0.3990593844649885,0.31513058618818285,0.5106954020438185,0.34028219192359715,0.2687837162174264,0.3646080509415033,0.5093582230693026,0.3283260908754344,0.3629333720717185,0.41844905201542665,0.32744731836559393,0.6143753428699216,0.611542333514523,0.7618011233934132,0.3618745421759793,0.7662108473291874,0.34841402564844653,0.5678898272105352,0.2662108473291875,0.31752732229468417,0.270514973763201,0.491625477707625,0.5902110810254704,0.6668076842003944,0.4111861253817223,0.5,0.40202844073164173,0.3660126439407797,0.3197495143324186,0.35731995648588966,0.33573603360786597,0.5745149647690216,0.6542435259872185,0.6049783816864794,0.35225480967232214,0.44308598721723386,0.5968878844692123,0.5254176431445432,0.6964457778928865,0.6392233262678482,0.6639002181722117,0.6960301019663006,0.4378042743678086,0.44707571187994455,0.653096826019919,0.6258849338616768,0.45079207618749323,0.6518774655347813,0.4970309437333468,0.4131021454565411,0.6086669613121768,0.4382537511919554,0.36675527548578474,0.4625796102098616,0.6073297823376609,0.4262976501437927,0.46090493134007676,0.5164206112837849,0.4254188776339522,0.7123469021382799,0.7095138927828814,0.8597726826617714,0.45984610144433763,0.8641824065975457,0.44638558491680486,0.6658613864788935,0.36418240659754575,0.4154988815630425,0.36848653303155926,0.5895970369759833,0.6881826402938287,0.7647792434687527,0.5091576846500806,0.5979715592683583,0.5,0.463984203209138,0.4177210736007769,0.4552915157542479,0.43370759287622423,0.6724865240373799,0.7522150852555767,0.7029499409548378,0.45022636894068047,0.5410575464855921,0.6948594437375706,0.6233892024129014,0.7324615746837485,0.6752391230587101,0.6999160149630738,0.7320458987571625,0.4738200711586706,0.4830915086708065,0.689112622810781,0.6619007306525387,0.4868078729783552,0.6878932623256433,0.5330467405242088,0.4491179422474031,0.6446827581030388,0.47426954798281745,0.4027710722766467,0.4985954070007236,0.6433455791285229,0.46231344693465465,0.4969207281309388,0.5524364080746469,0.4614346744248142,0.7483626989291419,0.7455296895737433,0.8957884794526335,0.4958618982351996,0.9001982033884077,0.48240138170766683,0.7018771832697555,0.4001982033884077,0.45151467835390446,0.4045023298224213,0.6256128337668453,0.7241984370846907,0.8007950402596147,0.5451734814409426,0.6339873560592203,0.536015796790862,0.5,0.4537368703916389,0.49130731254510995,0.4697233896670862,0.7085023208282419,0.7882308820464388,0.7389657377456997,0.48624216573154244,0.5770733432764541,0.7308752405284326,0.6594049992037634,0.7787247042921096,0.7215022526670712,0.7461791445714349,0.7783090283655236,0.5200832007670317,0.5293546382791676,0.7353757524191421,0.7081638602608998,0.5330710025867164,0.7341563919340044,0.5793098701325698,0.49538107185576424,0.6909458877113999,0.5205326775911785,0.4490342018850078,0.5448585366090847,0.689608708736884,0.5085765765430158,0.5431838577392999,0.598699537683008,0.5076978040331753,0.794625828537503,0.7917928191821044,0.9420516090609946,0.5421250278435608,0.9464613329967688,0.528664511316028,0.7481403128781166,0.4464613329967689,0.49777780796226556,0.4507654594307824,0.6718759633752064,0.7704615666930518,0.8470581698679758,0.5914366110493037,0.6802504856675814,0.5822789263992231,0.5462631296083611,0.5,0.537570442153471,0.5159865192754474,0.754765450436603,0.8344940116547999,0.7852288673540608,0.5325052953399035,0.6233364728848152,0.7771383701367937,0.7056681288121246,0.7411542621386386,0.6839318105136002,0.7086087024179638,0.7407385862120526,0.48251275861356063,0.4917841961256966,0.697805310265671,0.6705934181074288,0.49550056043324525,0.6965859497805333,0.5417394279790988,0.4578106297022932,0.6533754455579288,0.4829622354377075,0.41146375973153676,0.5072880944556136,0.6520382665834129,0.4710061343895447,0.5056134155858288,0.5611290955295369,0.4701273618797043,0.7570553863840319,0.7542223770286334,0.9044811669075236,0.5045545856900897,0.9088908908432978,0.4910940691625569,0.7105698707246455,0.4088908908432978,0.4602073658087945,0.41319501727731134,0.6343055212217353,0.7328911245395807,0.8094877277145047,0.5538661688958326,0.6426800435141103,0.544708484245752,0.50869268745489,0.46242955784652895,0.5,0.47841607712197626,0.717195008283132,0.7969235695013288,0.7476584252005898,0.4949348531864325,0.5857660307313441,0.7395679279833226,0.6680976866586535,0.7627381850166622,0.7055157333916239,0.7301926252959875,0.7623225090900763,0.5040966814915844,0.5133681190037204,0.7193892331436949,0.6921773409854525,0.517084483311269,0.718169872658557,0.5633233508571226,0.4793945525803169,0.6749593684359525,0.5045461583157312,0.4330476826095605,0.5288720173336373,0.6736221894614367,0.49259005726756844,0.5271973384638525,0.5827130184075607,0.49171128475772796,0.7786393092620556,0.7758062999066572,0.9260650897855472,0.5261385085681134,0.9304748137213216,0.5126779920405806,0.7321537936026693,0.4304748137213215,0.48179128868681825,0.4347789401553351,0.655889444099759,0.7544750474176045,0.8310716505925285,0.5754500917738563,0.664263966392134,0.5662924071237758,0.5302766103329137,0.4840134807245527,0.5215839228780237,0.5,0.7387789311611557,0.8185074923793525,0.7692423480786135,0.5165187760644562,0.7611518508613463,0.6896816095366772,0.5239592538555066,0.46673680223046826,0.4914136941348318,0.5235435779289206,0.2653177503304287,0.27458918784256464,0.4806103019825391,0.4533984098242968,0.2783055521501133,0.4793909414974014,0.32454441969596687,0.2406156214191612,0.43618043727479683,0.2657672271545755,0.19426875144840483,0.2900930861724817,0.434843258300281,0.25381112610641277,0.28841840730269686,0.343934087246405,0.2529323535965723,0.5398603781008999,0.5370273687455015,0.6872861586243916,0.2873595774069577,0.6916958825601659,0.27389906087942495,0.4933748624415136,0.19169588256016584,0.24301235752566258,0.19600000899417938,0.4171105129386034,0.5156961162564488,0.5922927194313728,0.33667116061270064,0.42548503523097836,0.3275134759626201,0.2914976791717581,0.245234549563397,0.28280499171686807,0.26122106883884433,0.5,0.5797285612181968,0.5304634169174578,0.27773984490330056,0.3685710224482122,0.5223729197001906,0.45090267837552156,0.44423069263730974,0.38700824101227144,0.411685132916635,0.44381501671072376,0.18558918911223188,0.19486062662436784,0.4008817407643423,0.3736698486061,0.1985769909319165,0.3996623802792046,0.24481585847777007,0.16088706020096438,0.3564518760566,0.18603866593637872,0.114540190230208,0.21036452495428487,0.35511469708208415,0.17408256488821594,0.20868984608450006,0.26420552602820824,0.17320379237837547,0.46013181688270316,0.4572988075273046,0.6075575974061947,0.2076310161887609,0.6119673213419691,0.19417049966122812,0.41364630122331675,0.11196732134196903,0.16328379630746576,0.11627144777598257,0.3373819517204066,0.43596755503825196,0.512564158213176,0.2569425993945038,0.3457564740127816,0.24778491474442327,0.2117691179535613,0.16550598834520017,0.20307643049867122,0.1814925076206475,0.4202714387818032,0.5,0.45073485569926103,0.19801128368510373,0.2888424612300154,0.44264435848199385,0.37117411715732473,0.49349583693804877,0.4362733853130104,0.46095027721737397,0.4930801610114628,0.23485433341297088,0.24412577092510682,0.4501468850650813,0.422934992906839,0.24784213523265547,0.44892752457994356,0.29408100277850907,0.21015220450170338,0.40571702035733903,0.2353038102371177,0.16380533453094698,0.25962966925502384,0.4043798413828232,0.22334770918895494,0.25795499038523906,0.3134706703289472,0.22246893667911447,0.5093969611834421,0.5065639518280436,0.6568227417069338,0.25689616048949987,0.661232465642708,0.2434356439619671,0.4629114455240558,0.16123246564270802,0.21254894060820476,0.16553659207672156,0.38664709602114555,0.485232699338991,0.5618293025139149,0.30620774369524284,0.39502161831352056,0.2970500590451623,0.26103426225430026,0.21477113264593917,0.2523415747994102,0.2307576519213865,0.46953658308254215,0.549265144300739,0.5,0.24727642798584273,0.3381076055307544,0.4919095027827328,0.4204392614580637,0.7462194089522061,0.6889969573271677,0.7136738492315312,0.7458037330256201,0.48757790542712814,0.4968493429392641,0.7028704570792386,0.6756585649209963,0.5005657072468127,0.7016510965941009,0.5468045747926663,0.46287577651586065,0.6584405923714963,0.48802738225127495,0.41652890654510427,0.5123532412691811,0.6571034133969804,0.4760712812031122,0.5106785623993964,0.5661942423431044,0.47519250869327173,0.7621205331975994,0.7592875238422009,0.9095463137210911,0.5096197325036571,0.9139560376568653,0.4961592159761244,0.715635017538213,0.4139560376568653,0.465272512622362,0.41826016409087885,0.6393706680353028,0.7379562713531482,0.8145528745280722,0.5589313157094001,0.6477451903276779,0.5497736310593195,0.5137578342684576,0.46749470466009646,0.5050651468135675,0.48348122393554377,0.7222601550966995,0.8019887163148962,0.7527235720141573,0.5,0.5908311775449117,0.7446330747968901,0.673162833472221,0.6553882314072944,0.598165779782256,0.6228426716866196,0.6549725554807084,0.4060181653943524,0.6120392795343269,0.5848273873760846,0.4097345297019011,0.45597339724775465,0.372044598970949,0.3971962047063633,0.5662722358520688,0.41984738485448464,0.4753630647981928,0.6712893556526878,0.6684563462972892,0.8187151361761793,0.4187885549587455,0.8231248601119536,0.40532803843121273,0.6248038399933014,0.37444133507745037,0.5485394904903912,0.6471250938082366,0.7237216969831606,0.4681001381644884,0.5569140127827662,0.4589424535144079,0.4229266567235459,0.3766635271151848,0.4142339692686558,0.6314289775517877,0.7111575387699846,0.6618923944692456,0.40916882245508834,0.6538018972519785,0.5823316559273093,0.501586334155316,0.4443638825302776,0.46904077443464115,0.50117065822873,0.24294483063023806,0.252216268142374,0.4582373822823485,0.4310254901241062,0.25593263244992265,0.45701802179721074,0.30217149999577625,0.21824270171897056,0.4138075175746062,0.2433943074543849,0.17189583174821418,0.267720166472291,0.41247033860009036,0.23143820640622212,0.26604548760250624,0.3215611675462144,0.23055943389638164,0.5174874584007093,0.5146544490453108,0.664913238924201,0.26498665770676705,0.6693229628599752,0.2515261411792343,0.47100194274132295,0.1693229628599752,0.22063943782547193,0.17362708929398873,0.39473759323841273,0.49332319655625817,0.5699197997311821,0.31429824091251,0.40311211553078774,0.3051405562624295,0.26912475947156744,0.22286162986320635,0.2604320720166774,0.23884814913865368,0.4776270802998094,0.5573556415180062,0.5080904972172672,0.2553669252031099,0.3461981027480216,0.5,0.4285297586753309,0.573056575479985,0.5158341238549468,0.5405110157593103,0.572640899553399,0.31441507195490714,0.3236865094670431,0.5297076236070176,0.5024957314487752,0.32740287377459176,0.5284882631218799,0.3736417413204453,0.28971294304363965,0.48527775889927527,0.314864548779054,0.24336607307288327,0.33919040779696014,0.4839405799247594,0.3029084477308912,0.33751572892717535,0.3930314088708835,0.30202967522105073,0.5889576997253784,0.5861246903699799,0.73638348024887,0.33645689903143616,0.7407932041846443,0.3229963825039034,0.5424721840659921,0.2407932041846443,0.292109679150141,0.24509733061865785,0.46620783456308185,0.5647934378809273,0.6413900410558513,0.3857684822371791,0.47458235685545686,0.37661079758709853,0.34059500079623656,0.29433187118787546,0.3319023133413465,0.31031839046332277,0.5490973216244784,0.6288258828426753,0.5795607385419362,0.326837166527779,0.41766834407269066,0.5714702413246691,0.5,0.5,0.3944506067734345,0.7109524176045721,0.5037874780716237,0.47118250981971377,0.5506400062532781,0.5063662207404974,0.6933505533754337,0.698127720437916,0.49126994146122155,0.510463688713161,0.4313736525387425,0.47928544001978124,0.5808079154108488,0.5163594280199695,0.4649609888346921,0.6198201131004799,0.6382999727834782,0.7121722529432564,0.683905550851891,0.4636574140336842,0.6579118566371833,0.5574576364193292,0.6849335492001476,0.4299429487260133,0.8784049272237011,0.37840492722370117,0.5143291158821139,0.6291885134995066,0.5534373603714096,0.675286702240059,0.5194277221665453,0.4856568670305459,0.5303152994268007,0.45676228845095723,0.5889284546628135,0.5507270181534871,0.5754126861629304,0.4649609888346921,0.7277388358902421,0.4905960793560924,0.5354146660403835,0.6919631823940205,0.7028510932324497,0.7321257064232501,0.6866576157108244,0.7668029775360115,0.5337197744219021,0.6055493932265654,0.5,0.8165018108311376,0.6093368712981891,0.5767319030462792,0.6561893994798437,0.611915613967063,0.7988999466019991,0.8036771136644816,0.596819334687787,0.6160130819397265,0.5369230457653079,0.5848348332463467,0.6863573086374143,0.6219088212465349,0.5705103820612576,0.7253695063270453,0.7438493660100436,0.8177216461698218,0.7894549440784564,0.7634612498637487,0.6630070296458948,0.790482942426713,0.5354923419525788,0.9839543204502665,0.48395432045026665,0.6198785091086795,0.734737906726072,0.658986753597975,0.7808360954666245,0.5912062602571113,0.6358646926533662,0.6944778478893789,0.6562764113800525,0.6809620793894958,0.5705103820612576,0.8332882291168076,0.640964059266949,0.797512575620586,0.8084004864590152,0.8376750996498157,0.7922070089373898,0.872352370762577,0.2890475823954279,0.18349818916886246,0.5,0.2928350604670516,0.26023009221514165,0.3396875886487061,0.29541380313592536,0.4823981357708616,0.487175302833344,0.28031752385664943,0.2995112711085889,0.2204212349341704,0.2683330224152091,0.3698554978062767,0.30540701041539736,0.25400857123012,0.4088676954959078,0.42734755517890605,0.5012198353386843,0.47295313324731886,0.2527049964291121,0.4469594390326112,0.34650521881475715,0.4739811315955755,0.2189905311214412,0.667452509619129,0.16745250961912908,0.3033766982775419,0.41823609589493443,0.3424849427668375,0.4643342846354869,0.3084753045619732,0.27470444942597383,0.3193628818222286,0.24580987084638514,0.37797603705824145,0.339774600548915,0.3644602685583583,0.25400857123012,0.5167864182856701,0.2796436617515203,0.3244622484358114,0.48101076478944843,0.4918986756278776,0.5211732888186781,0.4757051981062523,0.5558505599314394,0.32276735681733004,0.49621252192837634,0.39066312870181086,0.7071649395329485,0.5,0.46739503174809005,0.5468525281816545,0.5025787426688738,0.68956307530381,0.6943402423662924,0.48748246338959783,0.5066762106415373,0.4275861744671188,0.4754979619481576,0.5770204373392251,0.5125719499483458,0.46117351076306845,0.6160326350288562,0.6345124947118544,0.7083847748716326,0.6801180727802673,0.45986993596206055,0.6541243785655596,0.5536701583477055,0.6811460711285239,0.4261554706543896,0.8746174491520776,0.3746174491520775,0.5105416378104903,0.6254010354278828,0.5496498822997858,0.6714992241684353,0.5156402440949216,0.48186938895892223,0.5265278213551771,0.45297481037933357,0.5851409765911898,0.5469395400818634,0.5716252080913067,0.46117351076306845,0.7239513578186184,0.4868086012844687,0.5316271879687599,0.6881757043223968,0.699063615160826,0.7283382283516265,0.6828701376392007,0.7630154994643877,0.5299322963502785,0.5288174901802862,0.4232680969537208,0.7397699077848584,0.53260496825191,0.5,0.5794574964335645,0.5351837109207838,0.72216804355572,0.7269452106182024,0.5200874316415078,0.5392811788934473,0.4601911427190287,0.5081029302000675,0.6096254055911351,0.5451769182002557,0.49377847901497834,0.6486376032807661,0.6671174629637644,0.7409897431235426,0.7127230410321772,0.49247490421397044,0.6867293468174696,0.5862751265996154,0.7137510393804338,0.45876043890629953,0.9072224174039875,0.4072224174039874,0.5431466060624003,0.6580060036797928,0.5822548505516958,0.7041041924203453,0.5482452123468315,0.5144743572108321,0.559132789607087,0.4855797786312435,0.6177459448430997,0.5795445083337734,0.6042301763432166,0.49377847901497834,0.7565563260705284,0.5194135695363786,0.5642321562206698,0.7207806725743068,0.731668583412736,0.7609431966035364,0.7154751058911106,0.7956204677162977,0.5625372646021884,0.4493599937467218,0.3438106005201564,0.6603124113512939,0.4531474718183455,0.4205425035664356,0.5,0.4557262144872193,0.6427105471221555,0.6474877141846379,0.44062993520794336,0.4598236824598828,0.3807336462854643,0.42864543376650305,0.5301679091575706,0.4657194217666913,0.4143209825814139,0.5691801068472017,0.5876599665302,0.6615322466899782,0.6332655445986127,0.413017407780406,0.6072718503839051,0.5068176301660511,0.6342935429468693,0.3793029424727351,0.827764920970423,0.327764920970423,0.4636891096288358,0.5785485072462283,0.5027973541181314,0.6246466959867808,0.4687877159132671,0.43501686077726776,0.47967529317352253,0.4061222821976791,0.5382884484095354,0.5000870119002089,0.5247726799096522,0.4143209825814139,0.677098829636964,0.4399560731028142,0.4847746597871053,0.6413231761407423,0.6522110869791715,0.681485700169972,0.6360176094575462,0.7161629712827332,0.48307976816862397,0.4936337792595025,0.3880843860329371,0.7045861968640746,0.49742125733112624,0.4648162890792163,0.5442737855127807,0.5,0.6869843326349362,0.6917614996974186,0.4849037207207241,0.5040974679726635,0.425007431798245,0.47291921927928376,0.5744416946703513,0.5099932072794721,0.45859476809419464,0.6134538923599824,0.6319337520429806,0.705806032202759,0.6775393301113934,0.45729119329318674,0.6515456358966858,0.5510914156788318,0.6785673284596501,0.4235767279855158,0.8720387064832037,0.3720387064832037,0.5079628951416165,0.622822292759009,0.5470711396309121,0.6689204814995615,0.5130615014260478,0.4792906462900484,0.5239490786863032,0.45039606771045976,0.5825622339223161,0.5443607974129896,0.5690464654224329,0.45859476809419464,0.7213726151497447,0.4842298586155949,0.529048445299886,0.685596961653523,0.6964848724919522,0.7257594856827527,0.6802913949703269,0.7604367567955139,0.5273535536814047,0.3066494466245663,0.20110005339800083,0.5176018642291383,0.31043692469619,0.27783195644428005,0.35728945287784447,0.31301566736506375,0.5,0.5047771670624824,0.29791938808578783,0.3171131353377273,0.23802309916330877,0.2859348866443475,0.3874573620354151,0.32300887464453576,0.2716104354592584,0.42646955972504613,0.44494941940804444,0.5188216995678226,0.4905549974764572,0.2703068606582505,0.4645613032617496,0.36410708304389555,0.4915829958247139,0.2365923953505796,0.6850543738482675,0.18505437384826748,0.3209785625066803,0.43583796012407283,0.3600868069959759,0.4819361488646253,0.3260771687911116,0.2923063136551122,0.336964746051367,0.26341173507552357,0.39557790128737985,0.3573764647780534,0.3820621327874967,0.2716104354592584,0.5343882825148084,0.2972455259806587,0.3420641126649498,0.49861262901858683,0.509500539857016,0.5387751530478164,0.4933070623353907,0.5734524241605777,0.34036922104646844,0.3018722795620839,0.19632288633551845,0.512824697166656,0.3056597576337076,0.27305478938179767,0.3525122858153621,0.3082385003025814,0.4952228329375176,0.5,0.29314222102330545,0.3123359682752449,0.2332459321008264,0.28115771958186514,0.3826801949729327,0.3182317075820534,0.266833268396776,0.42169239266256375,0.44017225234556207,0.5140445325053403,0.4857778304139748,0.2655296935957681,0.4597841361992672,0.3593299159814132,0.4868058287622315,0.2318152282880972,0.6802772067857851,0.1802772067857851,0.3162013954441979,0.43106079306159045,0.3553096399334935,0.47715898180214295,0.3213000017286292,0.28752914659262985,0.3321875789888846,0.2586345680130412,0.3908007342248975,0.352599297715571,0.3772849657250143,0.266833268396776,0.5296111154523261,0.2924683589181763,0.3372869456024674,0.49383546195610445,0.5047233727945336,0.5339979859853341,0.4885298952729083,0.5686752570980953,0.33559205398398606,0.5087300585387785,0.403180665312213,0.7196824761433506,0.5125175366104021,0.4799125683584922,0.5593700647920566,0.5150962792792759,0.7020806119142121,0.7068577789766946,0.5,0.5191937472519395,0.44010371107752094,0.4880154985585597,0.5895379739496273,0.525089486558748,0.47369104737347056,0.6285501716392583,0.6470300313222567,0.7209023114820349,0.6926356093906694,0.47238747257246266,0.6666419151759617,0.5661876949581077,0.693663607738926,0.43867300726479175,0.8871349857624795,0.3871349857624796,0.5230591744208924,0.637918572038285,0.5621674189101881,0.6840167607788374,0.5281577807053237,0.4943869255693244,0.5390453579655792,0.46549234698973574,0.597658513201592,0.5594570766922655,0.5841427447017088,0.47369104737347056,0.7364688944290206,0.49932613789487085,0.544144724579162,0.7006932409327989,0.7115811517712282,0.7408557649620287,0.6953876742496029,0.7755330360747898,0.5424498329606806,0.489536311286839,0.3839869180602735,0.7004887288914111,0.49332378935846266,0.46071882110655277,0.5401763175401172,0.4959025320273365,0.6828868646622727,0.6876640317247551,0.48080625274806055,0.5,0.4209099638255815,0.46882175130662024,0.5703442266976878,0.5058957393068084,0.4544973001215311,0.6093564243873189,0.6278362840703171,0.7017085642300954,0.6734418621387299,0.4531937253205232,0.6474481679240223,0.5469939477061683,0.6744698604869865,0.4194792600128523,0.8679412385105403,0.36794123851054017,0.503865427168953,0.6187248247863455,0.5429736716582486,0.664823013526898,0.5089640334533843,0.4751931783173849,0.5198516107136397,0.44629859973779623,0.5784647659496526,0.5402633294403261,0.5649489974497693,0.4544973001215311,0.7172751471770812,0.4801323906429314,0.5249509773272225,0.6814994936808595,0.6923874045192887,0.7216620177100892,0.6761939269976633,0.7563392888228504,0.5232560857087412,0.5686263474612575,0.4630769542346921,0.7795787650658296,0.5724138255328812,0.5398088572809713,0.6192663537145356,0.5749925682017549,0.7619769008366912,0.7667540678991736,0.559896288922479,0.5790900361744186,0.5479117874810387,0.6494342628721063,0.584985775481227,0.5335873362959497,0.6884464605617374,0.7069263202447357,0.7807986004045139,0.7525318983131485,0.7265382040984408,0.6260839838805867,0.7535598966614051,0.4985692961872708,0.9470312746849587,0.5829554633433714,0.6978148609607641,0.6220637078326671,0.7439130497013166,0.5542832144918034,0.5989416468880583,0.657554802124071,0.6193533656147446,0.6440390336241879,0.5335873362959497,0.7963651833514996,0.604041013501641,0.7605895298552781,0.7714774406937073,0.8007520538845077,0.7552839631720819,0.835429324997269,0.5207145599802188,0.4151651667536533,0.7316669775847908,0.5245020380518425,0.49189706979993253,0.5713545662334969,0.5270807807207162,0.7140651133556525,0.7188422804181348,0.5119845014414403,0.5311782486933797,0.45208821251896125,0.5,0.6015224753910675,0.5370739880001882,0.4856755488149109,0.6405346730806987,0.6590145327636969,0.7328868129234751,0.7046201108321097,0.484371974013903,0.6786264166174021,0.578172196399548,0.7056481091803664,0.45065750870623206,0.8991194872039199,0.39911948720391993,0.5350436758623327,0.6499030734797253,0.5741519203516283,0.6960012622202778,0.5401422821467641,0.5063714270107647,0.5510298594070194,0.477476848431176,0.6096430146430323,0.5714415781337059,0.5961272461431492,0.4856755488149109,0.7484533958704609,0.5113106393363112,0.5561292260206022,0.7126777423742393,0.7235656532126684,0.7528402664034689,0.7073721756910432,0.7875175375162302,0.5544343344021209,0.4191920845891512,0.31364269136258577,0.6301445021937233,0.4229795626607749,0.39037459440886496,0.4698320908424294,0.42555830532964867,0.6125426379645849,0.6173198050270673,0.41046202605037274,0.4296557733023122,0.3505657371278937,0.39847752460893243,0.5,0.4355515126091207,0.3841530734238433,0.539012197689631,0.5574920573726294,0.6313643375324076,0.6030976354410421,0.3828494986228354,0.5771039412263345,0.47664972100848046,0.6041256337892987,0.3491350333151645,0.7975970118128524,0.29759701181285236,0.4335212004712652,0.5483805980886577,0.4726294449605608,0.5944787868292102,0.4386198067556965,0.40484895161969714,0.4495073840159519,0.3759543730401085,0.5081205392519648,0.4699191027426383,0.4946047707520816,0.3841530734238433,0.6469309204793934,0.4097881639452436,0.4546067506295347,0.6111552669831717,0.6220431778216009,0.6513177910124014,0.6058497002999756,0.6859950621251626,0.45291185901105335,0.4836405719800305,0.3780911787534651,0.6945929895846026,0.48742805005165424,0.4548230817997443,0.5342805782333087,0.490006792720528,0.6769911253554642,0.6817682924179466,0.47491051344125207,0.4941042606931915,0.415014224518773,0.46292601199981176,0.5644484873908793,0.5,0.44860156081472263,0.6034606850805104,0.6219405447635087,0.6958128249232869,0.6675461228319215,0.44729798601371473,0.6415524286172138,0.5410982083993597,0.6685741211801781,0.4135835207060438,0.8620454992037317,0.3620454992037317,0.4979696878621445,0.6128290854795371,0.5370779323514401,0.6589272742200896,0.5030682941465758,0.4692974390105764,0.5139558714068313,0.44040286043098775,0.572569026642844,0.5343675901335176,0.5590532581429609,0.44860156081472263,0.7113794078702727,0.4742366513361229,0.519055238020414,0.6756037543740511,0.6864916652124803,0.7157662784032807,0.6702981876908549,0.750443549516042,0.5173603464019326,0.5350390111653078,0.4294896179387424,0.74599142876988,0.5388264892369315,0.5062215209850216,0.5856790174185861,0.5414052319058054,0.7283895645407416,0.733166731603224,0.5263089526265294,0.5455026998784689,0.4664126637040504,0.5143244511850891,0.6158469265761567,0.5513984391852773,0.5,0.6548591242657877,0.673338983948786,0.7472112641085643,0.7189445620171988,0.4986964251989921,0.6929508678024912,0.5924966475846372,0.7199725603654554,0.4649819598913212,0.9134439383890092,0.41344393838900906,0.5493681270474219,0.6642275246648144,0.5884763715367175,0.7103257134053669,0.5544667333318531,0.5206958781958538,0.5653543105921086,0.4918012996162651,0.6239674658281215,0.585766029318795,0.6104516973282382,0.5,0.7627778470555501,0.5256350905214002,0.5704536772056914,0.7270021935593284,0.7378901043977576,0.7671647175885581,0.7216966268761322,0.8018419887013193,0.56875878558721,0.38017988689952015,0.27463049367295467,0.5911323045040923,0.3839673649711438,0.35136239671923386,0.43081989315279834,0.3865461076400176,0.5735304402749538,0.5783076073374362,0.3714498283607417,0.39064357561268115,0.31155353943826264,0.3594653269193014,0.46098780231036895,0.3965393149194896,0.34514087573421226,0.5,0.5184798596829983,0.5923521398427766,0.5640854377514111,0.34383730093320436,0.5380917435367034,0.43763752331884936,0.5651134360996677,0.31012283562553344,0.7585848141232213,0.2585848141232213,0.39450900278163414,0.5093684003990266,0.4336172472709297,0.5554665891395791,0.3996076090660654,0.36583675393006604,0.41049518632632087,0.3369421753504774,0.46910834156233366,0.4309069050530072,0.4555925730624505,0.34514087573421226,0.6079187227897623,0.3707759662556125,0.41559455293990366,0.5721430692935406,0.5830309801319699,0.6123055933227703,0.5668375026103445,0.6469828644355315,0.4138996613214223,0.36170002721652184,0.2561506339899564,0.5726524448210939,0.36548750528814555,0.3328825370362356,0.4123400334698,0.3680662479570193,0.5550505805919556,0.5598277476544379,0.3529699686777434,0.37216371592968284,0.2930736797552643,0.3409854672363031,0.44250794262737064,0.3780594552364913,0.32666101605121395,0.4815201403170017,0.5,0.5738722801597782,0.5456055780684128,0.32535744125020605,0.5196118838537052,0.4191576636358511,0.5466335764166694,0.29164297594253513,0.7401049544402231,0.240104954440223,0.37602914309863583,0.49088854071602833,0.41513738758793145,0.5369867294565809,0.38112774938306715,0.3473568942470677,0.39201532664332256,0.31846231566747907,0.4506284818793354,0.41242704537000896,0.43711271337945223,0.32666101605121395,0.589438863106764,0.35229610657261423,0.39711469325690535,0.5536632096105424,0.5645511204489716,0.593825733639772,0.5483576429273462,0.6285030047525333,0.395419801638424,0.28782774705674363,0.18227835383017815,0.4987801646613157,0.2916152251283673,0.25901025687645735,0.3384677533100218,0.2941939677972411,0.4811783004321773,0.4859554674946597,0.2790976885179651,0.29829143576990463,0.2192013995954861,0.26711318707652487,0.3686356624675924,0.3041871750767131,0.25278873589143575,0.4076478601572235,0.4261277198402218,0.5,0.47173329790863455,0.25148516109042784,0.4457396036939269,0.34528538347607285,0.4727612962568912,0.2177706957827569,0.6662326742804447,0.16623267428044478,0.30215686293885763,0.41701626055625013,0.3412651074281532,0.4631144492968026,0.3072554692232889,0.2734846140872895,0.31814304648354436,0.24459003550770086,0.37675620171955715,0.3385547652102307,0.363240433219674,0.25278873589143575,0.5155665829469858,0.278423826412836,0.3232424130971271,0.4797909294507641,0.49067884028919334,0.5199534534799938,0.474485362767568,0.5546307245927551,0.32154752147864574,0.3160944491481091,0.2105450559215436,0.5270468667526812,0.31988192721973274,0.2872769589678228,0.36673445540138727,0.32246066988860655,0.5094450025235427,0.5142221695860252,0.30736439060933063,0.3265581378612701,0.24746810168685154,0.2953798891678903,0.3969023645589579,0.33245387716807856,0.2810554379828012,0.43591456224858893,0.45439442193158724,0.5282667020913655,0.5,0.2797518631817933,0.47400630578529235,0.3735520855674383,0.5010279983482566,0.24603739787412238,0.6944993763718103,0.19449937637181025,0.3304235650302231,0.4452829626476156,0.36953180951951864,0.4913811513881681,0.33552217131465434,0.30175131617865497,0.3464097485749098,0.2728567375990663,0.4050229038109226,0.36682146730159615,0.3915071353110394,0.2810554379828012,0.5438332850383513,0.3066905285042014,0.3515091151884926,0.5080576315421296,0.5189455423805588,0.5482201555713593,0.5027520648589334,0.5828974266841205,0.34981422357001124,0.5363425859663158,0.7472950035708879,0.5401300640379395,0.5075250957860296,0.5869825922195939,0.5427088067068132,0.7296931393417495,0.7344703064042318,0.5276125274275373,0.5468062746794767,0.515628025986097,0.6171505013771645,0.5527020139862853,0.501303574801008,0.6561626990667957,0.674642558749794,0.7485148389095722,0.7202481368182068,0.6942544426034991,0.593800222385645,0.7212761351664634,0.4662855346923291,0.914747513190017,0.5506717018484297,0.6655310994658223,0.5897799463377253,0.7116292882063748,0.5219994529968617,0.5666578853931165,0.6252710406291293,0.5870696041198029,0.6117552721292462,0.501303574801008,0.7640814218565579,0.5717572520066992,0.7283057683603363,0.7391936791987654,0.7684682923895659,0.7230002016771402,0.8031455635023272,0.3420881433628167,0.23653875013625125,0.5530405609673887,0.3458756214344404,0.31327065318253045,0.39272814961609487,0.34845436410331415,0.5354386967382504,0.5402158638007328,0.3333580848240382,0.3525518320759777,0.27346179590155917,0.3213735833825979,0.4228960587736655,0.35844757138278616,0.3070491321975088,0.46190825646329653,0.48038811614629484,0.554260396306073,0.5259936942147077,0.3057455573965009,0.5,0.39954577978214595,0.5270216925629643,0.27203109208883,0.7204930705865179,0.22049307058651788,0.3564172592449307,0.47127665686232323,0.3955255037342263,0.5173748456028757,0.361515865529362,0.3277450103933626,0.3724034427896174,0.29885043181377396,0.43101659802563025,0.3928151615163038,0.4175008295257471,0.3070491321975088,0.5698269792530588,0.3326842227189091,0.3775028094032002,0.5340513257568372,0.5449392365952664,0.5742138497860668,0.5287457590736411,0.6088911208988281,0.37580791778471884,0.4425423635806708,0.3369929703541053,0.6534947811852428,0.44632984165229445,0.4137248734003845,0.4931823698339489,0.4489085843211682,0.6358929169561045,0.6406700840185868,0.4338123050418923,0.4530060522938318,0.3739160161194132,0.421827803600452,0.5233502789915195,0.4589017916006402,0.4075033524153629,0.5623624766811506,0.580842336364149,0.6547146165239272,0.6264479144325616,0.406199777614355,0.6004542202178541,0.5,0.6274759127808183,0.3724853123066841,0.8209472908043719,0.32094729080437195,0.4568714794627847,0.5717308770801772,0.49597972395208034,0.6178290658207298,0.46197008574721604,0.4281992306112167,0.47285766300747145,0.399304652031628,0.5314708182434843,0.49326938173415785,0.5179550497436011,0.4075033524153629,0.6702811994709129,0.4331384429367631,0.47795702962105424,0.6345055459746913,0.6453934568131204,0.6746680700039209,0.6291999792914952,0.7093453411166822,0.4762621380025729,0.31506645079985246,0.20951705757328698,0.5260188684044246,0.3188539288714761,0.2862489606195662,0.3657064570531306,0.32143267154034993,0.5084170041752861,0.5131941712377686,0.30633639226107395,0.32553013951301346,0.24644010333859492,0.2943518908196337,0.3958743662107012,0.33142587881982194,0.2800274396345446,0.4348865639003323,0.4533664235833306,0.5272387037431088,0.4989720016517434,0.27872386483353667,0.4729783074370357,0.3725240872191817,0.5,0.24500939952586573,0.6934713780235536,0.1934713780235536,0.3293955666819664,0.44425496429935896,0.368503811171262,0.49035315303991145,0.3344941729663977,0.30072331783039835,0.3453817502266532,0.2718287392508097,0.403994905462666,0.36579346895333953,0.3904791369627828,0.2800274396345446,0.5428052866900946,0.3056625301559448,0.3504811168402359,0.507029633193873,0.5179175440323022,0.5471921572231027,0.5017240665106768,0.5818694283358639,0.34878622522175456,0.5700570512739868,0.4645076580474212,0.7810094688785588,0.5738445293456104,0.5412395610937004,0.6206970575272649,0.5764232720144842,0.7634076046494204,0.7681847717119028,0.5613269927352083,0.5805207399871477,0.5014307038127291,0.549342491293768,0.6508649666848355,0.5864164792939561,0.5350180401086788,0.6898771643744666,0.7083570240574648,0.7822293042172431,0.7539626021258776,0.533714465307671,0.72796890791117,0.627514687693316,0.7549906004741342,0.5,0.9484619784976878,0.4484619784976879,0.5843861671561007,0.6992455647734932,0.6234944116453963,0.7453437535140457,0.589484773440532,0.5557139183045327,0.6003723507007874,0.526819339724944,0.6589855059368003,0.6207840694274738,0.645469737436917,0.5350180401086788,0.7977958871642289,0.560653130630079,0.6054717173143702,0.7620202336680072,0.7729081445064364,0.8021827576972369,0.756714666984811,0.8368600288099981,0.6037768256958889,0.12159507277629883,0.016045679549733374,0.33254749038087095,0.12538255084792252,0.09277758259601257,0.17223507902957702,0.1279612935167963,0.31494562615173255,0.31972279321421493,0.11286501423752036,0.13205876148945983,0.052968725315041314,0.10088051279608007,0.2024029881871476,0.1379545007962683,0.08655606161099094,0.24141518587677868,0.259895045559777,0.3337673257195552,0.30550062362818975,0.08525248680998304,0.27950692941348215,0.17905270919562807,0.30652862197644637,0.051538021502312126,0.5,0.0,0.13592418865841283,0.2507835862758053,0.17503243314770842,0.2968817750163579,0.14102279494284412,0.10725193980684473,0.15191037220309955,0.07835736122725608,0.21052352743911237,0.17232209092978593,0.1970077589392292,0.08655606161099094,0.34933390866654096,0.1121911521323912,0.15700973881668231,0.3135582551703194,0.32444616600874854,0.35372077919954903,0.3082526884871232,0.3883980503123103,0.155314847198201,0.6215950727762989,0.5160456795497333,0.832547490380871,0.6253825508479225,0.5927775825960125,0.672235079029577,0.6279612935167963,0.8149456261517325,0.8197227932142149,0.6128650142375204,0.6320587614894598,0.6008805127960801,0.7024029881871476,0.6379545007962683,0.5865560616109909,0.7414151858767787,0.7598950455597769,0.8337673257195553,0.8055006236281897,0.7795069294134821,0.6790527091956281,0.8065286219764464,0.5515380215023121,1.0,0.6359241886584128,0.7507835862758053,0.6750324331477084,0.7968817750163578,0.6072519398068448,0.6519103722030996,0.7105235274391124,0.6723220909297859,0.6970077589392292,0.5865560616109909,0.849333908666541,0.6570097388166823,0.8135582551703193,0.8244461660087485,0.853720779199549,0.8082526884871232,0.8883980503123102,0.485670884117886,0.3801214908913206,0.6966233017224581,0.4894583621895097,0.45685339393759977,0.5363108903711642,0.4920371048583835,0.6790214374933197,0.6837986045558021,0.47694082557910755,0.496134572831047,0.4170445366566285,0.46495632413766724,0.5664787995287348,0.5020303121378555,0.4506318729525781,0.6054909972183659,0.6239708569013642,0.6978431370611424,0.6695764349697769,0.4493282981515702,0.6435827407550693,0.5431285205372153,0.6706044333180335,0.4156138328438993,0.8640758113415872,0.3640758113415872,0.5,0.6148593976173925,0.5391082444892956,0.660957586357945,0.5050986062844313,0.47132775114843195,0.5159861835446867,0.4424331725688433,0.5745993387806996,0.5363979022713731,0.5610835702808163,0.4506318729525781,0.7134097200081282,0.4762669634739784,0.5210855501582695,0.6776340665119065,0.6885219773503357,0.7177965905411362,0.6723284998287103,0.7524738616538974,0.5193906585397882,0.3708114865004935,0.265262093273928,0.5817639041050656,0.37459896457211717,0.3419939963202072,0.4214514927537717,0.377177707240991,0.5641620398759272,0.5689392069384096,0.362081427961715,0.3812751752136545,0.302185139039236,0.35009692652027474,0.45161940191134226,0.387170914520463,0.3357724753351856,0.49063159960097336,0.5091114592839716,0.5829837394437499,0.5547170373523844,0.3344689005341777,0.5287233431376768,0.4282691229198227,0.555745035700641,0.3007544352265068,0.7492164137241947,0.24921641372419465,0.3851406023826075,0.5,0.42424884687190306,0.5460981887405525,0.39023920866703876,0.3564683535310394,0.4011267859272942,0.32757377495145074,0.459739941163307,0.4215385046539806,0.44622417266342385,0.3357724753351856,0.5985503223907357,0.36140756585658584,0.40622615254087696,0.562774668894514,0.5736625797329432,0.6029371929237437,0.5574691022113178,0.6376144640365049,0.4045312609223956,0.44656263962859044,0.34101324640202496,0.6575150572331625,0.4503501177002141,0.41774514944830415,0.4972026458818686,0.45292886036908786,0.6399131930040242,0.6446903600665065,0.43783258108981193,0.45702632834175144,0.3779362921673329,0.4258480796483717,0.5273705550394392,0.46292206764855987,0.41152362846328255,0.5663827527290702,0.5848626124120686,0.6587348925718468,0.6304681904804813,0.41022005366227465,0.6044744962657738,0.5040202760479197,0.6314961888287379,0.37650558835460374,0.8249675668522916,0.3249675668522916,0.4608917555107044,0.5757511531280969,0.5,0.6218493418686495,0.4659903617951357,0.43221950665913633,0.4768779390553911,0.4033249280795477,0.535491094291404,0.4972896577820775,0.5219753257915207,0.41152362846328255,0.6743014755188326,0.4371587189846828,0.4819773056689739,0.638525822022611,0.6494137328610401,0.6786883460518406,0.6332202553394148,0.7133656171646019,0.48028241405049255,0.32471329775994096,0.2191639045333755,0.535665715364513,0.3285007758315647,0.2958958075796547,0.37535330401321915,0.33107951850043843,0.5180638511353747,0.5228410181978571,0.3159832392211625,0.33517698647310196,0.25608695029868345,0.3039987377797222,0.40552121317078976,0.34107272577991044,0.28967428659463307,0.4445334108604208,0.4630132705434191,0.5368855507031973,0.5086188486118319,0.28837071179362517,0.4826251543971243,0.3821709341792702,0.5096468469600886,0.25465624648595425,0.7031182249836422,0.20311822498364215,0.33904241364205495,0.4539018112594475,0.37815065813135057,0.5,0.34414101992648627,0.3103701647904869,0.3550285971867417,0.28147558621089824,0.4136417524227545,0.3754403159134281,0.40012598392287135,0.28967428659463307,0.5524521336501831,0.31530937711603335,0.36012796380032447,0.5166764801539615,0.5275643909923907,0.5568390041831911,0.5113709134707654,0.5915162752959524,0.3584330721818431,0.48057227783345474,0.6915246954380269,0.4843597559050784,0.45175478765316845,0.5312122840867329,0.48693849857395216,0.6739228312088884,0.6786999982713708,0.47184221929467624,0.49103596654661574,0.459857717853236,0.5613801932443035,0.49693170585342417,0.44553326666814685,0.6003923909339346,0.6188722506169329,0.692744530776711,0.6644778286853457,0.638484134470638,0.538029914252784,0.6655058270336023,0.41051522655946804,0.8589772050571559,0.4949013937155687,0.6097607913329612,0.5340096382048644,0.6558589800735137,0.46622914486400063,0.5108875772602555,0.5695007324962682,0.5312992959869418,0.5559849639963851,0.44553326666814685,0.7083111137236968,0.5159869438738383,0.6725354602274752,0.6834233710659045,0.7126979842567049,0.6672298935442791,0.7473752553694661,0.5143431329694541,0.40879373974288863,0.7252955505740262,0.5181306110410778,0.4855256427891678,0.5649831392227322,0.5207093537099515,0.7076936863448878,0.7124708534073702,0.5056130744306756,0.524806821682615,0.4457167855081966,0.49362857298923535,0.5951510483803029,0.5307025609894236,0.4793041218041462,0.6341632460699339,0.6526431057529323,0.7265153859127105,0.698248683821345,0.4780005470031383,0.6722549896066374,0.5718007693887833,0.6992766821696017,0.4442860816954674,0.8927480601931551,0.3927480601931553,0.528672248851568,0.6435316464689605,0.5677804933408637,0.6896298352095132,0.5337708551359994,0.5,0.5446584323962548,0.47110542142041134,0.6032715876322676,0.5650701511229412,0.5897558191323845,0.4793041218041462,0.7420819688596962,0.5049392123255465,0.5497577990098376,0.7063063153634747,0.7171942262019038,0.7464688393927043,0.7010007486802785,0.7811461105054656,0.5480629073913562,0.4696847005731993,0.36413530734663385,0.6806371181777714,0.473472178644823,0.44086721039291304,0.5203247068264775,0.47605092131369675,0.6630352539486329,0.6678124210111154,0.4609546420344208,0.4801483892863603,0.40105835311194177,0.4489701405929805,0.5504926159840481,0.48604412859316876,0.4346456894078914,0.5895048136736791,0.6079846733566774,0.6818569535164557,0.6535902514250902,0.4333421146068835,0.6275965572103825,0.5271423369925285,0.6546182497733468,0.3996276492992126,0.8480896277969004,0.34808962779690045,0.4840138164553133,0.5988732140727058,0.5231220609446089,0.6449714028132583,0.48911242273974453,0.45534156760374517,0.5,0.4264469890241565,0.5586131552360128,0.5204117187266863,0.5450973867361296,0.4346456894078914,0.6974235364634415,0.4602807799292917,0.5050993666135828,0.6616478829672198,0.672535793805649,0.7018104069964495,0.6563423162840236,0.7364876781092107,0.5034044749951014,0.5432377115490428,0.7541901291536148,0.5470251896206665,0.5144202213687565,0.5938777178023209,0.5496039322895402,0.7365882649244765,0.7413654319869588,0.5345076530102643,0.5537014002622037,0.522523151568824,0.6240456269598915,0.5595971395690122,0.5081987003837348,0.6630578246495226,0.6815376843325209,0.7554099644922991,0.7271432624009336,0.7011495681862261,0.600695347968372,0.7281712607491904,0.47318066027505606,0.921642638772744,0.5575668274311567,0.6724262250485492,0.5966750719204523,0.7185244137891018,0.5288945785795887,0.5735530109758434,0.6321661662118563,0.5939647297025299,0.6186503977119732,0.5081987003837348,0.7709765474392849,0.5786523775894262,0.7352008939430633,0.7460888047814924,0.7753634179722929,0.7298953272598672,0.8100406890850542,0.4110715453371865,0.305522152110621,0.6220239629417585,0.41485902340881015,0.3822540551569002,0.4617115515904646,0.4174377660776839,0.6044220987126202,0.6091992657751025,0.402341486798408,0.4215352340503475,0.342445197875929,0.3903569853569677,0.49187946074803524,0.42743097335715596,0.3760325341718786,0.5308916584376663,0.5493715181206646,0.6232437982804429,0.5949770961890773,0.3747289593708707,0.5689834019743698,0.4685291817565157,0.596005094537334,0.3410144940631998,0.7894764725608876,0.28947647256088765,0.4254006612193004,0.5402600588366929,0.46450890570859604,0.5863582475772455,0.43049926750373174,0.3967284123677324,0.4413868447639872,0.3678338337881437,0.5,0.46179856349067355,0.4864842315001168,0.3760325341718786,0.6388103812274286,0.4016676246932788,0.44648621137756994,0.603034727731207,0.6139226385696361,0.6431972517604366,0.5977291610480109,0.6778745228731979,0.4447913197590886,0.4492729818465129,0.34372358861994745,0.660225399451085,0.4530604599181366,0.42045549166622664,0.49991298809979107,0.45563920258701035,0.6426235352219466,0.647400702284429,0.4405429233077344,0.4597366705596739,0.38064663438525537,0.4285584218662941,0.5300808972573617,0.46563240986648236,0.414233970681205,0.5690930949469928,0.587572954629991,0.6614452347897692,0.6331785326984039,0.4129303958801971,0.6071848384836962,0.5067306182658421,0.6342065310466605,0.37921593057252617,0.8276779090702141,0.32767790907021405,0.46360209772862687,0.5784614953460194,0.5027103422179224,0.6245596840865719,0.4687007040130582,0.4349298488770588,0.4795882812733136,0.40603527029747016,0.5382014365093264,0.5,0.5246856680094433,0.414233970681205,0.677011817736755,0.43986906120260527,0.4846876478868964,0.6412361642405334,0.6521240750789626,0.681398688269763,0.6359305975573373,0.7160759593825243,0.48299275626841504,0.42458731383706966,0.3190379206105042,0.6355397314416418,0.4283747919086933,0.39576982365678337,0.4752273200903478,0.4309535345775671,0.6179378672125033,0.6227150342749858,0.41585725529829115,0.43505100255023066,0.35596096637581215,0.4038727538568509,0.5053952292479185,0.44094674185703914,0.38954830267176177,0.5444074269375495,0.5628872866205478,0.636759566780326,0.6084928646889606,0.38824472787075387,0.5824991704742529,0.4820449502563989,0.6095208630372172,0.35453026256308295,0.8029922410607708,0.30299224106077083,0.4389164297191836,0.5537758273365762,0.4780246742084792,0.5998740160771286,0.4440150360036149,0.41024418086761555,0.4549026132638704,0.3813496022880269,0.5135157684998832,0.4753143319905567,0.5,0.38954830267176177,0.6523261497273117,0.415183393193162,0.4600019798774531,0.6165504962310902,0.6274384070695194,0.6567130202603199,0.611244929547894,0.6913902913730811,0.45830708825897176,0.5350390111653078,0.4294896179387424,0.74599142876988,0.5388264892369315,0.5062215209850216,0.5856790174185861,0.5414052319058054,0.7283895645407416,0.733166731603224,0.5263089526265294,0.5455026998784689,0.4664126637040504,0.5143244511850891,0.6158469265761567,0.5513984391852773,0.5,0.6548591242657877,0.673338983948786,0.7472112641085643,0.7189445620171988,0.4986964251989921,0.6929508678024912,0.5924966475846372,0.7199725603654554,0.4649819598913212,0.9134439383890092,0.41344393838900906,0.5493681270474219,0.6642275246648144,0.5884763715367175,0.7103257134053669,0.5544667333318531,0.5206958781958538,0.5653543105921086,0.4918012996162651,0.6239674658281215,0.585766029318795,0.6104516973282382,0.5,0.7627778470555501,0.5256350905214002,0.5704536772056914,0.7270021935593284,0.7378901043977576,0.7671647175885581,0.7216966268761322,0.8018419887013193,0.56875878558721,0.27226116410975787,0.1667117708831924,0.48321358171432993,0.27604864218138153,0.2434436739294716,0.322901170363036,0.27862738485025534,0.46561171748519153,0.4703888845476739,0.26353110557097936,0.28272485282291887,0.20363481664850033,0.2515466041295391,0.3530690795206066,0.28862059212972735,0.23722215294444995,0.3920812772102377,0.410561136893236,0.48443341705301424,0.4561667149616488,0.23591857814344205,0.43017302074694114,0.3297188005290871,0.4571947133099054,0.20220411283577114,0.650666091333459,0.150666091333459,0.2865902799918718,0.40144967760926437,0.32569852448116743,0.44754786634981686,0.2916888862763031,0.25791803114030376,0.3025764635365586,0.2290234525607151,0.3611896187725714,0.32298818226324494,0.3476738502726882,0.23722215294444995,0.5,0.2628572434658502,0.3076758301501413,0.46422434650377836,0.4751122573422076,0.504386870533008,0.4589187798205822,0.5390641416457693,0.30598093853166,0.5094039206439076,0.7203563382484798,0.5131913987155313,0.4805864304636214,0.5600439268971859,0.5157701413844051,0.7027544740193413,0.7075316410818238,0.5006738621051292,0.5198676093570687,0.48868936066368884,0.5902118360547565,0.5257633486638771,0.4743649094785997,0.6292240337443875,0.6477038934273858,0.721576173587164,0.6933094714957986,0.6673157772810909,0.5668615570632368,0.6943374698440552,0.4393468693699209,0.8878088478676088,0.5237330365260217,0.6385924341434142,0.5628412810153172,0.6846906228839666,0.49506078767445355,0.5397192200707084,0.5983323753067211,0.5601309387973947,0.584816606806838,0.4743649094785997,0.7371427565341497,0.5448185866842912,0.7013671030379282,0.7122550138763574,0.7415296270671577,0.696061536354732,0.7762068981799191,0.4645853339596165,0.35903594073305106,0.6755377515641886,0.4683728120312402,0.43576784377933026,0.5152253402128947,0.47095155470011396,0.6579358873350502,0.6627130543975326,0.45585527542083804,0.4750490226727775,0.395958986498359,0.4438707739793977,0.5453932493704653,0.48094476197958597,0.4295463227943086,0.5844054470600963,0.6028853067430947,0.6767575869028729,0.6484908848115074,0.4282427479933007,0.6224971905967998,0.5220429703789458,0.649518883159764,0.3945282826856298,0.8429902611833177,0.34299026118331766,0.4789144498417305,0.593773847459123,0.5180226943310261,0.6398720361996755,0.4840130561261618,0.45024220099016243,0.4949006333864172,0.4213476224105738,0.5535137886224301,0.5153123521131036,0.5399980201225468,0.4295463227943086,0.6923241698498587,0.4551814133157089,0.5,0.656548516353637,0.6674364271920662,0.6967110403828667,0.6512429496704409,0.7313883114956279,0.49830510838151865,0.30803681760597945,0.20248742437941403,0.5189892352105515,0.31182429567760317,0.2792193274256932,0.35867682385925764,0.3144030383464769,0.5013873709814132,0.5061645380438956,0.299306759067201,0.31850050631914045,0.23941047014472197,0.2873222576257607,0.38884473301682826,0.32439624562594893,0.27299780644067156,0.4278569307064593,0.4463367903894576,0.5202090705492358,0.4919423684578704,0.27169423163966366,0.4659486742431628,0.3654944540253087,0.49297036680612705,0.23797976633199278,0.6864417448296807,0.18644174482968065,0.32236593348809345,0.437225331105486,0.36147417797738907,0.4833235198460385,0.32746453977252477,0.2936936846365254,0.3383521170327802,0.26479910605693674,0.396965272268793,0.3587638357594666,0.38344950376890985,0.27299780644067156,0.5357756534962216,0.29863289696207185,0.34345148364636297,0.5,0.5108879108384292,0.5401625240292296,0.49469443331680385,0.5748397951419909,0.3417565920278816,0.2971489067675503,0.19159951354098484,0.5081013243721224,0.300936384839174,0.26833141658726406,0.3477889130208285,0.30351512750804777,0.490499460142984,0.4952766272054664,0.28841884822877184,0.3076125954807113,0.22852255930629278,0.27643434678733153,0.3779568221783991,0.31350833478751977,0.2621098956022424,0.41696901986803014,0.43544887955102846,0.5093211597108067,0.4810544576194412,0.2608063208012345,0.4550607634047336,0.35460654318687956,0.48208245596769783,0.2270918554935636,0.6755538339912515,0.17555383399125146,0.3114780226496643,0.4263374202670568,0.3505862671389599,0.47243560900760934,0.31657662893409555,0.2828057737980962,0.327464206194351,0.2539111952185075,0.3860773614303638,0.3478759249210374,0.37256159293048063,0.2621098956022424,0.5248877426577925,0.2877449861236427,0.3325635728079338,0.48911208916157084,0.5,0.5292746131908005,0.4838065224783747,0.5639518843035617,0.33086868118945245,0.2678742935767498,0.16232490035018438,0.4788267111813219,0.2716617716483735,0.23905680339646357,0.318514299830028,0.2742405143172473,0.4612248469521835,0.4660020140146659,0.25914423503797135,0.2783379822899108,0.19924794611549232,0.24715973359653107,0.3486822089875986,0.2842337215967193,0.23283528241144194,0.3876944066772297,0.40617426636022796,0.4800465465200062,0.4517798444286408,0.23153170761043404,0.4257861502139331,0.3253319299960791,0.4528078427768974,0.19781724230276312,0.646279220800451,0.146279220800451,0.2822034094588638,0.39706280707625635,0.3213116539481594,0.44316099581680884,0.2873020157432951,0.25353116060729575,0.2981895930035505,0.2246365820277071,0.35680274823956337,0.3186013117302369,0.3432869797396802,0.23283528241144194,0.495613129466992,0.2584703729328422,0.3032889596171333,0.45983747597077035,0.4707253868091995,0.5,0.4545319092875742,0.5346772711127613,0.30159406799865196,0.3133423842891756,0.20779299106261015,0.5242948018937477,0.3171298623607993,0.28452489410888937,0.3639823905424538,0.3197086050296731,0.5066929376646093,0.5114701047270916,0.30461232575039715,0.3238060730023366,0.2447160368279181,0.29262782430895684,0.3941502997000244,0.3297018123091451,0.2783033731238677,0.43316249738965545,0.45164235707265377,0.525514637232432,0.4972479351410665,0.2769997983228598,0.4712542409263589,0.3708000207085049,0.4982759334893232,0.2432853330151889,0.6917473115128768,0.19174731151287677,0.3276715001712896,0.44253089778868215,0.3667797446605852,0.48862908652923465,0.3327701064557209,0.29899925131972155,0.3436576837159763,0.2701046727401329,0.4022708389519892,0.3640694024426627,0.388755070452106,0.2783033731238677,0.5410812201794177,0.303938463645268,0.3487570503295591,0.5053055666831962,0.5161934775216254,0.5454680907124257,0.5,0.5801453618251871,0.34706215871107776,0.23319702246398857,0.12764762923742312,0.44414944006856066,0.23698450053561226,0.20437953228370231,0.28383702871726674,0.23956324320448602,0.42654757583942227,0.43132474290190465,0.2244669639252101,0.24366071117714957,0.16457067500273106,0.2124824624837698,0.31400493787483735,0.24955645048395805,0.1981580112986807,0.35301713556446845,0.3714969952474667,0.44536927540724497,0.4171025733158795,0.19685443649767279,0.39110887910117187,0.2906546588833178,0.41813057166413614,0.16313997119000187,0.6116019496876898,0.11160194968768974,0.24752613834610254,0.3623855359634951,0.28663438283539816,0.4084837247040476,0.25262474463053386,0.21885388949453446,0.26351232189078927,0.1899593109149458,0.3221254771268021,0.28392404061747567,0.30860970862691894,0.1981580112986807,0.46093585835423073,0.22379310182008094,0.26861168850437206,0.4251602048580091,0.43604811569643825,0.46532272888723875,0.41985463817481294,0.5,0.2669167968858907,0.46628022557809784,0.67723264318267,0.47006770364972156,0.4374627353978116,0.516920231831376,0.4726464463185953,0.6596307789535315,0.6644079460160139,0.4575501670393194,0.47674391429125884,0.4455656655978791,0.5470881409889466,0.4826396535980673,0.43124121441278995,0.5861003386785777,0.6045801983615761,0.6784524785213543,0.6501857764299888,0.6241920822152811,0.5237378619974271,0.6512137747782454,0.39622317430411114,0.844685152801799,0.48060934146021184,0.5954687390776043,0.5197175859495075,0.6415669278181568,0.4519370926086438,0.49659552500489856,0.5552086802409114,0.5170072437315849,0.5416929117410282,0.43124121441278995,0.69401906146834,0.5016948916184814,0.6582434079721183,0.6691313188105475,0.698405932001348,0.6529378412889222,0.7330832031141092,0.5,0.44499344973891997,0.10369358553962366,0.3022846571438694,0.2949632410251508,0.12940218696909184,0.11879260976414402,0.07302710391931114,0.12609298603253377,0.213458002086534,0.09750092374856355,0.06178672239786298,0.06077740408949674,0.16419178506870405,0.03929821983248558,0.38816603695256424,0.08380379047814251,0.16430347814116125,0.03980260913121466,0.2323700094985573,0.3075545646666238,0.1377895723578689,0.19614117589964758,0.0,0.08362308136889633,0.10538136024134034,0.1534511865811038,0.23801647145825705,0.103649429119741,0.4980112239204182,0.20594998217224164,0.24637076204484978,0.17906113531314066,0.3599634382638037,0.09609275470582505,0.17395605221312754,0.22898089833874832,0.4948961610847595,0.22791663188754696,0.06989042860554137,0.09329835482847763,0.12962170679048735,0.23227287909384492,0.3298447914765575,0.326175132706004,0.2520789199554118,0.1673370225009388,0.33598327897325203,0.55500655026108,0.5,0.15870013580070366,0.3572912074049494,0.3499697912862308,0.18440873723017184,0.17379916002522403,0.12803365418039114,0.18109953629361378,0.268464552347614,0.15250747400964357,0.11679327265894299,0.11578395435057674,0.21919833532978406,0.0943047700935656,0.4431725872136443,0.13881034073922252,0.21931002840224126,0.09480915939229467,0.28737655975963733,0.36256111492770376,0.19279612261894893,0.2511477261607276,0.05500655026108001,0.13862963162997635,0.16038791050242035,0.20845773684218383,0.2930230217193371,0.15865597938082102,0.5530177741814982,0.2609565324333217,0.3013773123059298,0.23406768557422067,0.4149699885248837,0.15109930496690507,0.22896260247420758,0.28398744859982833,0.5499027113458395,0.282923182148627,0.12489697886662139,0.14830490508955763,0.18462825705156738,0.2872794293549249,0.3848513417376375,0.38118168296708405,0.30708547021649185,0.22234357276201883,0.39098982923433206,0.8963064144603763,0.8412998641992964,0.5,0.6985910716042457,0.6912696554855271,0.5257086014294682,0.5150990242245204,0.46933351837968745,0.5223994004929101,0.6097644165469104,0.4938073382089399,0.4580931368582393,0.45708381854987307,0.5604981995290804,0.43560463429286195,0.7844724514129406,0.48011020493851886,0.5606098926015376,0.436109023591591,0.6286764239589336,0.7038609791270001,0.5340959868182452,0.5924475903600239,0.39630641446037634,0.4799294958292727,0.5016877747017167,0.5497576010414802,0.6343228859186334,0.49995584358011735,0.8943176383807945,0.602256396632618,0.6426771765052262,0.575367549773517,0.75626985272418,0.4923991691662014,0.5702624666735039,0.6252873127991246,0.8912025755451358,0.6242230463479234,0.46619684306591774,0.489604769288854,0.5259281212508637,0.6285792935542213,0.7261512059369338,0.7224815471663804,0.6483853344157882,0.5636434369613151,0.7322896934336284,0.6977153428561306,0.6427087925950506,0.3014089283957543,0.5,0.49267858388128144,0.32711752982522246,0.31650795262027465,0.27074244677544174,0.3238083288886644,0.41117334494266466,0.2952162666046942,0.2595020652539936,0.25849274694562735,0.36190712792483465,0.2370135626886162,0.5858813798086949,0.28151913333427314,0.3620188209972919,0.2375179519873453,0.4300853523546879,0.5052699075227544,0.33550491521399955,0.3938565187557782,0.19771534285613063,0.281338424225027,0.30309670309747094,0.3511665294372344,0.4357318143143877,0.30136477197587164,0.6957265667765488,0.40366532502837227,0.4440861049009804,0.3767764781692713,0.5576787811199343,0.2938080975619557,0.37167139506925817,0.4266962411948789,0.6926115039408901,0.4256319747436776,0.26760577146167197,0.2910136976846083,0.327337049646618,0.42998822194997555,0.5275601343326881,0.5238904755621346,0.44979426281154244,0.3650523653570694,0.5336986218293827,0.7050367589748492,0.6500302087137692,0.30873034451447284,0.5073214161187186,0.5,0.334438945943941,0.3238293687389932,0.27806386289416035,0.33112974500738296,0.4184947610613832,0.30253768272341275,0.26682348137271217,0.2658141630643459,0.36922854404355326,0.2443349788073348,0.5932027959274134,0.2888405494529917,0.36934023711601044,0.24483936810606385,0.4374067684734065,0.512591323641473,0.3428263313327181,0.40117793487449677,0.2050367589748492,0.28865984034374553,0.31041811921618956,0.358487945555953,0.44305323043310624,0.3086861880945902,0.7030479828952674,0.41098674114709083,0.451407521019699,0.38409789428798985,0.5650001972386529,0.30112951368067425,0.37899281118797673,0.43401765731359754,0.6999329200596086,0.43295339086239615,0.2749271875803906,0.29833511380332683,0.33465846576533653,0.4373096380686941,0.5348815504514067,0.5312118916808533,0.45711567893026106,0.372373781475788,0.5410200379481013,0.8705978130309081,0.8155912627698282,0.4742913985705318,0.6728824701747775,0.6655610540560589,0.5,0.4893904227950522,0.4436249169502193,0.49669079906344193,0.5840558151174422,0.4680987367794717,0.43238453542877114,0.4313752171204049,0.5347895980996122,0.40989603286339377,0.7587638499834725,0.4544016035090507,0.5349012911720694,0.4104004221621228,0.6029678225294655,0.6781523776975319,0.508387385388777,0.5667389889305557,0.37059781303090816,0.4542208943998045,0.4759791732722485,0.524048999612012,0.6086142844891652,0.4742472421506492,0.8686090369513263,0.5765477952031498,0.616968575075758,0.5496589483440488,0.7305612512947118,0.46669056773673323,0.5445538652440357,0.5995787113696565,0.8654939741156676,0.5985144449184552,0.4404882416364495,0.4638961678593858,0.5002195198213956,0.6028706921247531,0.7004426045074656,0.6967729457369122,0.62267673298632,0.537934835531847,0.7065810920041602,0.8812073902358559,0.826200839974776,0.48490097577547964,0.6834920473797254,0.6761706312610067,0.5106095772049478,0.5,0.4542344941551671,0.5073003762683898,0.59466539232239,0.47870831398441954,0.44299411263371896,0.4419847943253527,0.5453991753045601,0.4205056100683416,0.7693734271884203,0.4650111807139985,0.5455108683770172,0.4210099993670706,0.6135773997344133,0.6887619549024797,0.5189969625937249,0.5773485661355036,0.381207390235856,0.4648304716047523,0.4865887504771963,0.5346585768169598,0.619223861694113,0.484856819355597,0.8792186141562741,0.5871573724080976,0.6275781522807058,0.5602685255489966,0.7411708284996597,0.47730014494168105,0.5551634424489835,0.6101882885746043,0.8761035513206155,0.609124022123403,0.4510978188413974,0.47450574506433363,0.5108290970263434,0.6134802693297009,0.7110521817124135,0.70738252294186,0.6332863101912678,0.5485444127367948,0.717190669209108,0.9269728960806888,0.8719663458196089,0.5306664816203125,0.7292575532245582,0.7219361371058397,0.5563750830497807,0.5457655058448329,0.5,0.5530658821132226,0.6404308981672229,0.5244738198292525,0.48875961847855187,0.4877503001701856,0.5911646811493929,0.46627111591317444,0.8151389330332531,0.5107766865588313,0.5912763742218501,0.46677550521190353,0.6593429055792461,0.7345274607473127,0.5647624684385578,0.6231140719803364,0.4269728960806889,0.5105959774495852,0.5323542563220293,0.5804240826617927,0.6649893675389459,0.5306223252004298,0.9249841200011072,0.6329228782529305,0.6733436581255386,0.6060340313938295,0.7869363343444926,0.5230656507865139,0.6009289482938164,0.6559537944194372,0.9218690571654482,0.6548895279682359,0.49686332468623023,0.5202712509091665,0.5565946028711762,0.6592457751745338,0.7568176875572463,0.7531480287866928,0.6790518160361007,0.5943099185816276,0.762956175053941,0.8739070139674663,0.8189004637063863,0.4776005995070899,0.6761916711113356,0.6688702549926171,0.5033092009365581,0.49269962373161025,0.4469341178867774,0.5,0.5873650160540003,0.4714079377160298,0.4356937363653292,0.43468441805696295,0.5380987990361703,0.41320523379995183,0.7620730509200305,0.45771080444560874,0.5382104921086275,0.4137096230986809,0.6062770234660235,0.68146157863409,0.5116965863253351,0.5700481898671138,0.37390701396746623,0.4575300953363626,0.4792883742088066,0.5273582005485701,0.6119234854257233,0.47755644308720724,0.8719182378878844,0.5798569961397079,0.620277776012316,0.5529681492806069,0.73387045223127,0.4699997686732913,0.5478630661805938,0.6028879123062145,0.8688031750522257,0.6018236458550132,0.44379744257300763,0.4672053687959439,0.5035287207579536,0.6061798930613111,0.7037518054440237,0.7000821466734702,0.625985933922878,0.541244036468405,0.7098902929407183,0.786541997913466,0.731535447652386,0.3902355834530896,0.5888266550573353,0.5815052389386168,0.4159441848825578,0.40533460767761,0.3595691018327771,0.41263498394599973,0.5,0.3840429216620295,0.34832872031132894,0.34731940200296274,0.45073378298217004,0.32584021774595157,0.6747080348660303,0.3703457883916085,0.4508454760546272,0.32634460704468066,0.5189120074120233,0.5940965625800897,0.4243315702713349,0.48268317381311354,0.28654199791346596,0.3701650792823623,0.39192335815480633,0.4399931844945698,0.524558469371723,0.390191427033207,0.7845532218338842,0.4924919800857076,0.5329127599583158,0.4656031332266066,0.6465054361772697,0.38263475261929103,0.46049805012659356,0.5155228962522143,0.7814381589982254,0.514458629801013,0.35643242651900736,0.3798403527419436,0.41616370470395336,0.5188148770073109,0.6163867893900234,0.61271713061947,0.5386209178688778,0.4538790204144048,0.622525276886718,0.9024990762514364,0.8474925259903564,0.5061926617910602,0.7047837333953059,0.6974623172765873,0.5319012632205283,0.5212916860155805,0.4755261801707476,0.5285920622839702,0.6159570783379704,0.5,0.4642857986492994,0.46327648034093316,0.5666908613201405,0.44179729608392204,0.7906651132040007,0.48630286672957895,0.5668025543925977,0.44230168538265113,0.6348690857499938,0.7100536409180602,0.5402886486093054,0.5986402521510841,0.40249907625143644,0.4861221576203328,0.5078804364927768,0.5559502628325402,0.6405155477096935,0.5061485053711774,0.9005103001718546,0.6084490584236781,0.6488698382962862,0.5815602115645772,0.7624625145152402,0.4985918309572615,0.576455128464564,0.6314799745901848,0.8973952373361959,0.6304157081389834,0.47238950485697784,0.4957974310799141,0.5321207830419238,0.6347719553452813,0.732343867727994,0.7286742089574405,0.6545779962068483,0.5698360987523753,0.7384823552246885,0.938213277602137,0.883206727341057,0.5419068631417606,0.7404979347460064,0.7331765186272878,0.5676154645712289,0.5570058873662811,0.5112403815214481,0.5643062636346707,0.651671279688671,0.5357142013507006,0.49899068169163374,0.602405062670841,0.8263793145547013,0.5220170680802795,0.6025167557432983,0.47801588673335166,0.6705832871006944,0.7457678422687608,0.576002849960006,0.6343544535017847,0.438213277602137,0.5218363589710333,0.5435946378434774,0.5916644641832408,0.6762297490603941,0.9362245015225552,0.6441632597743787,0.6845840396469868,0.7981767158659407,0.534306032307962,0.6671941759408854,0.9331094386868964,0.666129909489684,0.5315116324306146,0.5678349843926244,0.6704861566959819,0.7680580690786946,0.7643884103081411,0.6902921975575489,0.6055503001030759,0.9392225959105032,0.8842160456494232,0.5429161814501269,0.7415072530543726,0.7341858369356541,0.5686247828795951,0.5580152056746472,0.5122496998298144,0.565315581943037,0.6526805979970373,0.5367235196590668,0.5010093183083663,0.5,0.6034143809792073,0.4785208157429888,0.8273886328630675,0.5230263863886457,0.6035260740516645,0.4790252050417179,0.6715926054090605,0.7467771605771271,0.5770121682683722,0.6353637718101508,0.4392225959105033,0.5228456772793996,0.5446039561518436,0.5926737824916071,0.6772390673687603,0.9372338198309216,0.6451725780827449,0.685593357955353,0.6182837312236439,0.799186034174307,0.5353153506163283,0.6131786481236309,0.6682034942492516,0.9341187569952626,0.6671392277980502,0.5091130245160447,0.5325209507389809,0.5688443027009906,0.6714954750043481,0.7690673873870607,0.7653977286165073,0.6913015158659152,0.606559618411442,0.7752058748837554,0.835808214931296,0.780801664670216,0.4395018004709196,0.6380928720751653,0.6307714559564468,0.4652104019003878,0.45460082469544,0.4088353188506071,0.4619012009638297,0.54926621701783,0.4333091386798595,0.39759493732915896,0.3965856190207927,0.5,0.3751064347637815,0.7239742518838602,0.4196120054094385,0.5001116930724572,0.3756108240625106,0.5681782244298532,0.6433627795979198,0.47359778728916485,0.5319493908309435,0.3358082149312959,0.41943129630019227,0.4411895751726363,0.48925940151239977,0.573824686389553,0.43945764405103693,0.8338194388517142,0.5417581971035376,0.5821789769761457,0.5148693502444366,0.6957716531950997,0.431900969637121,0.5097642671444235,0.5647891132700443,0.8307043760160554,0.5637248468188429,0.4056986435368373,0.42910656975977357,0.4654299217217833,0.5680810940251408,0.6656530064078534,0.6619833476372999,0.5878871348867077,0.5031452374322347,0.671791493904548,0.9607017801675143,0.9056952299064343,0.5643953657071381,0.7629864373113838,0.7556650211926652,0.5901039671366063,0.5794943899316585,0.5337288840868255,0.5867947662000482,0.6741597822540485,0.558202703916078,0.5214791842570111,0.6248935652362184,0.5,0.8488678171200786,0.544505570645657,0.6250052583086757,0.5005043892987291,0.6930717896660717,0.7682563448341382,0.5984913525253833,0.656842956067162,0.4607017801675144,0.5443248615364108,0.5660831404088548,0.6141529667486182,0.6987182516257715,0.9587130040879327,0.6666517623397561,0.7070725422123642,0.6397629154806551,0.8206652184313181,0.5567945348733395,0.634657832380642,0.6896826785062627,0.9555979412522738,0.6886184120550614,0.554000134995992,0.5903234869580017,0.6929746592613594,0.7905465716440719,0.7868769128735185,0.7127807001229263,0.6280388026684532,0.7966850591407665,0.6118339630474358,0.5568274127863557,0.2155275485870594,0.41411862019130513,0.40679720407258657,0.2412361500165276,0.23062657281157975,0.18486106696674687,0.2379269490799695,0.32529196513396974,0.2093348867959993,0.1736206854452987,0.17261136713693248,0.2760257481161398,0.15113218287992133,0.5,0.19563775352557825,0.276137441188597,0.1516365721786504,0.34420397254599305,0.4193885277140595,0.24962353540530466,0.30797513894708334,0.11183396304743574,0.19545704441633208,0.21721532328877607,0.26528514962853955,0.3498504345056928,0.21548339216717674,0.609845186967854,0.3177839452196774,0.3582047250922855,0.2908950983605764,0.4717974013112395,0.2079267177532608,0.2857900152605633,0.34081486138618405,0.6067301241321952,0.3397505949349827,0.1817243916529771,0.20513231787591338,0.2414556698379231,0.3441068421412806,0.44167875452399324,0.43800909575343977,0.3639128830028476,0.27917098554837455,0.4478172420206878,0.9161962095218575,0.8611896592607775,0.5198897950614811,0.7184808666657269,0.7111594505470082,0.5455983964909493,0.5349888192860015,0.4892233134411686,0.5422891955543913,0.6296542116083915,0.513697133270421,0.47798293191972047,0.4769736136113542,0.5803879945905616,0.4554944293543431,0.8043622464744218,0.5,0.5804996876630187,0.4559988186530721,0.6485662190204148,0.7237507741884812,0.5539857818797264,0.6123373854215051,0.4161962095218575,0.49981929089075383,0.5215775697631978,0.5696473961029613,0.6542126809801145,0.5198456386415985,0.9142074334422755,0.6221461916940991,0.6625669715667073,0.5952573448349981,0.7761596477856612,0.5122889642276826,0.590152261734985,0.6451771078606058,0.9110923706066171,0.6441128414094045,0.4860866381273989,0.5094945643503351,0.5458179163123449,0.6484690886157024,0.746041000998415,0.7423713422278615,0.6682751294772693,0.5835332320227963,0.7521794884951095,0.8356965218588387,0.7806899715977588,0.4393901073984624,0.6379811790027081,0.6306597628839895,0.4650987088279306,0.45448913162298277,0.40872362577814986,0.4617895078913725,0.5491545239453728,0.4331974456074023,0.39748324425670173,0.39647392594833547,0.49988830692754277,0.37499474169132435,0.723862558811403,0.41950031233698126,0.5,0.3754991309900534,0.568066531357396,0.6432510865254625,0.4734860942167077,0.5318376977584863,0.33569652185883875,0.4193196032277351,0.44107788210017906,0.48914770843994254,0.5737129933170958,0.43934595097857976,0.8337077457792569,0.5416465040310804,0.5820672839036886,0.5147576571719794,0.6956599601226424,0.4317892765646638,0.5096525740719663,0.564677420197587,0.8305926829435982,0.5636131537463858,0.4055869504643801,0.4289948766873164,0.4653182286493261,0.5679694009526837,0.6655413133353962,0.6618716545648428,0.5877754418142506,0.5030335443597775,0.6716798008320908,0.9601973908687853,0.9051908406077054,0.563890976408409,0.7624820480126547,0.7551606318939361,0.5895995778378772,0.5789900006329294,0.5332244947880965,0.5862903769013191,0.6736553929553194,0.5576983146173489,0.5219841132666483,0.520974794958282,0.6243891759374894,0.4994956107012709,0.8483634278213495,0.5440011813469279,0.6245008690099466,0.5,0.6925674003673427,0.7677519555354091,0.5979869632266542,0.6563385667684329,0.46019739086878536,0.5438204722376817,0.5655787511101257,0.6136485774498891,0.6982138623270424,0.5638468199885264,0.9582086147892035,0.666147373041027,0.7065681529136352,0.639258526181926,0.820160829132589,0.5562901455746104,0.6341534430819129,0.6891782892075337,0.9550935519535448,0.6881140227563323,0.5300878194743267,0.553495745697263,0.5898190976592727,0.6924702699626303,0.7900421823453428,0.7863725235747894,0.7122763108241972,0.6275344133697242,0.7961806698420374,0.7676299905014426,0.7126234402403627,0.37132357604106636,0.5699146476453121,0.5625932315265935,0.39703217747053454,0.3864226002655867,0.3406570944207538,0.3937229765339765,0.48108799258797674,0.36513091425000627,0.3294167128993057,0.3284073945909394,0.4318217755701467,0.3069282103339283,0.655796027454007,0.3514337809795852,0.43193346864260396,0.30743259963265734,0.5,0.5751845551680664,0.40541956285931163,0.4637711664010903,0.2676299905014427,0.35125307187033905,0.373011350742783,0.4210811770825465,0.5056464619596998,0.3712794196211837,0.7656412144218608,0.47357997267368435,0.5140007525462925,0.44669112581458337,0.6275934287652464,0.3637227452072678,0.44158604271457025,0.496610888840191,0.7625261515862022,0.49554662238898967,0.3375204191069841,0.36092834532992035,0.39725169729193005,0.4999028695952876,0.5974747819780002,0.5938051232074467,0.5197089104568545,0.4349670130023815,0.6036132694746947,0.6924454353333762,0.6374388850722962,0.29613902087299987,0.4947300924772456,0.487408676358527,0.32184762230246805,0.31123804509752023,0.2654725392526874,0.31853842136591,0.40590343741991025,0.2899463590819398,0.2542321577312392,0.253222839422873,0.3566372204020803,0.23174365516586182,0.5806114722859405,0.27624922581151873,0.35674891347453747,0.2322480444645909,0.4248154448319335,0.5,0.33023500769124514,0.38858661123302385,0.19244543533337624,0.27606851670227256,0.2978267955747166,0.34589662191448006,0.4304619067916333,0.2960948644531172,0.6904566592537944,0.3983954175056179,0.438816197378226,0.3715065706465169,0.5524088735971799,0.2885381900392013,0.3664014875465038,0.42142633367212456,0.6873415964181356,0.42036206722092323,0.2623358639389176,0.28574379016185386,0.3220671421238636,0.42471831442722113,0.5222902268099338,0.5186205680393803,0.4445243552887881,0.35978245783431506,0.5284287143066283,0.8622104276421311,0.807203877381051,0.46590401318175473,0.6644950847860005,0.6571736686672819,0.4916126146112229,0.4810030374062751,0.43523753156144224,0.48830341367466484,0.575668429728665,0.45971135139069463,0.42399715003999405,0.42298783173162785,0.5264022127108351,0.4015086474746167,0.7503764645946953,0.4460142181202736,0.5265139057832924,0.40201303677334577,0.5945804371406884,0.6697649923087549,0.5,0.5583516035417787,0.36221042764213107,0.4458335090110274,0.46759178788347144,0.5156616142232349,0.6002268991003882,0.4658598567618721,0.8602216515625493,0.5681604098143728,0.6085811896869808,0.5412715629552718,0.7221738659059348,0.45830318234795614,0.5361664798552587,0.5911913259808794,0.8571065887268905,0.590127059529678,0.43210085624767247,0.4555087824706087,0.4918321344326185,0.594483306735976,0.6920552191186886,0.6883855603481351,0.614289347597543,0.5295474501430699,0.6981937066153832,0.8038588241003524,0.7488522738392724,0.4075524096399761,0.6061434812442218,0.5988220651255032,0.43326101106944426,0.42265143386449644,0.37688592801966353,0.4299518101328862,0.5173168261868865,0.401359747848916,0.3656455464982154,0.36463622818984914,0.46805060916905644,0.34315704393283797,0.6920248610529167,0.38766261457849494,0.4681623022415137,0.34366143323156706,0.5362288335989097,0.6114133887669762,0.44164839645822135,0.5,0.3038588241003524,0.38748190546924877,0.40924018434169274,0.4573100106814562,0.5418752955586095,0.40750825322009343,0.8018700480207706,0.5098088062725941,0.5502295861452022,0.4829199594134931,0.6638222623641561,0.3999515788061775,0.47781487631347996,0.5328397224391007,0.7987549851851119,0.5317754559878993,0.37374925270589376,0.39715717892883,0.43348053089083977,0.5361317031941973,0.6337036155769099,0.6300339568063564,0.5559377440557642,0.4711958466012912,0.6398421030736045,1.0,0.94499344973892,0.6036935855396237,0.8022846571438694,0.7949632410251508,0.6294021869690919,0.6187926097641441,0.5730271039193111,0.6260929860325337,0.713458002086534,0.5975009237485636,0.561786722397863,0.5607774040894967,0.664191785068704,0.5392982198324856,0.8881660369525642,0.5838037904781426,0.6643034781411613,0.5398026091312147,0.7323700094985574,0.8075545646666238,0.6377895723578689,0.6961411758996476,0.5,0.5836230813688963,0.6053813602413404,0.6534511865811038,0.7380164714582571,0.9980112239204182,0.7059499821722417,0.7463707620448498,0.6790611353131407,0.8599634382638037,0.596092754705825,0.6739560522131276,0.7289808983387484,0.9948961610847594,0.727916631887547,0.5698904286055414,0.5932983548284776,0.6296217067904873,0.7322728790938449,0.8298447914765575,0.8261751327060041,0.7520789199554119,0.6673370225009388,0.8359832789732521,0.9163769186311037,0.8613703683700237,0.5200705041707273,0.718661575774973,0.7113401596562545,0.5457791056001955,0.5351695283952477,0.4894040225504148,0.5424699046636374,0.6298349207176377,0.5138778423796673,0.47816364102896664,0.47715432272060043,0.5805687036998077,0.45567513846358926,0.804542955583668,0.5001807091092462,0.5806803967722649,0.45617952776231835,0.648746928129661,0.7239314832977274,0.5541664909889725,0.6125180945307512,0.41637691863110365,0.5,0.521758278872444,0.5698281052122075,0.6543933900893607,0.9143881425515218,0.6223269008033453,0.6627476806759535,0.5954380539442443,0.7763403568949074,0.5124696733369287,0.5903329708442312,0.645357816969852,0.9112730797158631,0.6442935505186507,0.48626734723664505,0.5096752734595813,0.545998625421591,0.6486497977249486,0.7462217101076611,0.7425520513371077,0.6684558385865155,0.5837139411320424,0.7523601976043557,0.8946186397586596,0.8396120894975796,0.49831222529828334,0.6969032969025291,0.6895818807838104,0.5240208267277515,0.5134112495228037,0.4676457436779708,0.5207116257911935,0.6080766418451937,0.4921195635072232,0.45640536215652266,0.4553960438481564,0.5588104248273638,0.43391685959114523,0.7827846767112239,0.4784224302368022,0.5589221178998209,0.4344212488898743,0.626988649257217,0.7021732044252834,0.5324082121165286,0.5907598156583073,0.3946186397586597,0.478241721127556,0.5,0.5480698263397634,0.6326351112169167,0.49826806887840064,0.8926298636790778,0.6005686219309013,0.6409894018035095,0.5736797750718003,0.7545820780224634,0.4907113944644847,0.5685746919717872,0.623599538097408,0.8895148008434192,0.6225352716462066,0.464509068364201,0.4879169945871373,0.524240346549147,0.6268915188525046,0.7244634312352172,0.7207937724646637,0.6466975597140715,0.5619556622595985,0.7306019187319117,0.8465488134188962,0.7915422631578162,0.45024239895851986,0.6488334705627655,0.641512054444047,0.47595100038798804,0.4653414231830402,0.4195759173382073,0.47264179945143,0.5600068155054302,0.44404973716745977,0.4083355358167592,0.40732621750839293,0.5107405984876002,0.38584703325138175,0.7347148503714604,0.4303526038970387,0.5108522915600574,0.38635142255011085,0.5789188229174534,0.65410337808552,0.4843383857767651,0.5426899893185437,0.3465488134188962,0.4301718947877925,0.4519301736602365,0.5,0.5845652848771532,0.4501982425386372,0.8445600373393144,0.5524987955911378,0.592919575463746,0.5256099487320368,0.7065122516826999,0.4426415681247213,0.5205048656320238,0.5755297117576446,0.8414449745036556,0.5744654453064432,0.41643924202443755,0.4398471682473738,0.47617052020938355,0.5788216925127411,0.6763936048954536,0.6727239461249003,0.5986277333743081,0.5138858359198349,0.6825320923921483,0.7619835285417429,0.706976978280663,0.3656771140813666,0.5642681856856123,0.5569467695668937,0.3913857155108348,0.38077613830588697,0.33501063246105406,0.3880765145742767,0.47544153062827693,0.3594844522903065,0.32377025093960593,0.32276093263123967,0.42617531361044697,0.3012817483742285,0.6501495654943072,0.34578731901988546,0.4262870066829042,0.3017861376729576,0.49435353804030024,0.5695380932083667,0.3997731008996118,0.45812470444139053,0.26198352854174295,0.3456066099106393,0.36736488878308327,0.41543471512284674,0.5,0.36563295766148396,0.7599947524621611,0.4679335107139846,0.5083542905865928,0.4410446638548836,0.6219469668055466,0.358076283247568,0.4359395807548705,0.49096442688049124,0.7568796896265024,0.4899001604292899,0.3318739571472843,0.35528188337022054,0.3916052353322303,0.49425640763558787,0.5918283200183004,0.588158661247747,0.5140624484971548,0.42932055104268174,0.597966807514995,0.896350570880259,0.841344020619179,0.5000441564198826,0.6986352280241284,0.6913138119054099,0.5257527578493508,0.515143180644403,0.46937767479957015,0.5224435569127928,0.609808572966793,0.49385149462882255,0.5605423559489631,0.7845166078328233,0.4801543613584015,0.5606540490214202,0.4361531800114737,0.6287205803788163,0.7039051355468827,0.5341401432381279,0.5924917467799066,0.5017319311215993,0.5498017574613628,0.634367042338516,0.8943617948006771,0.6023005530525006,0.6427213329251088,0.7563140091440628,0.49244332558608406,0.6253314692190073,0.8912467319650185,0.624267202767806,0.48964892570873664,0.5259722776707464,0.6286234499741039,0.7261953623568165,0.722525703586263,0.6484294908356708,0.5636875933811978,0.5019887760795818,0.44698222581850183,0.10568236161920548,0.3042734332234512,0.2969520171047326,0.13139096304867368,0.12078138584372584,0.07501587999889296,0.12808176211211558,0.21544677816611585,0.09948969982814539,0.0637754984774448,0.06276618016907856,0.1661805611482859,0.041286995912067415,0.3901548130321461,0.08579256655772434,0.1662922542207431,0.041791385210796485,0.23435878557813913,0.3095433407462056,0.13977834843745074,0.19812995197922942,0.001988776079581828,0.08561185744847816,0.10737013632092217,0.15543996266068563,0.2400052475378389,0.10563820519932282,0.5,0.20793875825182348,0.24835953812443162,0.1810499113927225,0.36195221434338554,0.09808153078540689,0.17594482829270938,0.23096967441833016,0.4968849371643413,0.2299054079671288,0.07187920468512321,0.09528713090805946,0.13161048287006918,0.23426165517342673,0.3318335675561393,0.3281639087855859,0.2540676960349937,0.16932579858052063,0.3379720550528339,0.7940500178277583,0.7390434675666784,0.397743603367382,0.5963346749716277,0.5890132588529091,0.4234522047968502,0.4128426275919024,0.36707712174706947,0.42014300386029213,0.5075080199142924,0.3915509415763219,0.35583674022562134,0.3548274219172551,0.4582418028964624,0.33334823766024396,0.6822160547803227,0.3778538083059009,0.4583534959689196,0.333852626958973,0.5264200273263157,0.6016045824943821,0.4318395901856273,0.49019119372740594,0.29405001782775836,0.3776730991966547,0.3994313780690987,0.44750120440886215,0.5320664892860154,0.39769944694749937,0.7920612417481765,0.5,0.5404207798726082,0.473111153140899,0.654013456091562,0.3901427725335834,0.4680060700408859,0.5230309161665067,0.7889461789125178,0.5219666497153054,0.3639404464332997,0.387348372656236,0.4236717246182457,0.5263228969216033,0.6238948093043158,0.6202251505337624,0.5461289377831702,0.46138704032869715,0.6300332968010104,0.7536292379551502,0.6986226876940702,0.3573228234947739,0.5559138950990196,0.5485924789803011,0.3830314249242421,0.37242184771929426,0.32665634187446135,0.37972222398768396,0.4670872400416842,0.35113016170371375,0.3154159603530132,0.31440664204464697,0.41782102302385427,0.2929274577876358,0.6417952749077145,0.33743302843329276,0.4179327160963115,0.2934318470863649,0.48599924745370754,0.561183802621774,0.3914188103130191,0.4497704138547978,0.25362923795515024,0.33725231932404653,0.35901059819649056,0.40708042453625404,0.4916457094134073,0.3572786670748912,0.7516404618755684,0.4595792201273919,0.5,0.4326903732682909,0.613592676218954,0.34972199266097526,0.4275852901682778,0.48261013629389854,0.7485253990399097,0.4815458698426972,0.3235196665606916,0.34692759278362784,0.3832509447456376,0.4859021170489951,0.5834740294317077,0.5798043706611542,0.505708157910562,0.42096626045608904,0.5896125169284022,0.8209388646868593,0.7659323144257794,0.424632450226483,0.6232235218307287,0.6159021057120101,0.4503410516559512,0.43973147445100336,0.39396596860617045,0.4470318507193931,0.5343968667733934,0.4184397884354229,0.38171626877635606,0.48513064975556336,0.36023708451934494,0.7091049016394236,0.40474265516500185,0.4852423428280206,0.360741473818074,0.5533088741854166,0.6284934293534831,0.45872843704472827,0.5170800405865069,0.32093886468685934,0.4045619460557557,0.42632022492819965,0.47439005126796313,0.5589553361451164,0.8189500886072775,0.526888846859101,0.5673096267317091,0.5,0.680902302950663,0.4170316193926844,0.4948949168999869,0.5499197630256076,0.8158350257716188,0.5488554965744064,0.414237219515337,0.4505605714773467,0.5532117437807043,0.6507836561634168,0.6471139973928633,0.5730177846422712,0.48827588718779813,0.6400365617361963,0.5850300114751162,0.24373014727581993,0.44232121888006565,0.4349998027613471,0.2694387487052881,0.2588291715003403,0.2130636656555074,0.26612954776873005,0.3534945638227303,0.23753748548475984,0.20182328413405926,0.20081396582569302,0.30422834680490035,0.17933478156868188,0.5282025986887605,0.2238403522143388,0.3043400398773575,0.17983917086741094,0.37240657123475357,0.44759112640282006,0.2778261340940652,0.33617773763584385,0.14003656173619627,0.22365964310509262,0.24541792197753662,0.29348774831730007,0.3780530331944533,0.24368599085593728,0.6380477856566145,0.3459865439084379,0.3864073237810461,0.31909769704933694,0.5,0.23612931644202134,0.3139926139493238,0.3690174600749446,0.6349327228209557,0.36795319362374324,0.20992699034173765,0.23333491656467392,0.2696582685266836,0.3723094408300412,0.46988135321275376,0.4662116944422003,0.3921154816916081,0.30737358423713507,0.47601984070944836,0.903907245294175,0.848900695033095,0.5076008308337986,0.7061919024380443,0.6988704863193258,0.5333094322632668,0.522699855058319,0.4769343492134861,0.5300002313267087,0.617365247380709,0.5014081690427384,0.4656939676920379,0.46468464938367166,0.568099030362879,0.44320546512666054,0.7920732822467392,0.48771103577231745,0.5682107234353362,0.4437098544253896,0.6362772547927322,0.7114618099607987,0.5416968176520438,0.6000484211938225,0.40390724529417493,0.4875303266630713,0.5092886055355152,0.5573584318752788,0.641923716752432,0.5075566744139159,0.9019184692145931,0.6098572274664166,0.6502780073390247,0.5829683806073156,0.7638706835579787,0.5,0.5778632975073025,0.6328881436329232,0.8988034063789344,0.631823877181722,0.47379767389971633,0.4972056001226526,0.5335289520846623,0.6361801243880199,0.7337520367707324,0.7300823780001789,0.6559861652495868,0.5712442677951137,0.739890524267427,0.8260439477868724,0.7710373975257925,0.4297375333264961,0.6283286049307418,0.6210071888120232,0.4554461347559643,0.4448365575510165,0.39907105170618357,0.45213693381940623,0.5395019498734065,0.423544871535436,0.3868213518763692,0.4902357328555765,0.365342167619358,0.7142099847394368,0.40984773826501497,0.4903474259280337,0.3658465569180871,0.5584139572854298,0.6335985124534962,0.46383352014474133,0.52218512368652,0.32604394778687246,0.40966702915576875,0.4314253080282128,0.47949513436797625,0.5640604192451295,0.8240551717072906,0.5319939299591141,0.5724147098317223,0.5051050831000131,0.6860073860506761,0.4221367024926975,0.5,0.5550248461256208,0.8209401088716319,0.5539605796744194,0.41934230261535005,0.4556656545773598,0.5583168268807174,0.6558887392634299,0.6522190804928765,0.5781228677422843,0.49338097028781125,0.7710191016612516,0.7160125514001716,0.3747126872008753,0.5733037588051211,0.5659823426864025,0.40042128863034354,0.3898117114253957,0.3440462055805628,0.3971120876937854,0.4844771037477857,0.3685200254098152,0.33280582405911463,0.3317965057507484,0.4352108867299557,0.31031732149373725,0.6591851386138159,0.35482289213939416,0.43532257980241296,0.31082171079246634,0.503389111159809,0.5785736663278754,0.4088086740191206,0.4671602775608993,0.27101910166125165,0.354642183030148,0.376400461902592,0.4244702882423555,0.5090355731195088,0.37466853078099266,0.7690303255816698,0.47696908383349335,0.5173898637061014,0.45008023697439237,0.6309825399250554,0.3671118563670767,0.44497515387437925,0.5,0.7659152627460111,0.49893573354879867,0.34090953026679305,0.3643174564897293,0.40064080845173905,0.5032919807550966,0.6008638931378092,0.5971942343672557,0.5230980216166635,0.4383561241621905,0.6070023806345037,0.5051038389152406,0.45009728865416054,0.1087974244548642,0.30738849605910995,0.30006707994039133,0.1345060258843324,0.12389644867938457,0.07813094283455169,0.13119682494777432,0.21856184100177456,0.1026047626638041,0.06689056131310353,0.06588124300473729,0.1692956239839446,0.04440205874772613,0.3932698758678048,0.08890762939338306,0.1694073170564018,0.04490644804645521,0.23747384841379784,0.3126584035818643,0.14289341127310945,0.20124501481488813,0.0051038389152405494,0.08872692028413688,0.1104851991565809,0.15855502549634434,0.2431203103734976,0.10875326803498155,0.5031150628356588,0.2110538210874822,0.25147460096009033,0.1841649742283812,0.36506727717904425,0.1011965936210656,0.1790598911283681,0.23408473725398887,0.5,0.2330204708027875,0.07499426752078192,0.09840219374371818,0.1347255457057279,0.23737671800908547,0.33494863039179806,0.3312789716212446,0.2571827588706524,0.17244086141617934,0.3410871178884926,0.772083368112453,0.717076817851373,0.3757769536520767,0.5743680252563224,0.5670466091376039,0.4014855550815449,0.39087597787659706,0.34511047203176415,0.3981763541449868,0.4855413701989871,0.3695842918610166,0.333870090510316,0.33286077220194976,0.43627515318115706,0.3113815879449386,0.6602494050650173,0.35588715859059555,0.4363868462536143,0.3118859772436677,0.5044533776110103,0.5796379327790768,0.40987294047032197,0.4682245440121006,0.27208336811245304,0.3557064494813494,0.37746472835379336,0.42553455469355683,0.5100998395707101,0.37573279723219405,0.7700945920328712,0.4780333502846947,0.5184541301573028,0.4511445034255937,0.6320468063762568,0.3681761228182781,0.4460394203255806,0.5010642664512014,0.7669795291972125,0.5,0.3419737967179944,0.36538172294093063,0.4017050749029404,0.5043562472062979,0.6019281595890105,0.5982585008184571,0.5241622880678649,0.43942039061339183,0.6080666470857051,0.9301095713944586,0.8751030211333786,0.5338031569340823,0.732394228538328,0.7250728124196094,0.5595117583635505,0.5489021811586027,0.5031366753137697,0.5562025574269924,0.6435675734809927,0.5276104951430222,0.4908869754839554,0.5943013564631626,0.8182756083470228,0.5139133618726012,0.5944130495356199,0.4699121805256733,0.662479580893016,0.7376641360610824,0.5678991437523275,0.6262507472941062,0.4301095713944586,0.513732652763355,0.535490931635799,0.5835607579755624,0.6681260428527157,0.9281207953148768,0.6360595535667003,0.6764803334393084,0.7900730096582623,0.5262023261002837,0.659090469733207,0.925005732479218,0.6580262032820056,0.5234079262229363,0.559731278184946,0.6623824504883036,0.7599543628710161,0.7562847041004627,0.6821884913498705,0.5974465938953974,0.9067016451715224,0.8516950949104424,0.510395230711146,0.7089863023153917,0.7016648861966732,0.5361038321406142,0.5254942549356664,0.4797287490908335,0.5327946312040561,0.6201596472580564,0.504202568920086,0.46848836756938533,0.46747904926101913,0.5708934302402264,0.44599986500400796,0.7948676821240866,0.49050543564966487,0.5710051233126836,0.44650425430273705,0.6390716546700796,0.7142562098381461,0.5444912175293913,0.6028428210711699,0.40670164517152235,0.4903247265404187,0.5120830054128627,0.5601528317526262,0.6447181166297794,0.5103510742912634,0.9047128690919406,0.612651627343764,0.6530724072163722,0.585762780484663,0.7666650834353261,0.5027943998773474,0.5806576973846499,0.6356825435102706,0.9015978062562818,0.6346182770590694,0.47659207377706375,0.5,0.5363233519620098,0.6389745242653673,0.7365464366480798,0.7328767778775264,0.6587805651269342,0.5740386676724611,0.7426849241447744,0.8703782932095127,0.8153717429484326,0.4740718787491363,0.672662950353382,0.6653415342346635,0.4997804801786045,0.4891709029736567,0.44340539712882376,0.4964712792420464,0.5838362952960466,0.4678792169580762,0.43216501560737564,0.4311556972990094,0.5345700782782167,0.4096765130419982,0.7585443301620769,0.45418208368765517,0.5346817713506739,0.4101809023407273,0.6027483027080699,0.6779328578761364,0.5081678655673816,0.5665194691091602,0.37037829320951265,0.45400137457840894,0.47575965345085297,0.5238294797906164,0.6083947646677696,0.4740277223292536,0.8683895171299308,0.5763282753817542,0.6167490552543624,0.5494394285226533,0.7303417314733164,0.4664710479153377,0.5443343454226401,0.599359191548261,0.8652744542942721,0.5982949250970596,0.440268721815054,0.46367664803799025,0.5,0.6026511723033575,0.7002230846860701,0.6965534259155167,0.6224572131649245,0.5377153157104514,0.7063615721827647,0.7677271209061551,0.7127205706450751,0.37142070644577874,0.5700117780500245,0.562690361931306,0.3971293078752469,0.3865197306702991,0.34075422482546625,0.39382010693868885,0.4811851229926891,0.36522804465471864,0.32951384330401806,0.3285045249956518,0.43191890597485916,0.3070253407386407,0.6558931578587194,0.3515309113842976,0.43203059904731633,0.3075297300373698,0.5000971304047124,0.5752816855727788,0.405516693264024,0.46386829680580266,0.2677271209061551,0.3513502022750514,0.37310848114749545,0.4211783074872589,0.5057435923644121,0.3713765500258961,0.7657383448265732,0.4736771030783967,0.5140978829510049,0.44678825621929574,0.6276905591699589,0.36381987561198015,0.4416831731192826,0.49670801924490343,0.7626232819909146,0.49564375279370204,0.3376175495116965,0.36102547573463273,0.3973488276966424,0.5,0.5975719123827126,0.5939022536121591,0.5198060408615669,0.4350641434070939,0.6037103998794071,0.6701552085234425,0.6151486582623625,0.27384879406306617,0.4724398656673119,0.4651184495485933,0.29955739549253435,0.28894781828758653,0.24318231244275365,0.2962481945559763,0.38361321060997655,0.2676561322720061,0.2319419309213055,0.23093261261293924,0.33434699359214654,0.2094534283559281,0.5583212454760068,0.25395899900158503,0.33445868666460377,0.20995781765465715,0.4025252180219998,0.47770977319006624,0.30794478088131144,0.3662963844230901,0.1701552085234425,0.25377828989233886,0.27553656876478283,0.3236063951045463,0.40817167998169956,0.2738046376431835,0.6681664324438606,0.37610519069568416,0.41652597056829227,0.3492163438365832,0.5301186467872462,0.2662479632292676,0.34411126073657006,0.3991361068621908,0.665051369608202,0.3980718404109895,0.24004563712898389,0.2634535633519201,0.29977691531392986,0.40242808761728743,0.5,0.4963303412294465,0.42223412847885433,0.3374922310243813,0.5061384874966945,0.6738248672939959,0.618818317032916,0.27751845283361964,0.47610952443786536,0.4687881083191468,0.3032270542630878,0.29261747705814,0.2468519712133071,0.29991785332652976,0.38728286938052997,0.27132579104255955,0.23561158969185897,0.2346022713834927,0.3380166523627,0.21312308712648156,0.5619909042465603,0.2576286577721385,0.33812834543515724,0.21362747642521063,0.4061948767925533,0.4813794319606197,0.31161443965186486,0.36996604319364357,0.17382486729399596,0.2574479486628923,0.2792062275353363,0.3272760538750998,0.41184133875225304,0.27747429641373694,0.6718360912144141,0.37977484946623763,0.42019562933884574,0.35288600260713665,0.5337883055577997,0.26991762199982106,0.34778091950712353,0.4028057656327443,0.6687210283787555,0.40174149918154295,0.24371529589953736,0.2671232221224736,0.30344657408448333,0.4060977463878409,0.5036696587705535,0.5,0.4259037872494078,0.3411618897949348,0.509808146267248,0.7479210800445881,0.6929145297835082,0.35161466558421184,0.5502057371884576,0.5428843210697389,0.37732326701368,0.3667136898087322,0.3209481839638993,0.3740140660771219,0.46137908213112216,0.3454220037931517,0.30970780244245116,0.3086984841340849,0.4121128651132922,0.28721929987707373,0.6360871169971524,0.3317248705227307,0.41222455818574943,0.2877236891758028,0.4802910895431455,0.5554756447112119,0.38571065240245705,0.44406225594423576,0.24792108004458815,0.3315441614134845,0.3533024402859285,0.401372266625692,0.48593755150284523,0.35157050916432914,0.7459323039650063,0.4538710622168298,0.49429184208943794,0.42698221535772884,0.6078845183083919,0.3440138347504132,0.4218771322577157,0.4769019783833365,0.7428172411293477,0.47583771193213514,0.3178115086501295,0.3412194348730658,0.37754278683507553,0.48019395913843305,0.5777658715211457,0.5740962127505922,0.5,0.415258102545527,0.5839043590178402,0.8326629774990612,0.7776564272379812,0.43635656303868486,0.6349476346429306,0.627626218524212,0.46206516446815304,0.4514555872632052,0.4056900814183723,0.458755963531595,0.5461209795855952,0.43016390124762477,0.3944496998969242,0.39344038158855793,0.49685476256776523,0.37196119733154676,0.7208290144516255,0.4164667679772037,0.49696645564022246,0.37246558663027585,0.5650329869976185,0.6402175421656849,0.4704525498569301,0.5288041533987088,0.3326629774990612,0.41628605886795755,0.4380443377404015,0.486114164080165,0.5706794489573183,0.4363124066188022,0.8306742014194793,0.5386129596713028,0.579033739543911,0.5117241128122019,0.6926264157628649,0.4287557322048863,0.5066190297121888,0.5616438758378095,0.8275591385838207,0.5605796093866081,0.40255340610460255,0.4259613323275388,0.46228468428954855,0.5649358565929061,0.6625077689756187,0.6588381102050652,0.584741897454473,0.5,0.6686462564723132,0.6640167210267479,0.609010170765668,0.2677103065663716,0.46630137817061734,0.4589799620518987,0.2934189079958398,0.282809330790892,0.23704382494605908,0.2901097070592817,0.37747472311328195,0.2615176447753115,0.2247941251162447,0.328208506095452,0.20331494085923352,0.5521827579793122,0.24782051150489046,0.3283201991679092,0.2038193301579626,0.39638673052530526,0.4715712856933717,0.30180629338461684,0.36015789692639555,0.16401672102674794,0.2476398023956443,0.2693980812680883,0.31746790760785176,0.402033192485005,0.6620279449471661,0.3699667031989896,0.4103874830715977,0.5239801592905516,0.260109475732573,0.39299761936549626,0.6589128821115074,0.39193335291429493,0.25731507585522556,0.2936384278172353,0.39628960012059283,0.49386151250330546,0.490191853732752,0.4160956409821598,0.33135374352768676,0.5,0.4694965679549342,0.43458925893487416,0.6496808960315471,0.538268610360816,0.4411789288224599,0.4318777406226455,0.4318777406226455,0.42238718799222846,0.47899651491147716,0.4938489649282881,0.5018311720614617,0.40930219863814427,0.39733444588948275,0.4321849370413071,0.42592778358530464,0.42667845528072373,0.46470535441860295,0.7144355911464988,0.6056332446436925,0.38181437149297176,0.6920043403006754,0.5083472544498087,0.47456549138829857,0.5666288201869629,0.5125438002121601,0.6244361547465741,0.4622590226006866,0.8818143714929717,0.44551453129495644,0.4699648516739722,0.7166157251156273,0.6205635459061366,0.715026193994991,0.43802498940552353,0.6185751385893675,0.5264427091443734,0.8633722297360548,0.6336565739722853,0.5355771390384635,0.5397065972198477,0.5176380189013422,0.421997128257815,0.6617557636443159,0.8080892007846109,0.7463575099740946,0.5493595263796831,0.5305034320450658,0.5,0.46509269097993994,0.6801843280766129,0.5687720424058818,0.47168236086752574,0.4623811726677113,0.4623811726677113,0.45289062003729424,0.649055997725114,0.509499946956543,0.5243523969733539,0.5323346041065274,0.4398056306832101,0.4278378779345486,0.4626883690863729,0.4564312156303704,0.4571818873257895,0.4952087864636688,0.7449390231915646,0.6361366766887583,0.41231780353803754,0.7225077723457412,0.5388506864948744,0.5050689234333644,0.5971322522320287,0.5430472322572258,0.6549395867916399,0.4927624546457524,0.9123178035380376,0.4760179633400222,0.500468283719038,0.7471191571606931,0.6510669779512024,0.7455296260400568,0.4685284214505893,0.6490785706344333,0.5569461411894393,0.8938756617811205,0.6641600060173511,0.5660805710835293,0.5702100292649135,0.548141450946408,0.45250056030288077,0.6922591956893817,0.8385926328296767,0.7768609420191603,0.5798629584247489,0.5654107410651258,0.53490730902006,0.5,0.7150916370966729,0.6036793514259419,0.5065896698875858,0.49728848168777134,0.4877979290573543,0.544407255976603,0.5592597059934139,0.5672419131265874,0.4747129397032701,0.4627451869546086,0.49759567810643296,0.4913385246504305,0.5301160954837288,0.7798463322116246,0.6710439857088183,0.4472251125580976,0.7574150813658013,0.5737579955149344,0.5399762324534244,0.6320395612520887,0.5779545412772858,0.6898468958116999,0.5276697636658124,0.9472251125580976,0.5109252723600822,0.535375592739098,0.7820264661807532,0.6859742869712624,0.7804369350601169,0.6839858796544933,0.5918534502094993,0.9287829708011806,0.6990673150374112,0.6009878801035893,0.6051173382849735,0.583048759966468,0.48740786932294083,0.7271665047094418,0.8734999418497368,0.8117682510392203,0.614770267444809,0.35031910396845295,0.31981567192338717,0.2849083629033271,0.5,0.3885877143292689,0.29149803279091285,0.28219684459109845,0.28219684459109845,0.2727062919606814,0.46887166964850113,0.3293156188799301,0.34416806889674106,0.3521502760299146,0.2596213026065972,0.24765354985793572,0.28250404100976007,0.2762468875537576,0.2769975592491767,0.3150244583870559,0.5647546951149517,0.4559523486121454,0.2321334754614247,0.5423234442691284,0.3586663584182616,0.3248845953567515,0.41694792415541587,0.36286290418061296,0.47475525871502705,0.3125781265691395,0.7321334754614247,0.2958336352634094,0.3202839556424251,0.5669348290840803,0.47088264987458955,0.565345297963444,0.2883440933739765,0.4688942425578204,0.3767618131128264,0.7136913337045077,0.48397567794073826,0.3858962430069164,0.3900257011883006,0.3679571228697951,0.27231623222626794,0.5120748676127689,0.6584083047530639,0.5966766139425475,0.39967863034813605,0.46173138963918403,0.4312279575941182,0.3963206485740582,0.611412285670731,0.5,0.40291031846164393,0.3936091302618295,0.3936091302618295,0.3841185776314125,0.5802839553192322,0.4407279045506612,0.4555803545674721,0.46356256170064564,0.3710335882773283,0.3590658355286668,0.39391632668049115,0.3876591732244887,0.38840984491990777,0.426436744057787,0.6761669807856827,0.5673646342828764,0.3435457611321558,0.6537357299398594,0.4700786440889927,0.4362968810274826,0.528360209826147,0.47427518985134404,0.5861675443857581,0.4239904122398706,0.8435457611321557,0.4072459209341404,0.43169624131315615,0.6783471147548114,0.5822949355453206,0.676757583634175,0.39975637904470757,0.5803065282285514,0.4881740987835575,0.8251036193752388,0.5953879636114693,0.49730852867764747,0.5014379868590316,0.4793694085405262,0.383728517896999,0.6234871532834999,0.7698205904237949,0.7080888996132785,0.5110909160188671,0.5588210711775401,0.5283176391324743,0.49341033011241425,0.7085019672090871,0.5970896815383561,0.5,0.49069881180018554,0.49069881180018554,0.4812082591697685,0.5378175860890172,0.5526700361058282,0.5606522432390018,0.46812326981568436,0.45615551706702284,0.4910060082188472,0.48474885476284474,0.48549952645826383,0.523526425596143,0.7732566623240388,0.6644543158212325,0.44063544267051186,0.7508254114782155,0.5671683256273488,0.5333865625658386,0.625449891364503,0.5713648713897,0.6832572259241142,0.5210800937782266,0.9406354426705118,0.5043356024724965,0.5287859228515123,0.7754367962931674,0.6793846170836767,0.7738472651725311,0.49684606058306363,0.6773962097669075,0.5852637803219135,0.9221933009135949,0.6924776451498253,0.5943982102160035,0.5985276683973877,0.5764590900788823,0.4808181994353551,0.720576834821856,0.866910271962151,0.8051785811516345,0.6081805975572232,0.5681222593773545,0.5376188273322887,0.7178031554089016,0.6063908697381705,0.5093011881998144,0.5,0.49050944736958296,0.5471187742888317,0.5619712243056426,0.5699534314388162,0.4654567052668373,0.5003071964186616,0.49405004296265914,0.5328276137959574,0.7825578505238533,0.673755504021047,0.44993663087032626,0.7601265996780299,0.5764695138271632,0.5426877507656531,0.6347510795643174,0.5806660595895146,0.6925584141239286,0.9499366308703263,0.5136367906723109,0.5380871110513267,0.7847379844929818,0.6886858052834911,0.7831484533723455,0.686697397966722,0.594564968521728,0.9314944891134093,0.7017788333496399,0.603699398415818,0.6078288565972022,0.5857602782786967,0.4901193876351695,0.7298780230216704,0.8762114601619654,0.8144797693514491,0.6174817857570376,0.5681222593773545,0.5376188273322887,0.5027115183122287,0.7178031554089016,0.6063908697381705,0.5093011881998144,0.5,0.5,0.49050944736958296,0.5471187742888317,0.5619712243056426,0.5699534314388162,0.4774244580154988,0.4654567052668373,0.5003071964186616,0.49405004296265914,0.49480071465807823,0.5328276137959574,0.7825578505238533,0.673755504021047,0.44993663087032626,0.7601265996780299,0.5764695138271632,0.5426877507656531,0.6347510795643174,0.5806660595895146,0.6925584141239286,0.5303812819780411,0.9499366308703263,0.5136367906723109,0.5380871110513267,0.7847379844929818,0.6886858052834911,0.7831484533723455,0.5061472487828781,0.686697397966722,0.594564968521728,0.9314944891134093,0.7017788333496399,0.603699398415818,0.6078288565972022,0.5857602782786967,0.4901193876351695,0.7298780230216704,0.8762114601619654,0.8144797693514491,0.6174817857570376,0.5776128120077716,0.5471093799627057,0.5122020709426457,0.7272937080393186,0.6158814223685876,0.5187917408302315,0.509490552630417,0.509490552630417,0.5,0.5566093269192487,0.5714617769360596,0.5794439840692331,0.4869150106459158,0.47494725789725434,0.5097977490490787,0.5035405955930762,0.5042912672884953,0.5423181664263745,0.7920484031542703,0.683246056651464,0.4594271835007433,0.769617152308447,0.5859600664575803,0.5521783033960701,0.6442416321947344,0.5901566122199315,0.7020489667543457,0.5398718346084581,0.9594271835007433,0.5231273433027279,0.5475776636817437,0.7942285371233989,0.6981763579139082,0.7926390060027626,0.5156378014132951,0.696187950597139,0.604055521152145,0.9409850417438262,0.7112693859800568,0.613189951046235,0.6173194092276192,0.5952508309091137,0.4996099402655865,0.7393685756520875,0.8857020127923825,0.823970321981866,0.6269723383874547,0.350944002274886,0.5311283303514989,0.4197160446807678,0.360443949231429,0.3832786063814134,0.31363237136125893,0.5958830254664506,0.48708067896364426,0.5734517746206271,0.3897946887697605,0.3560129257082504,0.4480762545069147,0.3939912345321118,0.5058835890665259,0.7632618058129236,0.35141228599392393,0.5980631594355792,0.5020109802260884,0.5964736283149429,0.5000225729093193,0.7448196640560065,0.5151040082922371,0.41702457335841525,0.42115403153979947,0.39908545322129396,0.3034445625777668,0.5432031979642677,0.6895366351045628,0.6278049442940463,0.4308069606996349,0.5210034850885229,0.49050005304345706,0.455592744023397,0.6706843811200699,0.5592720954493389,0.4621824139109828,0.45288122571116834,0.45288122571116834,0.4433906730807513,0.639556050768571,0.5,0.5148524500168109,0.5228346571499844,0.4303056837266671,0.41833793097800565,0.45318842212982996,0.4469312686738275,0.4476819403692466,0.4857088395071258,0.7354390762350216,0.6266367297322153,0.4028178565814946,0.7130078253891983,0.5293507395383316,0.4955689764768214,0.5876323052754857,0.5335472853006828,0.645439639835097,0.4832625076892094,0.9028178565814946,0.4665180163834793,0.490968336762495,0.7376192102041502,0.6415670309946595,0.7360296790835139,0.4590284744940464,0.6395786236778903,0.5474461942328963,0.8843757148245776,0.6546600590608082,0.5565806241269863,0.5607100823083705,0.538641503989865,0.44300061334633783,0.6827592487328388,0.8290926858731338,0.7673609950626173,0.570363011468206,0.5061510350717119,0.4756476030266461,0.44074029400658604,0.655831931103259,0.5444196454325279,0.44732996389417184,0.4380287756943574,0.4380287756943574,0.42853822306394035,0.48514754998318904,0.5,0.5079822071331735,0.41545323370985615,0.4034854809611947,0.438335972113019,0.43207881865701653,0.4328294903524356,0.47085638949031483,0.7205866262182107,0.6117842797154044,0.38796540656468365,0.6981553753723873,0.5144982895215205,0.48071652646001045,0.5727798552586748,0.518694835283872,0.630587189818286,0.46841005767239846,0.8879654065646837,0.4516655663666683,0.47611588674568406,0.7227667601873392,0.6267145809778485,0.7211772290667029,0.4441760244772354,0.6247261736610794,0.5325937442160854,0.8695232648077666,0.6398076090439971,0.5417281741101754,0.5458576322915596,0.5237890539730541,0.4281481633295269,0.6679067987160278,0.8142402358563228,0.7525085450458064,0.555510561451395,0.49816882793853834,0.46766539589347256,0.43275808687341255,0.6478497239700854,0.5364374382993543,0.4393477567609983,0.43004656856118384,0.43004656856118384,0.4205560159307668,0.6167213936185866,0.4771653428500155,0.49201779286682645,0.5,0.40747102657668266,0.39550327382802114,0.4303537649798455,0.424096611523843,0.4248472832192621,0.46287418235714134,0.7126044190850371,0.6038020725822308,0.3799831994315101,0.6901731682392137,0.506516082388347,0.47273431932683696,0.5647976481255013,0.5107126281506984,0.6226049826851124,0.46042785053922497,0.8799831994315102,0.4436833592334948,0.4681336796125105,0.7147845530541657,0.6187323738446749,0.7131950219335293,0.4361938173440619,0.6167439665279059,0.5246115370829119,0.8615410576745931,0.6318254019108237,0.5337459669770018,0.537875425158386,0.5158068468398805,0.42016595619635333,0.6599245915828542,0.8062580287231492,0.7445263379126329,0.5475283543182214,0.5906978013618557,0.5601943693167899,0.5252870602967299,0.7403786973934028,0.6289664117226718,0.5318767301843157,0.5225755419845012,0.5130849893540842,0.5696943162733329,0.5845467662901438,0.5925289734233173,0.5,0.4880322472513385,0.5228827384031628,0.5166255849471604,0.5554031557804587,0.8051333925083545,0.6963310460055482,0.4725121728548275,0.782702141662531,0.5990450558116643,0.5652632927501543,0.6573266215488186,0.6032416015740157,0.7151339561084298,0.5529568239625423,0.9725121728548275,0.5362123326568121,0.5606626530358279,0.8073135264774831,0.7112613472679923,0.8057239953568467,0.7092729399512232,0.6171405105062292,0.9540700310979104,0.724354375334141,0.6262749404003192,0.6304043985817034,0.6083358202631979,0.5126949296196707,0.7524535650061717,0.8987870021464667,0.8370553113359502,0.6400573277415388,0.6026655541105173,0.5721621220654515,0.5372548130453914,0.7523464501420642,0.6409341644713332,0.5438444829329772,0.5345432947331628,0.5345432947331628,0.5250527421027457,0.5816620690219944,0.5965145190388054,0.6044967261719789,0.5119677527486615,0.5,0.5348504911518244,0.5285933376958218,0.5293440093912409,0.5673709085291202,0.8171011452570159,0.7082987987542096,0.484479925603489,0.7946698944111926,0.6110128085603259,0.5772310454988158,0.6692943742974802,0.6152093543226772,0.7271017088570914,0.5649245767112038,0.984479925603489,0.5481800854054737,0.5726304057844894,0.8192812792261446,0.7232291000166539,0.8176917481055083,0.5406905435160407,0.7212406926998847,0.6291082632548907,0.9660377838465719,0.7363221280828025,0.6382426931489806,0.6423721513303648,0.6203035730118593,0.5246626823683322,0.7644213177548331,0.9107547548951281,0.8490230640846117,0.6520250804902004,0.5678150629586929,0.5373116309136271,0.502404321893567,0.7174959589902399,0.6060836733195089,0.5089939917811528,0.4996928035813384,0.4996928035813384,0.49020225095092135,0.6863676286387411,0.54681157787017,0.561664027886981,0.5696462350201545,0.47711726159683715,0.46514950884817563,0.5,0.4937428465439975,0.4944935182394166,0.5325204173772958,0.7822506541051917,0.6734483076023854,0.44962943445166464,0.7598194032593683,0.5761623174085015,0.5423805543469915,0.6344438831456558,0.580358863170853,0.692251217705267,0.5300740855593795,0.9496294344516646,0.5133295942536493,0.5377799146326651,0.7844307880743202,0.6883786088648295,0.7828412569536839,0.5058400523642164,0.6863902015480604,0.5942577721030663,0.9311872926947476,0.7014716369309781,0.6033922019971564,0.6075216601785406,0.5854530818600351,0.4898121912165079,0.7295708266030088,0.8759042637433038,0.8141725729327873,0.617174589338376,0.5740722164146954,0.5435687843696295,0.5086614753495695,0.7237531124462424,0.6123408267755114,0.5152511452371553,0.5059499570373408,0.5059499570373408,0.4964594044069238,0.5530687313261725,0.5679211813429834,0.575903388476157,0.4833744150528396,0.47140666230417816,0.5062571534560025,0.5,0.5007506716954191,0.5387775708332984,0.7885078075611941,0.6797054610583878,0.4558865879076671,0.7660765567153708,0.5824194708645041,0.5486377078029939,0.6407010366016582,0.5866160166268554,0.6985083711612695,0.5363312390153819,0.9558865879076671,0.5195867477096517,0.5440370680886675,0.7906879415303227,0.694635762320832,0.7890984104096864,0.5120972058202189,0.6926473550040628,0.6005149255590688,0.9374444461507501,0.7077287903869807,0.6096493554531588,0.613778813634543,0.5917102353160375,0.49606934467251035,0.7358279800590113,0.8821614171993063,0.8204297263887899,0.6234317427943785,0.5733215447192763,0.5428181126742104,0.7230024407508233,0.6115901550800923,0.5145004735417362,0.5051992853419217,0.49570873271150473,0.5523180596307534,0.5671705096475643,0.5751527167807379,0.47065599060875907,0.5055064817605834,0.4992493283045809,0.5380268991378793,0.787757135865775,0.6789547893629687,0.455135916212248,0.7653258850199517,0.581668799169085,0.5478870361075748,0.6399503649062391,0.5858653449314363,0.6977576994658504,0.955135916212248,0.5188360760142326,0.5432863963932484,0.7899372698349036,0.6938850906254129,0.7883477387142673,0.6918966833086437,0.5997642538636497,0.936693774455331,0.7069781186915616,0.6088986837577397,0.6130281419391239,0.5909595636206184,0.49531867297709126,0.7350773083635922,0.8814107455038872,0.8196790546933708,0.6226810710989594,0.535294645581397,0.5047912135363313,0.4698839045162712,0.684975541612944,0.573563255942213,0.47647357440385696,0.4671723862040425,0.4671723862040425,0.4576818335736255,0.5142911604928742,0.5291436105096852,0.5371258176428587,0.4445968442195413,0.4326290914708798,0.46747958262270417,0.4612224291667017,0.4619731008621208,0.5,0.7497302367278957,0.6409278902250896,0.4171090170743688,0.7272989858820724,0.5436419000312057,0.5098601369696956,0.60192346576836,0.5478384457935571,0.6597308003279712,0.49755366818208363,0.9171090170743688,0.4808091768763535,0.5052594972553692,0.7519103706970244,0.6558581914875337,0.7503208395763881,0.4733196349869206,0.6538697841707645,0.5617373547257705,0.8986668753174518,0.6689512195536823,0.5708717846198605,0.5750012428012446,0.5529326644827393,0.45729177383921205,0.6970504092257129,0.8433838463660079,0.7816521555554915,0.5846541719610802,0.28556440885350126,0.2550609768084354,0.22015366778837542,0.4352453048850483,0.32383301921431723,0.22674333767596117,0.21744214947614673,0.21744214947614673,0.2079515968457297,0.40411697453354944,0.2645609237649784,0.2794133737817894,0.28739558091496287,0.19486660749164553,0.18289885474298404,0.21774934589480838,0.21149219243880588,0.21224286413422497,0.2502697632721042,0.5,0.3911976534971937,0.16737878034647302,0.47756874915417663,0.2939116633033099,0.2601299002417998,0.35219322904046413,0.29810820906566127,0.41000056360007536,0.24782343145418784,0.667378780346473,0.23107894014845767,0.25552926052747343,0.5021801339691286,0.40612795475963787,0.5005906028484923,0.2235893982590248,0.40413954744286873,0.31200711799787473,0.648936638589556,0.41922098282578657,0.3211415478919647,0.3252710060733489,0.3032024277548434,0.20756153711131625,0.44732017249781714,0.5936536096381122,0.5319219188275958,0.33492393523318437,0.39436675535630755,0.3638633233112417,0.3289560142911817,0.5440476513878546,0.4326353657171235,0.33554568417876746,0.326244495978953,0.326244495978953,0.316753943348536,0.5129193210363557,0.3733632702677847,0.3882157202845956,0.39619792741776916,0.3036689539944518,0.2917012012457903,0.32655169239761467,0.3202945389416122,0.3210452106370313,0.3590721097749105,0.6088023465028063,0.5,0.2761811268492793,0.5863710956569829,0.4027140098061162,0.3689322467446061,0.4609955755432704,0.40691055556846756,0.5188029101028816,0.3566257779569941,0.7761811268492793,0.33988128665126394,0.36433160703027967,0.6109824804719349,0.5149303012624441,0.6093929493512985,0.3323917447618311,0.512941893945675,0.420809464500681,0.7577389850923623,0.5280233293285929,0.429943894394771,0.4340733525761552,0.4120047742576497,0.31636388361412254,0.5561225190006234,0.7024559561409185,0.640724265330402,0.44372628173599066,0.6181856285070283,0.5876821964619624,0.5527748874419024,0.7678665245385753,0.6564542388678443,0.5593645573294882,0.5500633691296737,0.5500633691296737,0.5405728164992567,0.5971821434185054,0.6120345934353163,0.6200168005684898,0.5274878271451725,0.515520074396511,0.5503705655483354,0.5441134120923329,0.544864083787752,0.5828909829256312,0.832621219653527,0.7238188731507207,0.5,0.8101899688077037,0.626532882956837,0.5927511198953268,0.6848144486939911,0.6307294287191882,0.7426217832536023,0.5804446511077148,1.0,0.5637001598019846,0.5881504801810004,0.8348013536226556,0.7387491744131649,0.8332118225020193,0.5562106179125518,0.7367607670963957,0.6446283376514017,0.981557858243083,0.7518422024793135,0.6537627675454917,0.6578922257268759,0.6358236474083704,0.5401827567648432,0.7799413921513442,0.9262748292916392,0.8645431384811227,0.6675451548867114,0.30799565969932463,0.2774922276542588,0.2425849186341988,0.4576765557308717,0.3462642700601406,0.24917458852178453,0.2398734003219701,0.2398734003219701,0.23038284769155307,0.4265482253793728,0.2869921746108018,0.30184462462761275,0.30982683176078624,0.2172978583374689,0.2053301055888074,0.24018059674063175,0.23392344328462925,0.23467411498004837,0.2727010141179276,0.5224312508458234,0.4136289043430171,0.1898100311922964,0.5,0.3163429141491333,0.2825611510876232,0.3746244798862875,0.32053945991148464,0.43243181444589873,0.2702546823000112,0.6898100311922963,0.25351019099428107,0.2779605113732968,0.524611384814952,0.42855920560546124,0.5230218536943156,0.24602064910484817,0.4265707982886921,0.3344383688436981,0.6713678894353794,0.44165223367160994,0.34357279873778807,0.3477022569191723,0.3256336786006668,0.22999278795713962,0.4697514233436405,0.6160848604839355,0.5543531696734191,0.35735518607900774,0.49165274555019134,0.46114931350512556,0.4262420044850655,0.6413336415817383,0.5299213559110073,0.43283167437265124,0.42353048617283684,0.42353048617283684,0.4140399335424198,0.6102053112302396,0.4706492604616685,0.48550171047847945,0.493483917611653,0.4009549441883356,0.3889871914396741,0.42383768259149845,0.417580529135496,0.4183312008309151,0.4563580999687943,0.7060883366966901,0.5972859901938838,0.3734671170431631,0.6836570858508667,0.5,0.4662182369384899,0.5582815657371543,0.5041965457623514,0.6160889002967654,0.4539117681508779,0.873467117043163,0.4371672768451478,0.4616175972241635,0.7082684706658187,0.6122162914563279,0.7066789395451823,0.4296777349557149,0.6102278841395589,0.5180954546945647,0.8550249752862461,0.6253093195224766,0.5272298845886548,0.531359342770039,0.5092907644515335,0.41364987380800633,0.6534085091945072,0.7997419463348022,0.7380102555242858,0.5410122719298744,0.5254345086117014,0.4949310765666356,0.4600237675465756,0.6751154046432485,0.5637031189725175,0.46661343743416134,0.45731224923434693,0.45731224923434693,0.4478216966039299,0.6439870742917496,0.5044310235231786,0.5192834735399895,0.527265680673163,0.4347367072498457,0.4227689545011842,0.45761944565300855,0.4513622921970061,0.45211296389242517,0.4901398630303044,0.7398700997582002,0.6310677532553939,0.4072488801046732,0.7174388489123769,0.53378176306151,0.5,0.5920633287986643,0.5379783088238614,0.6498706633582755,0.487693531212388,0.9072488801046732,0.4709490399066579,0.4953993602856736,0.7420502337273288,0.645998054517838,0.7404607026066925,0.46345949801722497,0.6440096472010689,0.5518772177560749,0.8888067383477561,0.6590910825839867,0.5610116476501649,0.5651411058315491,0.5430725275130436,0.4474316368695164,0.6871902722560174,0.8335237093963124,0.7717920185857959,0.5747940349913846,0.4333711798130371,0.4028677477679713,0.3679604387479113,0.5830520758445842,0.4716397901738531,0.37455010863549704,0.3652489204356826,0.3652489204356826,0.35575836780526554,0.5519237454930853,0.41236769472451423,0.4272201447413252,0.43520235187449874,0.3426733784511814,0.3307056257025199,0.36555611685434425,0.3592989633983417,0.3600496350937608,0.3980765342316401,0.6478067709595359,0.5390044244567296,0.31518555130600884,0.6253755201137124,0.4417184342628458,0.4079366712013357,0.5,0.44591498002519714,0.5578073345596112,0.3956302024137237,0.8151855513060089,0.3788857111079935,0.40333603148700925,0.6499869049286644,0.5539347257191737,0.6483973738080281,0.3713961692185606,0.5519463184024046,0.45981388895741054,0.7967434095490918,0.5670277537853224,0.46894831885150057,0.4730777770328848,0.4510091987143793,0.35536830807085207,0.595126943457353,0.741460380597648,0.6797286897871316,0.48273070619272024,0.48745619978784,0.45695276774277416,0.42204545872271415,0.637137095819387,0.5257248101486559,0.4286351286102999,0.41933394041048544,0.41933394041048544,0.4098433877800684,0.6060087654678882,0.46645271469931715,0.48130516471612805,0.4892873718493016,0.39675839842598426,0.38479064567732274,0.4196411368291471,0.41338398337314464,0.41413465506856373,0.45216155420644294,0.7018917909343387,0.5930894444315324,0.36927057128081175,0.6794605400885153,0.49580345423764866,0.46202169117613856,0.5540850199748029,0.5,0.611892354534414,0.44971522238852657,0.8692705712808118,0.4329707310827964,0.4574210514618121,0.7040719249034674,0.6080197456939765,0.702482393782831,0.42548118919336353,0.6060313383772075,0.5138989089322135,0.8508284295238947,0.6211127737601253,0.5230333388263034,0.5271627970076876,0.5050942186891821,0.409453328045655,0.6492119634321558,0.7955454005724509,0.7338137097619345,0.536815726167523,0.3755638452534259,0.3450604132083601,0.31015310418830006,0.525244741284973,0.41383245561424187,0.3167427740758858,0.3074415858760714,0.3074415858760714,0.29795103324565436,0.4941164109334741,0.35456036016490305,0.369412810181714,0.37739501731488756,0.28486604389157016,0.2728982911429087,0.307748782294733,0.30149162883873054,0.30224230053414963,0.34026919967202884,0.5899994363999247,0.48119708989711835,0.25737821674639766,0.5675681855541013,0.38391109970323456,0.35012933664172446,0.4421926654403888,0.3881076454655859,0.5,0.3378228678541125,0.7573782167463977,0.32107837654838234,0.34552869692739807,0.5921795703690532,0.4961273911595625,0.5905900392484169,0.31358883465894943,0.49413898384279337,0.40200655439779936,0.7389360749894807,0.5092204192257112,0.41114098429188933,0.41527044247327355,0.39320186415476804,0.2975609735112409,0.5373196088977418,0.6836530460380368,0.6219213552275205,0.424923371633109,0.5377409773993134,0.5072375453542476,0.4723302363341876,0.6874218734308605,0.5760095877601294,0.47891990622177333,0.46961871802195887,0.4601281653915419,0.5167374923107906,0.5315899423276015,0.539572149460775,0.4470431760374577,0.43507542328879617,0.46992591444062054,0.46366876098461807,0.5024463318179164,0.7521765685458122,0.6433742220430059,0.4195553488922852,0.7297453176999887,0.546088231849122,0.512306468787612,0.6043697975862763,0.5502847776114734,0.6621771321458875,0.5,0.9195553488922852,0.48325550869426986,0.5077058290732855,0.7543567025149408,0.65830452330545,0.7527671713943044,0.6563161159886809,0.5641836865436869,0.9011132071353681,0.6713975513715987,0.5733181164377769,0.5774475746191611,0.5553789963006556,0.4597381056571284,0.6994967410436294,0.8458301781839244,0.7840984873734079,0.5871005037789965,0.11818562850702824,0.08768219646196243,0.0527748874419024,0.2678665245385753,0.15645423886784424,0.059364557329488164,0.05006336912967373,0.05006336912967373,0.040572816499256696,0.23673819418707642,0.09718214341850538,0.11203459343531634,0.12001680056848987,0.02748782714517252,0.015520074396511013,0.05037056554833536,0.044113412092332875,0.04486408378775197,0.0828909829256312,0.332621219653527,0.22381887315072072,0.0,0.3101899688077036,0.1265328829568369,0.0927511198953268,0.18481444869399113,0.13072942871918827,0.24262178325360234,0.08044465110771483,0.5,0.06370015980198467,0.0881504801810004,0.33480135362265556,0.23874917441316484,0.33321182250201925,0.056210617912551775,0.2367607670963957,0.1446283376514017,0.48155785824308295,0.25184220247931355,0.1537627675454917,0.1578922257268759,0.1358236474083704,0.040182756764843224,0.2799413921513441,0.4262748292916391,0.36454313848112274,0.16754515488671134,0.5544854687050436,0.5239820366599778,0.4890747276399177,0.7041663647365907,0.5927540790658595,0.4956643975275035,0.48636320932768906,0.48636320932768906,0.476872656697272,0.5334819836165208,0.5483344336333317,0.5563166407665052,0.4637876673431878,0.45181991459452636,0.4866704057463507,0.4804132522903482,0.4811639239857673,0.5191908231236465,0.7689210598515424,0.6601187133487361,0.4362998401980153,0.7464898090057189,0.5628327231548522,0.5290509600933422,0.6211142888920065,0.5670292689172036,0.6789216234516177,0.5167444913057302,0.9362998401980154,0.5,0.5244503203790157,0.7711011938206709,0.6750490146111802,0.7695116627000346,0.4925104581105671,0.6730606072944111,0.5809281778494171,0.9178576984410983,0.6881420426773288,0.590062607743507,0.5941920659248913,0.5721234876063858,0.47648259696285855,0.7162412323493594,0.8625746694896544,0.8008429786791381,0.6038449950847267,0.5300351483260278,0.49953171628096205,0.464624407260902,0.6797160443575749,0.5683037586868438,0.4712140771484878,0.46191288894867333,0.46191288894867333,0.4524223363182563,0.6485877140060761,0.509031663237505,0.5238841132543159,0.5318663203874895,0.43933734696417215,0.42736959421551063,0.46222008536733494,0.45596293191133247,0.45671360360675156,0.49474050274463083,0.7444707394725266,0.6356683929697203,0.4118495198189996,0.7220394886267032,0.5383824027758365,0.5046006397143264,0.5966639685129907,0.5425789485381879,0.6544713030726019,0.49229417092671446,0.9118495198189996,0.47554967962098427,0.5,0.7466508734416551,0.6505986942321644,0.7450613423210188,0.46806013773155136,0.6486102869153954,0.5564778574704013,0.8934073780620826,0.6636917222983132,0.5656122873644913,0.5697417455458755,0.54767316722737,0.4520322765838428,0.6917909119703437,0.8381243491106387,0.7763926583001224,0.5793946747057109,0.2833842748843727,0.25288084283930684,0.2179735338192468,0.43306517091591973,0.32165288524518865,0.22456320370683258,0.21526201550701815,0.21526201550701815,0.2057714628766011,0.40193684056442086,0.2623807897958498,0.27723323981266074,0.2852154469458343,0.19268647352251694,0.18071872077385542,0.21556921192567977,0.2093120584696773,0.21006273016509638,0.24808962930297562,0.4978198660308714,0.3890175195280651,0.1651986463773444,0.47538861518504805,0.29173152933418134,0.25794976627267124,0.35001309507133554,0.2959280750965327,0.4078204296309467,0.24564329748505925,0.6651986463773444,0.2288988061793291,0.2533491265583448,0.5,0.4039478207905093,0.4984104688793637,0.22140926428989618,0.40195941347374015,0.3098269840287461,0.6467565046204273,0.41704084885665793,0.3189614139228361,0.32309087210422033,0.3010222937857148,0.20538140314218764,0.44514003852868855,0.5914734756689836,0.5297417848584671,0.3327438012640558,0.3794364540938634,0.3489330220487976,0.31402571302873755,0.5291173501254104,0.41770506445467936,0.3206153829163233,0.3113141947165089,0.3113141947165089,0.30182364208609186,0.4979890197739116,0.35843296900534055,0.3732854190221515,0.381267626155325,0.28873865273200766,0.27677089998334614,0.3116213911351705,0.30536423767916804,0.30611490937458713,0.34414180851246634,0.5938720452403622,0.48506969873755584,0.26125082558683516,0.5714407943945388,0.38778370854367206,0.35400194548216196,0.44606527428082626,0.3919802543060234,0.5038726088404375,0.34169547669454997,0.7612508255868351,0.32495098538881984,0.34940130576783557,0.5960521792094907,0.5,0.5944626480888544,0.31746144349938693,0.49801159268323086,0.40587916323823686,0.7428086838299182,0.5130930280661486,0.41501359313232683,0.41914305131371105,0.39707447299520554,0.3014335823516784,0.5411922177381793,0.6875256548784743,0.6257939640679578,0.4287959804735465,0.284973806005009,0.25447037395994315,0.21956306493988315,0.43465470203655604,0.32324241636582496,0.2261527348274689,0.21685154662765446,0.21685154662765446,0.20736099399723742,0.4035263716850572,0.26397032091648615,0.2788227709332971,0.2868049780664706,0.19427600464315326,0.18230825189449176,0.2171587430463161,0.2109015895903136,0.2116522612857327,0.24967916042361193,0.49940939715150773,0.39060705064870144,0.16678817749798075,0.47697814630568436,0.29332106045481765,0.25953929739330756,0.35160262619197186,0.297517606217169,0.4094099607515831,0.24723282860569556,0.6667881774979807,0.2304883372999654,0.2549386576789811,0.5015895311206363,0.4055373519111456,0.5,0.22299879541053252,0.40354894459437646,0.31141651514938246,0.6483460357410638,0.4186303799772943,0.3205509450434724,0.32468040322485664,0.30261182490635113,0.20697093426282395,0.44672956964932486,0.5930630067896199,0.5313313159791034,0.3343333323846921,0.5619750105944765,0.5314715785494106,0.7116559066260235,0.6002436209552925,0.5031539394169364,0.49385275121712197,0.48436219858670493,0.5409715255059536,0.5558239755227645,0.5638061826559381,0.45930945648395927,0.4941599476357836,0.4879027941797811,0.5266803650130795,0.7764106017409752,0.6676082552381689,0.4437893820874482,0.7539793508951519,0.5703222650442852,0.536540501982775,0.6286038307814393,0.5745188108066365,0.6864111653410505,0.9437893820874482,0.5074895418894328,0.5319398622684486,0.7785907357101038,0.6825385565006131,0.7770012045894675,0.6805501491838439,0.5884177197388499,0.9253472403305312,0.6956315845667618,0.5975521496329399,0.6016816078143241,0.5796130294958186,0.48397213885229146,0.7237307742387924,0.8700642113790874,0.808332520568571,0.6113345369741596,0.38142486141063253,0.3509214293655667,0.3160141203455067,0.5311057574421796,0.4196934717714485,0.32260379023309244,0.313302602033278,0.313302602033278,0.303812049402861,0.4999774270906807,0.3604213763221097,0.37527382633892065,0.38325603347209414,0.2907270600487768,0.2787593073001153,0.31360979845193965,0.3073526449959372,0.30810331669135627,0.3461302158292355,0.5958604525571313,0.487058106054325,0.2632392329036043,0.5734292017113078,0.3897721158604412,0.3559903527989311,0.4480536815975954,0.39396866162279254,0.5058610161572066,0.3436838840113191,0.7632392329036043,0.32693939270558897,0.35138971308460465,0.5980405865262599,0.5019884073167691,0.5964510554056235,0.31944985081615607,0.5,0.407867570555006,0.7447970911466872,0.5150814353829178,0.41700200044909597,0.4211314586304802,0.3990628803119747,0.3034219896684475,0.5431806250549485,0.6895140621952435,0.627782371384727,0.43078438779031564,0.47355729085562653,0.44305385881056075,0.4081465497905007,0.6232381868871736,0.5118259012164426,0.4147362196780865,0.40543503147827203,0.40543503147827203,0.395944478847855,0.4525538057671037,0.46740625578391465,0.4753884629170882,0.3828594894937708,0.37089173674510933,0.40574222789693365,0.3994850744409312,0.40023574613635027,0.4382626452742295,0.6879928820021253,0.579190535499319,0.3553716623485983,0.665561631156302,0.4819045453054352,0.4481227822439251,0.5401861110425894,0.48610109106778654,0.5979934456022007,0.4358163134563131,0.8553716623485983,0.419071822150583,0.4435221425295987,0.6901730159712539,0.5941208367617632,0.6885834848506176,0.41158228026115007,0.592132429444994,0.5,0.8369295205916812,0.6072138648279118,0.50913442989409,0.5132638880754742,0.49119530975696873,0.3955544191134415,0.6353130544999425,0.7816464916402375,0.719914800829721,0.5229168172353097,0.13662777026394526,0.10612433821887947,0.07121702919881943,0.28630866629549234,0.17489638062476126,0.0778066990864052,0.06850551088659075,0.06850551088659075,0.05901495825617373,0.2551803359439935,0.11562428517542242,0.13047673519223338,0.1384589423254069,0.04592996890208955,0.033962216153428045,0.0688127073052524,0.0625555538492499,0.063306225544669,0.10133312468254824,0.35106336141044403,0.24226101490763774,0.01844214175691703,0.32863211056462066,0.14497502471375392,0.11119326165224384,0.20325659045090816,0.1491715704761053,0.2610639250105194,0.09888679286463185,0.518442141756917,0.0821423015589017,0.10659262193791742,0.3532434953795726,0.2571913161700819,0.3516539642589363,0.0746527596694688,0.25520290885331276,0.16307047940831873,0.5,0.27028434423623054,0.17220490930240873,0.17633436748379294,0.15426578916528744,0.058624898521760255,0.29838353390826117,0.4447169710485562,0.3829852802380398,0.1859872966436284,0.3663434260277147,0.3358399939826489,0.30093268496258885,0.5160243220592617,0.4046120363885307,0.30752235485017465,0.2982211666503602,0.2982211666503602,0.28873061401994315,0.4848959917077629,0.34533994093919185,0.3601923909560028,0.36817459808917635,0.27564562466585896,0.2636778719171975,0.2985283630690218,0.29227120961301933,0.2930218813084384,0.3310487804463177,0.5807790171742134,0.4719766706714072,0.24815779752068645,0.5583477663283901,0.37469068047752335,0.34090891741601326,0.4329722462146776,0.37888722623987475,0.4907795807742888,0.32860244862840127,0.7481577975206865,0.31185795732267113,0.33630827770168686,0.5829591511433421,0.4869069719338513,0.5813696200227058,0.3043684154332382,0.48491856461708216,0.39278613517208816,0.7297156557637694,0.5,0.4019205650661782,0.40605002324756234,0.3839814449290569,0.2883405542855297,0.5280991896720306,0.6744326268123256,0.6127009360018092,0.4157029524073978,0.46442286096153657,0.43391942891647073,0.3990121198964107,0.6141037569930836,0.5026914713223525,0.40560178978399647,0.396300601584182,0.396300601584182,0.38681004895376503,0.5829754266415847,0.4434193758730137,0.4582718258898246,0.46625403302299817,0.37372505959968083,0.3617573068510193,0.3966077980028437,0.3903506445468412,0.3911013162422603,0.4291282153801395,0.6788584521080353,0.570056105605229,0.3462372324545083,0.6564272012622119,0.4727701154113452,0.43898835234983513,0.5310516811484994,0.47696666117369657,0.5888590157081106,0.42668188356222314,0.8462372324545083,0.40993739225649295,0.4343877126355087,0.6810385860771639,0.5849864068676731,0.6794490549565275,0.4024478503670601,0.582997999550904,0.49086557010591003,0.8277950906975913,0.5980794349338219,0.5,0.5041294581813842,0.4820608798628787,0.38641998921935156,0.6261786246058524,0.7725120617461475,0.7107803709356311,0.5137823873412196,0.46029340278015235,0.4297899707350865,0.3948826617150265,0.6099742988116994,0.4985620131409683,0.40147233160261225,0.3921711434027978,0.3921711434027978,0.3826805907723808,0.5788459684602005,0.4392899176916295,0.45414236770844046,0.46212457484161396,0.3695956014182966,0.3576278486696351,0.39247833982145947,0.386221186365457,0.3869718580608761,0.4249987571987553,0.6747289939266511,0.5659266474238448,0.3421077742731241,0.6522977430808277,0.468640657229961,0.4348588941684509,0.5269222229671152,0.47283720299231236,0.5847295575267264,0.4225524253808389,0.8421077742731241,0.4058079340751088,0.43025825445412447,0.6769091278957797,0.5808569486862889,0.6753195967751433,0.3983183921856759,0.5788685413695198,0.4867361119245258,0.8236656325162071,0.5939499767524377,0.4958705418186158,0.5,0.4779314216814945,0.38229053103796734,0.6220491664244683,0.7683826035647633,0.7066509127542469,0.5096529291598354,0.48236198109865785,0.451858549053592,0.416951240033532,0.6320428771302049,0.5206305914594738,0.42354090992111776,0.4142397217213033,0.4142397217213033,0.40474916909088626,0.600914546778706,0.46135849601013496,0.4762109460269459,0.48419315316011946,0.3916641797368021,0.3796964269881406,0.41454691813996497,0.4082897646839625,0.4090404363793816,0.4470673355172608,0.6967975722451566,0.5879952257423503,0.3641763525916296,0.6743663213993332,0.4907092355484665,0.4569274724869564,0.5489908012856207,0.49490578131081786,0.6067981358452319,0.44462100369934443,0.8641763525916296,0.42787651239361424,0.45232683277262997,0.6989777062142852,0.6029255270047944,0.6973881750936488,0.4203869705041814,0.6009371196880253,0.5088046902430313,0.8457342108347126,0.6160185550709432,0.5179391201371213,0.5220685783185055,0.5,0.40435910935647285,0.6441177447429737,0.7904511818832688,0.7287194910727524,0.5317215074783409,0.578002871742185,0.5474994396971192,0.5125921306770592,0.7276837677737321,0.616271482103001,0.5191818005646449,0.5098806123648305,0.5098806123648305,0.5003900597344134,0.6965554374222332,0.5569993866536621,0.5718518366704731,0.5798340438036467,0.4873050703803293,0.4753373176316678,0.5101878087834921,0.5039306553274896,0.5046813270229087,0.542708226160788,0.7924384628886838,0.6836361163858775,0.45981724323515677,0.7700072120428604,0.5863501261919937,0.5525683631304836,0.6446316919291479,0.5905466719543451,0.7024390264887591,0.5402618943428716,0.9598172432351568,0.5235174030371414,0.5479677234161572,0.7946185968578123,0.6985664176483216,0.793029065737176,0.5160278611477086,0.6965780103315525,0.6044455808865584,0.9413751014782398,0.7116594457144703,0.6135800107806485,0.6177094689620327,0.5956408906435272,0.5,0.7397586353865009,0.8860920725267959,0.8243603817162796,0.6273623981218681,0.3382442363556841,0.3077408043106183,0.2728334952905583,0.4879251323872312,0.3765128467165001,0.27942316517814403,0.27012197697832957,0.27012197697832957,0.2606314243479126,0.4567968020357323,0.3172407512671613,0.33209320128397224,0.34007540841714573,0.2475464349938284,0.23557868224516687,0.27042917339699124,0.26417201994098877,0.26492269163640786,0.30294959077428707,0.5526798275021828,0.4438774809993766,0.22005860784865586,0.5302485766563595,0.3465914908054928,0.3128097277439827,0.404873056542647,0.35078803656784413,0.4626803911022582,0.3005032589563707,0.7200586078486558,0.28375876765064056,0.30820908802965624,0.5548599614713114,0.45880778226182073,0.5532704303506751,0.27626922576120766,0.4568193749450516,0.3646869455000576,0.7016164660917389,0.4719008103279694,0.37382137539414756,0.3779508335755318,0.35588225525702627,0.2602413646134991,0.5,0.646333437140295,0.5846017463297786,0.38760376273536723,0.1919107992153891,0.16140736717032328,0.12650005815026324,0.34159169524693617,0.23017940957620509,0.13308972803784902,0.12378853983803458,0.12378853983803458,0.11429798720761755,0.3104633648954373,0.17090731412686624,0.1857597641436772,0.19374197127685072,0.10121299785353337,0.08924524510487186,0.12409573625669622,0.11783858280069373,0.11858925449611282,0.15661615363399206,0.40634639036188785,0.29754404385908156,0.07372517070836085,0.3839151395160645,0.20025805366519775,0.16647629060368765,0.258539619402352,0.20445459942754912,0.3163469539619632,0.1541698218160757,0.5737251707083608,0.13742533051034553,0.16187565088936126,0.40852652433101644,0.3124743451215257,0.4069369932103801,0.12993578862091262,0.3104859378047566,0.21835350835976255,0.5552830289514439,0.32556737318767437,0.22748793825385255,0.23161739643523677,0.20954881811673126,0.11390792747320408,0.353666562859705,0.5,0.4382683091894836,0.24127032559507222,0.2536424900259055,0.2231390579808397,0.18823174896077965,0.40332338605745255,0.29191110038672147,0.19482141884836543,0.18552023064855097,0.18552023064855097,0.17602967801813396,0.3721950557059537,0.23263900493738265,0.2474914549541936,0.25547366208736716,0.16294468866404976,0.15097693591538827,0.1858274270672126,0.17957027361121014,0.18032094530662923,0.21834784444450844,0.46807808117240424,0.35927573466959795,0.13545686151887726,0.44564683032658087,0.26198974447571416,0.22820798141420406,0.3202713102128684,0.2661862902380655,0.3780786447724796,0.21590151262659207,0.6354568615188773,0.19915702132086194,0.22360734169987764,0.4702582151415328,0.3742060359320421,0.4686686840208965,0.19166747943142903,0.37221762861527297,0.28008519917027896,0.6170147197619602,0.3872990639981908,0.28921962906436893,0.29334908724575315,0.27128050892724764,0.1756396182837205,0.4153982536702214,0.5617316908105164,0.5,0.3030020164055886,0.4506404736203169,0.42013704157525106,0.38522973255519105,0.6003213696518639,0.48890908398113286,0.3918194024427768,0.3825182142429624,0.3825182142429624,0.37302766161254536,0.5691930393003651,0.42963698853179405,0.444489438548605,0.4524716456817785,0.35994267225846116,0.34797491950979964,0.382825410661624,0.37656825720562154,0.37731892890104063,0.41534582803891984,0.6650760647668156,0.5562737182640094,0.33245484511328866,0.6426448139209923,0.45898772807012556,0.42520596500861546,0.5172692938072798,0.4631842738324769,0.575076628366891,0.41289949622100347,0.8324548451132886,0.39615500491527333,0.420605325294289,0.6672561987359442,0.5712040195264535,0.6656666676153079,0.38866546302584043,0.5692156122096844,0.47708318276469036,0.8140127033563717,0.5842970475926021,0.48621761265878033,0.49034707084016455,0.46827849252165904,0.3726376018781319,0.6123962372646328,0.7587296744049278,0.6969979835944113,0.5,0.5,0.934385856183377,0.6030338659156581,0.680749719967136,0.5701408532488792,0.4794432815152136,0.5285609356620282,0.5664789618486921,0.5633867354014427,0.5078481596955139,0.5356245424187597,0.7109091887238189,0.5507704586204867,0.605608832423823,0.5732384250711369,0.5566027763686741,0.5685120949028721,0.585588484717029,0.5611624271024055,0.55221015830616,0.785986153130692,0.9794432815152135,0.5571169513012723,0.607619551326807,0.6929041044753441,0.5947994170445923,0.5672247919992797,0.5043746383014164,0.7531453900015753,0.7879386925561096,0.7730421418227135,0.6147514181469627,0.6608763027423069,0.5819169324998416,0.5635259355424427,0.607619551326807,0.5718007519632216,0.8411676327313066,0.7079384747372554,0.5852810402070012,0.628334473114823,0.7210813232887603,0.5748681832293905,0.5081067540683202,0.5574618051357769,0.8355287587244032,0.6437860292983609,0.8194612404348282,0.06561414381662285,0.5,0.16864800973228095,0.2463638637837588,0.13575499706550204,0.04505742533183645,0.0941750794786511,0.1320931056653149,0.12900087921806552,0.07346230351213669,0.10123868623538254,0.2765233325404418,0.11638460243710949,0.17122297624044583,0.1388525688877597,0.1222169201852969,0.13412623871949497,0.15120262853365185,0.12677657091902836,0.11782430212278287,0.35160029694731487,0.5450574253318364,0.12273109511789511,0.17323369514342987,0.2585182482919669,0.16041356086121514,0.13283893581590253,0.06998878211803926,0.31875953381819816,0.3535528363727325,0.33865628563933636,0.18036556196358555,0.22649044655892978,0.14753107631646442,0.1291400793590655,0.17323369514342987,0.13741489577984442,0.4067817765479294,0.27355261855387825,0.1508951840236241,0.19394861693144594,0.2866954671053832,0.14048232704601335,0.073720897884943,0.1230759489523998,0.40114290254102614,0.20940017311498374,0.385075384251451,0.3969661340843419,0.8313519902677191,0.5,0.5777158540514779,0.4671069873332211,0.3764094155995555,0.42552706974637017,0.46344509593303396,0.4603528694857846,0.4048142937798557,0.4325906765031016,0.6078753228081608,0.4477365927048286,0.5025749665081649,0.47020455915547876,0.45356891045301595,0.465478228987214,0.4825546188013709,0.45812856118674744,0.44917629239050194,0.682952287215034,0.8764094155995555,0.45408308538561415,0.5045856854111489,0.589870238559686,0.4917655511289342,0.4641909260836216,0.4013407723857583,0.6501115240859172,0.6849048266404515,0.6700082759070554,0.5117175522313046,0.5578424368266488,0.4788830665841835,0.4604920696267845,0.5045856854111489,0.46876688604756345,0.7381337668156485,0.6049046088215972,0.4822471742913432,0.525300607199165,0.6180474573731023,0.47183431731373243,0.40507288815266207,0.45442793922011887,0.7324948928087452,0.5407521633827028,0.71642737451917,0.31925028003286404,0.7536361362162411,0.42228414594852215,0.5,0.38939113328174324,0.29869356154807764,0.3478112156948923,0.3857292418815561,0.3826370154343067,0.3270984397283779,0.3548748224516237,0.530159468756683,0.37002073865335067,0.424859112456687,0.3924887051040009,0.3758530564015381,0.3877623749357362,0.40483876474989305,0.38041270713526953,0.3714604383390241,0.6052364331635561,0.7986935615480777,0.3763672313341363,0.42686983135967105,0.5121543845082082,0.41404969707745637,0.38647507203214376,0.3236249183342805,0.5723956700344394,0.6071889725889736,0.5922924218555775,0.43400169817982676,0.480126582775171,0.4011672125327056,0.38277621557530667,0.42686983135967105,0.3910510319960856,0.6604179127641706,0.5271887547701194,0.40453132023986527,0.44758475314768714,0.5403316033216243,0.3941184632622546,0.3273570341011842,0.376712085168641,0.6547790387572673,0.46303630933122497,0.6387115204676922,0.4298591467511208,0.8642450029344979,0.5328930126667789,0.6106088667182568,0.4093024282663344,0.4584200824131491,0.49633810859981287,0.4932458821525635,0.43770730644663464,0.4654836891698805,0.6407683354749397,0.4806296053716074,0.5354679791749438,0.5030975718222577,0.49837124165399294,0.5154476314681498,0.48206930505728085,0.7158452998818128,0.9093024282663345,0.6227632512264649,0.5246585637957131,0.4970839387504005,0.43423378505253724,0.6830045367526961,0.7177978393072304,0.7029012885738343,0.5446105648980835,0.5907354494934277,0.5117760792509624,0.4933850822935634,0.5374786980779278,0.5016598987143424,0.7710267794824274,0.6377976214883762,0.558193619865944,0.6509404700398811,0.5047273299805113,0.437965900819441,0.765387905475524,0.5736451760494817,0.749320387185949,0.5205567184847864,0.9549425746681636,0.6235905844004445,0.7013064384519223,0.5906975717336655,0.5,0.5491176541468147,0.5870356803334784,0.583943453886229,0.5284048781803002,0.5561812609035461,0.7314659072086054,0.571327177105273,0.6261655509086094,0.5937951435559232,0.5771594948534604,0.5890688133876585,0.6061452032018154,0.581719145587192,0.5727668767909464,0.8065428716154784,1.0,0.5776736697860586,0.6281762698115935,0.7134608229601305,0.6153561355293787,0.5877815104840661,0.5249313567862028,0.7737021084863617,0.8084954110408961,0.7935988603074999,0.6353081366317491,0.6814330212270934,0.602473650984628,0.584082654027229,0.6281762698115935,0.5923574704480079,0.8617243512160929,0.7284951932220418,0.6488911915996095,0.7416380417735468,0.595424901714177,0.5286634725531065,0.5780185236205634,0.8560854772091897,0.6643427477831473,0.8400179589196146,0.4714390643379717,0.9058249205213489,0.5744729302536299,0.6521887843051077,0.541579917586851,0.4508823458531854,0.5,0.5379180261866637,0.5348257997394145,0.47928722403348556,0.5070636067567315,0.6823482530617907,0.5222095229584583,0.5770478967617947,0.5446774894091087,0.5280418407066458,0.5399511592408439,0.5570275490550007,0.5326014914403773,0.5236492226441317,0.7574252174686638,0.9508823458531854,0.528556015639244,0.5790586156647788,0.6643431688133158,0.566238481382564,0.5386638563372514,0.47581370263938816,0.724584454339547,0.7593777568940814,0.7444812061606852,0.5861904824849344,0.6323153670802787,0.5533559968378133,0.5349649998804143,0.5790586156647788,0.5432398163011933,0.8126066970692783,0.6793775390752271,0.5997735374527948,0.6925203876267321,0.5463072475673623,0.4795458184062919,0.5289008694737487,0.806967823062375,0.6152250936363326,0.7909003047727999,0.43352103815130794,0.8679068943346852,0.536554904066966,0.6142707581184439,0.5036618914001871,0.4129643196665216,0.4620819738133362,0.5,0.4969077735527506,0.44136919784682177,0.46914558057006767,0.6444302268751269,0.4842914967717946,0.539129870575131,0.5067594632224448,0.490123814519982,0.5020331330541801,0.519109522868337,0.4946834652537135,0.485731196457468,0.719507191282,0.9129643196665216,0.4906379894525802,0.5411405894781149,0.626425142626652,0.5283204551959002,0.5007458301505876,0.43789567645272437,0.6866664281528833,0.7214597307074175,0.7065631799740214,0.5482724562982707,0.5943973408936148,0.5154379706511495,0.4970469736937506,0.5411405894781149,0.5053217901145295,0.7746886708826145,0.6414595128885633,0.5188020783583092,0.5618555112661311,0.6546023614400683,0.5083892213806984,0.4416277922196281,0.4909828432870849,0.7690497968757113,0.5773070674496689,0.7529822785861361,0.4366132645985573,0.8709991207819344,0.5396471305142154,0.6173629845656933,0.5067541178474365,0.4160565461137709,0.4651742002605856,0.5030922264472494,0.5,0.44446142429407115,0.472237807017317,0.6475224533223762,0.48738372321904394,0.5422220970223803,0.5098516896696942,0.4932160409672314,0.5051253595014294,0.5222017493155863,0.4977756917009628,0.48882342290471736,0.7225994177292493,0.916056546113771,0.49373021589982957,0.5442328159253643,0.6295173690739014,0.5314126816431496,0.503838056597837,0.4409879028999737,0.6897586546001326,0.7245519571546669,0.7096554064212708,0.55136468274552,0.5974895673408642,0.5185301970983989,0.500139200141,0.5442328159253643,0.5084140165617789,0.7777808973298639,0.6445517393358127,0.5649477377133804,0.6576945878873176,0.5114814478279478,0.4447200186668775,0.4940750697343343,0.7721420233229606,0.5803992938969182,0.7560745050333855,0.49215184030448617,0.9265376964878633,0.5951857062201442,0.6729015602716221,0.5622926935533653,0.47159512181969976,0.5207127759665144,0.5586308021531782,0.5555385757059288,0.5,0.5277763827232459,0.7030610290283051,0.5429222989249728,0.5977606727283091,0.565390265375623,0.5487546166731602,0.5606639352073582,0.5777403250215152,0.5533142674068917,0.5443619986106462,0.7781379934351782,0.9715951218196998,0.5492687916057584,0.5997713916312932,0.6850559447798302,0.5869512573490785,0.5593766323037659,0.49652647860590254,0.7452972303060614,0.7800905328605958,0.7651939821271997,0.6069032584514489,0.6530281430467931,0.5740687728043278,0.5556777758469288,0.5997713916312932,0.5639525922677078,0.8333194730357928,0.7000903150417416,0.6204863134193093,0.7132331635932465,0.5670200235338767,0.5002585943728063,0.5496136454402631,0.8276805990288895,0.635937869602847,0.8116130807393144,0.4643754575812403,0.8987613137646174,0.5674093234968984,0.6451251775483763,0.5345163108301195,0.4438187390964539,0.49293639324326854,0.5308544194299324,0.527762192982683,0.47222361727675416,0.5,0.6752846463050592,0.515145916201727,0.5699842900050632,0.5376138826523772,0.5209782339499144,0.5328875524841125,0.5499639422982693,0.5255378846836458,0.5165856158874004,0.7503616107119323,0.9438187390964539,0.5214924088825126,0.5719950089080473,0.6572795620565843,0.5591748746258326,0.53160024958052,0.4687500958826567,0.7175208475828156,0.7523141501373499,0.7374175994039538,0.579126875728203,0.6252517603235472,0.5462923900810819,0.5279013931236829,0.5719950089080473,0.5361762095444619,0.8055430903125469,0.6723139323184957,0.5496564977882415,0.5927099306960634,0.6854567808700006,0.5392436408106308,0.47248221164956045,0.5218372627170172,0.7999042163056436,0.6081614868796013,0.7838366980160685,0.2890908112761811,0.7234766674595582,0.39212467719183913,0.469840531243317,0.3592316645250602,0.2685340927913947,0.3176517469382093,0.3555697731248731,0.3524775466776237,0.2969389709716949,0.32471535369494076,0.5,0.3398612698966677,0.39469964370000404,0.3623292363473179,0.3456935876448551,0.35760290617905316,0.37467929599321004,0.3502532383785866,0.3413009695823411,0.5750769644068731,0.7685340927913946,0.3462077625774533,0.3967103626029881,0.48199491575152514,0.38389022832077335,0.35631560327546075,0.29346544957759746,0.5422362012777563,0.5770295038322907,0.5621329530988945,0.40384222942314374,0.449967114018488,0.37100774377602264,0.3526167468186237,0.3967103626029881,0.36089156323940264,0.6302584440074877,0.49702928601343643,0.3743718514831823,0.4174252843910041,0.5101721345649414,0.36395899450557156,0.2971975653445012,0.346552616411958,0.6246195700005843,0.43287684057454195,0.6085520517110092,0.4492295413795134,0.8836153975628905,0.5522634072951714,0.6299792613466493,0.5193703946283925,0.42867282289472697,0.4777904770415416,0.5157085032282054,0.512616276780956,0.4570777010750272,0.48485408379827305,0.6601387301033323,0.5,0.5548383738033363,0.5224679664506502,0.5058323177481874,0.5177416362823855,0.5348180260965424,0.5103919684819188,0.5014396996856734,0.7352156945102054,0.9286728228947269,0.5063464926807856,0.5568490927063203,0.6421336458548574,0.5440289584241057,0.5164543333787931,0.45360417968092975,0.7023749313810886,0.737168233935623,0.7222716832022269,0.5639809595264761,0.6101058441218203,0.5311464738793549,0.512755476921956,0.5568490927063203,0.5210302933427349,0.7903971741108199,0.6571680161167688,0.5345105815865145,0.5775640144943365,0.6703108646682737,0.5240977246089039,0.4573362954478335,0.5066913465152904,0.7847583001039167,0.5930155706778742,0.7686907818143415,0.39439116757617704,0.8287770237595542,0.4974250334918351,0.5751408875433129,0.46453202082505624,0.37383444909139063,0.42295210323820526,0.46087012942486905,0.4577779029776197,0.40223932727169087,0.4300157099949367,0.605300356299996,0.44516162619666366,0.5,0.46762959264731385,0.4509939439448511,0.46290326247904917,0.479979652293206,0.45555359467858253,0.44660132588233703,0.6803773207068691,0.8738344490913906,0.4515081188774493,0.5020107189029841,0.5872952720515211,0.4891905846207693,0.4616159595754567,0.3987658058775934,0.6475365575777523,0.6823298601322867,0.6674333093988906,0.5091425857231398,0.555267470318484,0.4763081000760186,0.45791710311861966,0.5020107189029841,0.4661919195393986,0.7355588003074836,0.6023296423134324,0.47967220778317826,0.5227256406910001,0.6154724908649374,0.4692593508055675,0.40249792164449716,0.45185297271195396,0.7299199263005803,0.5381771968745379,0.7138524080110051,0.42676157492886313,0.8611474311122403,0.5297954408445212,0.6075112948959991,0.49690242817774233,0.4062048564440767,0.4553225105908914,0.4932405367775552,0.4901483103303058,0.43460973462437696,0.46238611734762286,0.637670763652682,0.4775320335493498,0.5323704073526861,0.5,0.4833643512975372,0.49527366983173526,0.5123500596458921,0.4879240020312687,0.4789717332350232,0.7127477280595552,0.9062048564440768,0.4838785262301354,0.5343811262556701,0.6196656794042072,0.5215609919734554,0.49398636692814285,0.43113621323027956,0.6799069649304385,0.7147002674849727,0.6998037167515766,0.5415129930758258,0.58763787767117,0.5086785074287047,0.49028751047130575,0.5343811262556701,0.4985623268920847,0.7679292076601697,0.6347000496661185,0.5120426151358644,0.5550960480436863,0.6478428982176235,0.5016297581582536,0.4348683289971833,0.4842233800646401,0.7622903336532665,0.5705476042272241,0.7462228153636913,0.44339722363132594,0.8777830798147032,0.546431089546984,0.6241469435984619,0.42284050514653954,0.4719581592933542,0.509876185480018,0.5067839590327686,0.4512453833268398,0.4790217660500857,0.6543064123551449,0.4941676822518126,0.549006056055149,0.5166356487024628,0.5119093185341981,0.5289857083483549,0.495607381937486,0.729383376762018,0.9228405051465396,0.6363013281066701,0.5381966406759182,0.5106220156306056,0.4477718619327424,0.6965426136329013,0.7313359161874355,0.7164393654540394,0.5581486417782886,0.6042735263736329,0.5253141561311675,0.5069231591737686,0.551016774958133,0.5151979755945475,0.7845648563626325,0.6513356983685813,0.5717316967461491,0.6644785469200863,0.5182654068607164,0.4515039776996461,0.7789259823557293,0.5871832529296869,0.7628584640661541,0.43148790509712787,0.865873761280505,0.534521771012786,0.6122376250642638,0.5016287583460071,0.41093118661234146,0.46004884075915614,0.49796686694581993,0.49487464049857055,0.4393360647926417,0.46711244751588754,0.6423970938209468,0.4822583637176145,0.5370967375209509,0.5047263301682647,0.4880906814658019,0.5,0.5170763898141568,0.49265033219953336,0.4836980634032879,0.7174740582278198,0.9109311866123415,0.4886048563984001,0.5391074564239349,0.624392009572472,0.5262873221417201,0.4987126970964076,0.4358625433985443,0.6846332950987032,0.7194265976532375,0.7045300469198413,0.5462393232440905,0.5923642078394348,0.5134048375969694,0.4950138406395705,0.5391074564239349,0.5032886570603494,0.7726555378284344,0.6394263798343832,0.5167689453041291,0.559822378211951,0.6525692283858882,0.5063560883265183,0.43959465916544804,0.48894971023290484,0.7670166638215311,0.5752739343954888,0.750949145531956,0.414411515282971,0.8487973714663481,0.5174453811986292,0.595161235250107,0.4845523685318502,0.39385479679818464,0.44297245094499926,0.48089047713166305,0.4777982506844137,0.4222596749784848,0.4500360577017307,0.62532070400679,0.46518197390345767,0.520020347706794,0.48764994035410786,0.47101429165164505,0.4829236101858431,0.5,0.47557394238537654,0.46662167358913104,0.700397668413663,0.8938547967981846,0.47152846658424324,0.522031066609778,0.607315619758315,0.5092109323275633,0.4816363072822507,0.4187861535843874,0.6675569052845463,0.7023502078390806,0.6874536571056845,0.5291629334299337,0.575287818025278,0.4963284477828126,0.47793745082541367,0.522031066609778,0.4862122672461926,0.7555791480142776,0.6223499900202264,0.49969255548997227,0.5427459883977941,0.6354928385717313,0.4892796985123615,0.42251826935129116,0.47187332041874797,0.7499402740073743,0.5581975445813319,0.7338727557177992,0.4388375728975945,0.8732234290809716,0.5418714388132526,0.6195872928647305,0.4182808544128081,0.4673985085596227,0.5053165347462866,0.5022243082990372,0.44668573259310834,0.4744621153163542,0.6497467616214134,0.48960803151808113,0.5444464053214174,0.5120759979687314,0.5073496678004666,0.5244260576146235,0.4910477312037545,0.7248237260282865,0.918280854412808,0.6317416773729385,0.5336369899421868,0.5060623648968742,0.4432122111990109,0.6919829628991698,0.7267762654537041,0.711879714720308,0.5535889910445572,0.5997138756399014,0.5207545053974361,0.5023635084400371,0.5464571242244015,0.5106383248608161,0.7800052056289011,0.6467760476348499,0.5671720460124176,0.6599188961863548,0.513705756126985,0.44694432696591463,0.7743663316219977,0.5826236021959554,0.7582988133324227,0.44778984169383995,0.8821756978772172,0.5508237076094981,0.6285395616609759,0.5179306949427191,0.4272331232090536,0.4763507773558682,0.514268803542532,0.5111765770952826,0.4556380013893538,0.4834143841125997,0.6586990304176589,0.49856030031432663,0.553398674117663,0.5210282667649768,0.504392618062514,0.5163019365967121,0.533378326410869,0.5089522687962454,0.5,0.733775994824532,0.9272331232090536,0.5049067929951122,0.555409393020647,0.6406939461691841,0.5425892587384322,0.5150146336931196,0.4521644799952564,0.7009352316954153,0.7357285342499496,0.7208319835165534,0.5625412598408027,0.6086661444361469,0.5297067741936815,0.5113157772362826,0.555409393020647,0.5195905936570615,0.7889574744251465,0.6557283164310953,0.5330708819008412,0.5761243148086631,0.6688711649826004,0.5226580249232304,0.45589659576216013,0.505251646829617,0.7833186004182433,0.5915758709922009,0.7672510821286681,0.21401384686930797,0.6483997030526851,0.3170477127849661,0.3947635668364439,0.28415470011818716,0.1934571283845216,0.2425747825313362,0.28049280871800003,0.27740058227075065,0.2218620065648218,0.24963838928806767,0.42492303559312694,0.2647843054897946,0.31962267929313093,0.28725227194044484,0.270616623237982,0.2825259417721801,0.299602331586337,0.27517627397171346,0.266224005175468,0.5,0.6934571283845216,0.2711307981705802,0.321633398196115,0.40691795134465203,0.30881326391390024,0.2812386388685877,0.21838848517072437,0.4671592368708833,0.5019525394254176,0.48705598869202144,0.3287652650162707,0.37489014961161493,0.2959307793691495,0.2775397824117506,0.321633398196115,0.2858145988325295,0.5551814796006146,0.4219523216065634,0.2992948870763092,0.34234831998413107,0.4350951701580683,0.2888820300986985,0.22212060093762812,0.27147565200508494,0.5495426055937113,0.3577998761676689,0.5334750873041362,0.020556718484786397,0.45494257466816357,0.12359058440044449,0.20130643845192234,0.09069757173366559,0.0,0.049117654146814654,0.08703568033347844,0.08394345388622908,0.02840487818030023,0.05618126090354609,0.23146590720860535,0.07132717710527305,0.12616555090860937,0.09379514355592325,0.07715949485346044,0.08906881338765853,0.10614520320181539,0.08171914558719191,0.07276687679094643,0.30654287161547844,0.5,0.07767366978605865,0.1281762698115934,0.21346082296013047,0.11535613552937869,0.0877815104840661,0.024931356786202803,0.2737021084863617,0.308495411040896,0.2935988603074999,0.1353081366317491,0.18143302122709334,0.10247365098462798,0.08408265402722903,0.1281762698115934,0.09235747044800796,0.361724351216093,0.2284951932220418,0.10583775869178765,0.1488911915996095,0.24163804177354672,0.0954249017141769,0.028663472553106556,0.07801852362056336,0.3560854772091897,0.1643427477831473,0.34001795891961456,0.44288304869872774,0.8772689048821048,0.5459169146143859,0.6236327686658637,0.42232633021394134,0.471443984360756,0.5093620105474198,0.5062697841001704,0.4507312083942416,0.4785075911174874,0.6537922374225467,0.49365350731921437,0.5484918811225508,0.5161214737698646,0.5113951436015999,0.5284715334157567,0.4950932070048878,0.7288692018294197,0.9223263302139414,0.6357871531740719,0.53768246574332,0.5101078406980074,0.4472576870001441,0.6960284387003031,0.7308217412548373,0.7159251905214412,0.5576344668456904,0.6037593514410347,0.5247999811985693,0.5064089842411704,0.5505026000255347,0.5146838006619493,0.7840506814300343,0.6508215234359831,0.5712175218135508,0.663964371987488,0.5177512319281182,0.4509898027670479,0.778411807423131,0.5866690779970887,0.7623442891335559,0.392380448673193,0.8267663048565701,0.49541431458885105,0.573130168640329,0.3718237301884066,0.4209413843352212,0.458859410521885,0.4557671840746357,0.40022860836870683,0.42800499109195267,0.6032896373970119,0.4431509072936796,0.49798928109701596,0.4656188737443298,0.46089254357606513,0.47796893339022195,0.444590606979353,0.678366601803885,0.8718237301884065,0.585284553148537,0.48717986571778527,0.45960524067247266,0.39675508697460937,0.6455258386747683,0.6803191412293026,0.6654225904959065,0.5071318668201557,0.5532567514154999,0.47429738117303455,0.4559063842156356,0.5,0.46418120063641455,0.7335480814044996,0.6003189234104483,0.520714921788016,0.6134617719619533,0.4672486319025835,0.4004872027415131,0.7279092073975962,0.5361664779715539,0.7118416891080211,0.30709589552465594,0.7414817517080331,0.410129761440314,0.4878456154917919,0.37723674877353514,0.28653917703986953,0.33565683118668416,0.37357485737334795,0.3704826309260986,0.31494405522016977,0.3427204379434156,0.5180050842484749,0.35786635414514256,0.4127047279484789,0.38033432059579275,0.36369867189333,0.37560799042752807,0.3926843802416849,0.36825832262706143,0.35930605383081593,0.593082048655348,0.7865391770398695,0.3642128468259282,0.41471544685146294,0.5,0.4018953125692482,0.3743206875239356,0.3114705338260723,0.5602412855262312,0.5950345880807656,0.5801380373473695,0.4218473136716186,0.46797219826696285,0.3890128280244975,0.37062183106709856,0.41471544685146294,0.3788966474878775,0.6482635282559625,0.5150343702619113,0.39237693573165716,0.43543036863947904,0.5281772188134163,0.3819640787540464,0.31520264959297606,0.36455770066043286,0.6426246542490592,0.4508819248230168,0.626557135959484,0.40520058295540773,0.8395864391387848,0.5082344488710658,0.5859503029225437,0.4753414362042869,0.3846438644706213,0.43376151861743595,0.47167954480409974,0.4685873183568504,0.41304874265092156,0.4408251253741674,0.6161097716792266,0.45597104157589435,0.5108094153792306,0.47843900802654454,0.46180335932408173,0.47371267785827986,0.4907890676724367,0.4663630100578132,0.4574107412615677,0.6911867360860997,0.8846438644706213,0.46231753425668,0.5128201342822147,0.5981046874307517,0.5,0.4724253749546874,0.4095752212568241,0.658345972956983,0.6931392755115173,0.6782427247781212,0.5199520011023704,0.5660768856977146,0.4871175154552493,0.46872651849785035,0.5128201342822147,0.4770013349186293,0.7463682156867143,0.6131390576926631,0.49048162316240895,0.5335350560702308,0.626281906244168,0.4800687661847982,0.41330733702372785,0.46266238809118465,0.740729341679811,0.5489866122537687,0.7246618233902359,0.4327752080007203,0.8671610641840974,0.5358090739163784,0.6135249279678563,0.5029160612495995,0.41221848951593393,0.46133614366274855,0.49925416984941234,0.49616194340216296,0.4406233676962341,0.46839975041948,0.6436843967245393,0.48354566662120696,0.5383840404245432,0.5060136330718572,0.48937798436939434,0.5012873029035925,0.5183636927177493,0.4939376351031258,0.48498536630688033,0.7187613611314123,0.9122184895159339,0.48989215930199254,0.5403947593275273,0.6256793124760643,0.5275746250453126,0.5,0.4371498463021367,0.6859205980022955,0.7207139005568299,0.7058173498234338,0.547526626147683,0.5936515107430272,0.5146921405005619,0.49630114354316296,0.5403947593275273,0.5045759599639419,0.7739428407320269,0.6407136827379757,0.5611096811155434,0.6538565312894806,0.5076433912301108,0.44088196206904046,0.49023701313649726,0.7683039667251236,0.5765612372990813,0.7522364484355485,0.4956253616985836,0.9300112178819606,0.5986592276142417,0.6763750816657196,0.5657662149474628,0.4750686432137972,0.5241862973606118,0.5621043235472757,0.5590120971000263,0.5034735213940974,0.5312499041173433,0.7065345504224025,0.5463958203190702,0.6012341941224065,0.5688637867697205,0.5522281380672577,0.5641374566014558,0.5812138464156126,0.5567877888009891,0.5478355200047437,0.7816115148292756,0.975068643213797,0.5527423129998559,0.6032449130253906,0.6885294661739276,0.5904247787431759,0.5628501536978633,0.5,0.7487707517001588,0.7835640542546932,0.7686675035212971,0.6103767798455463,0.6565016644408905,0.5775422941984252,0.5591512972410262,0.6032449130253906,0.5674261136618052,0.8367929944298902,0.703563836435839,0.6239598348134067,0.7167066849873439,0.5704935449279741,0.5037321157669038,0.5530871668343605,0.8311541204229869,0.6394113909969446,0.8150866021334118,0.2468546099984247,0.6812404661818019,0.3498884759140828,0.42760432996556064,0.31699546324730393,0.2262978915136383,0.27541554566045295,0.31333357184711674,0.3102413453998674,0.25470276969393857,0.2824791524171844,0.45776379872224365,0.29762506861891136,0.3524634424222477,0.32009303506956155,0.30345738636709874,0.31536670490129687,0.3324430947154537,0.3080170371008302,0.2990647683045847,0.5328407631291168,0.7262978915136383,0.303971561299697,0.35447416132523174,0.4397587144737688,0.341654027043017,0.3140794019977044,0.2512292482998411,0.5,0.5347933025545344,0.5198967518211381,0.3616060281453874,0.40773091274073164,0.3287715424982663,0.31038054554086736,0.35447416132523174,0.3186553619616463,0.5880222427297312,0.4547930847356801,0.33213565020542596,0.37518908311324783,0.467935933287185,0.3217227932278152,0.25496136406674486,0.30431641513420166,0.582383368722828,0.3906406392967856,0.5663158504332528,0.21206130744389037,0.6464471636272675,0.31509517335954845,0.3928110274110263,0.28220216069276954,0.19150458895910397,0.24062224310591862,0.2785402692925824,0.2754480428453331,0.2199094671394042,0.24768584986265008,0.4229704961677093,0.262831766064377,0.31767013986771336,0.2852997325150272,0.2686640838125644,0.2805734023467625,0.29764979216091936,0.2732237345462959,0.2642714657500504,0.4980474605745824,0.6915045889591039,0.26917825874516266,0.3196808587706974,0.40496541191923446,0.3068607244884827,0.27928609944317007,0.21643594574530678,0.46520669744546567,0.5,0.48510344926660387,0.32681272559085306,0.3729376101861973,0.29397823994373196,0.275587242986333,0.3196808587706974,0.28386205940711196,0.553228940175197,0.41999978218114575,0.2973423476508916,0.34039578055871345,0.4331426307326507,0.2869294906732809,0.22016806151221052,0.2695231125796673,0.5475900661682936,0.3558473367422513,0.5315225478787186,0.2269578581772865,0.6613437143606636,0.3299917240929446,0.4077075781444225,0.29709871142616573,0.20640113969250012,0.25551879383931475,0.29343682002597854,0.2903445935787292,0.23480601787280034,0.2625824005960462,0.43786704690110545,0.27772831679777316,0.3325666906011095,0.30019628324842335,0.28356063454596053,0.29546995308015866,0.3125463428943155,0.288120285279692,0.2791680164834465,0.5129440113079785,0.7064011396925001,0.2840748094785588,0.33457740950409354,0.4198619626526306,0.3217572752218788,0.2941826501765662,0.2313324964787029,0.4801032481788618,0.5148965507333961,0.5,0.3417092763242492,0.38783416091959344,0.3088747906771281,0.29048379371972916,0.33457740950409354,0.2987586101405081,0.5681254909085931,0.4348963329145419,0.31223889838428776,0.35529233129210963,0.4480391814660468,0.301826041406677,0.23506461224560668,0.28441966331306345,0.5624866169016898,0.3707438874756474,0.5464190986121147,0.3852485818530373,0.8196344380364144,0.4882824477686954,0.5659983018201733,0.4553894351019165,0.3646918633682509,0.41380951751506556,0.45172754370172935,0.44863531725447997,0.3930967415485511,0.420873124271797,0.5961577705768563,0.43601904047352397,0.4908574142768603,0.45848700692417416,0.44185135822171134,0.4537606767559094,0.4708370665700663,0.44641100895544283,0.43745874015919733,0.6712347349837293,0.8646918633682509,0.44236553315430954,0.49286813317984435,0.5781526863283813,0.4800479988976296,0.452473373852317,0.3896232201544537,0.6383939718546126,0.6731872744091469,0.6582907236757508,0.5,0.5461248845953443,0.4671655143528789,0.4487745173954799,0.49286813317984435,0.45704933381625884,0.7264162145843439,0.5931870565902927,0.47052962206003857,0.5135830549678604,0.6063299051417976,0.4601167650824278,0.39335533592135746,0.44271038698881426,0.7207773405774406,0.5290346111513982,0.7047098222878655,0.3391236972576931,0.7735095534410702,0.44215756317335114,0.519873417224829,0.40926455050657223,0.3185669787729067,0.3676846329197213,0.4056026591063851,0.4025104326591358,0.3469718569532069,0.37474823967645277,0.550032885981512,0.3898941558781797,0.44473252968151605,0.4123621223288299,0.3957264736263671,0.40763579216056517,0.42471218197472205,0.4002861243600986,0.3913338555638531,0.6251098503883851,0.8185669787729066,0.39624064855896535,0.4467432485845001,0.5320278017330371,0.43392311430228536,0.40634848925697276,0.34349833555910947,0.5922690872592683,0.6270623898138027,0.6121658390804066,0.45387511540465575,0.5,0.42104062975753465,0.4026496328001357,0.4467432485845001,0.41092444922091464,0.6802913299889997,0.5470621719949484,0.4244047374646943,0.46745817037251614,0.5602050205464534,0.4139918804870836,0.3472304513260132,0.39658550239347,0.6746524559820963,0.48290972655605396,0.6585849376925212,0.41808306750015845,0.8524689236835356,0.5211169334158166,0.5988327874672944,0.48822392074903764,0.39752634901537204,0.44664400316218666,0.48456202934885045,0.48146980290160113,0.4259312271956723,0.4537076099189181,0.6289922562239774,0.46885352612064507,0.5236918999239814,0.49132149257129526,0.47468584386883245,0.4865951624030306,0.5036715522171874,0.47924549460256394,0.47029322580631844,0.7040692206308504,0.897526349015372,0.4752000188014307,0.5257026188269655,0.6109871719755025,0.5128824845447507,0.4853078594994381,0.4224577058015748,0.6712284575017338,0.706021760056268,0.6911252093228719,0.5328344856471211,0.5789593702424654,0.5,0.48160900304260107,0.5257026188269655,0.48988381946338,0.759250700231465,0.6260215422374138,0.5464175406149815,0.6391643907889187,0.49295125072954893,0.42618982156847857,0.47554487263593537,0.7536118262245617,0.5618690967985194,0.7375443079349866,0.4364740644575574,0.8708599206409345,0.5395079303732154,0.6172237844246933,0.5066149177064365,0.41591734597277097,0.46503500011958565,0.5029530263062494,0.49986079985900006,0.4443222241530712,0.47209860687631705,0.6473832531813764,0.487244523078044,0.5420828968813803,0.5097124895286942,0.49307684082623143,0.5049861593604295,0.5220625491745864,0.49763649155996287,0.48868422276371737,0.7224602175882494,0.915917345972771,0.49359101575882963,0.5440936157843644,0.6293781689329014,0.5312734815021497,0.5036988564568371,0.44084870275897375,0.6896194544591326,0.724412757013667,0.7095162062802709,0.5512254826045201,0.5973503671998643,0.518390996957399,0.5,0.5440936157843644,0.508274816420779,0.777641697188864,0.6444125391948128,0.5217551046645587,0.5648085375723805,0.6575553877463177,0.5113422476869479,0.44458081852587755,0.49393586959333435,0.7720028231819607,0.5802600937559182,0.7559353048923856,0.392380448673193,0.8267663048565701,0.49541431458885105,0.573130168640329,0.4625213019220722,0.3718237301884066,0.4209413843352212,0.458859410521885,0.4557671840746357,0.40022860836870683,0.42800499109195267,0.6032896373970119,0.4431509072936796,0.49798928109701596,0.4656188737443298,0.448983225041867,0.46089254357606513,0.47796893339022195,0.4535428757755985,0.444590606979353,0.678366601803885,0.8718237301884065,0.44949739997446525,0.5,0.585284553148537,0.48717986571778527,0.45960524067247266,0.39675508697460937,0.6455258386747683,0.6803191412293026,0.6654225904959065,0.5071318668201557,0.5532567514154999,0.47429738117303455,0.4559063842156356,0.5,0.46418120063641455,0.7335480814044996,0.6003189234104483,0.4776614888801942,0.520714921788016,0.6134617719619533,0.4672486319025835,0.4004872027415131,0.4498422538089699,0.7279092073975962,0.5361664779715539,0.7118416891080211,0.42819924803677845,0.8625851042201556,0.5312331139524366,0.6089489680039144,0.49834010128565764,0.40764252955199204,0.45676018369880667,0.49467820988547045,0.49158598343822113,0.4360474077322923,0.4638237904555381,0.6391084367605974,0.47896970665726507,0.5338080804606015,0.5014376731079153,0.4848020244054525,0.4967113429396506,0.5137877327538074,0.48936167513918394,0.48040940634293844,0.7141854011674704,0.9076425295519921,0.4853161993380507,0.5358187993635855,0.6211033525121226,0.5229986650813707,0.4954240400360581,0.4325738863381948,0.6813446380383538,0.716137940592888,0.7012413898594919,0.5429506661837411,0.5890755507790854,0.51011618053662,0.49172518357922107,0.5358187993635855,0.5,0.769366880768085,0.6361377227740338,0.5134802882437797,0.5565337211516015,0.6492805713255387,0.5030674312661689,0.43630600210509857,0.48566105317255537,0.7637280067611817,0.5719852773351394,0.7476604884716066,0.15883236726869343,0.5932182234520705,0.26186623318435154,0.3395820872358294,0.22897322051757263,0.13827564878390702,0.18739330293072168,0.22531132911738547,0.22221910267013611,0.16668052696420727,0.1944569096874531,0.36974155599251235,0.20960282588918006,0.2644411996925164,0.23207079233983027,0.21543514363736746,0.22734446217156556,0.24442085198572241,0.21999479437109892,0.21104252557485345,0.44481852039938546,0.6382756487839071,0.2159493185699657,0.26645191859550044,0.3517364717440375,0.2536317843132857,0.22605715926797312,0.16320700557010984,0.4119777572702687,0.44677105982480303,0.4318745090914069,0.27358378541565614,0.31970867001100034,0.24074929976853499,0.22235830281113605,0.26645191859550044,0.23063311923191498,0.5,0.3667708420059488,0.24411340747569465,0.28716684038351653,0.3799136905574538,0.23370055049808394,0.16693912133701358,0.21629417240447038,0.49436112599309673,0.3026183965670543,0.4782936077035216,0.29206152526274465,0.7264473814461218,0.3950953911784027,0.47281124522988055,0.3622023785116238,0.27150480677795824,0.32062246092477287,0.35854048711143666,0.35544826066418733,0.2999096849582585,0.3276860676815043,0.5029707139865636,0.3428319838832313,0.3976703576865676,0.36529995033388146,0.34866430163141865,0.3605736201656167,0.3776500099797736,0.35322395236515014,0.34427168356890464,0.5780476783934366,0.7715048067779582,0.3491784765640169,0.39968107658955165,0.4849656297380887,0.3868609423073369,0.3592863172620243,0.296436163564161,0.5452069152643199,0.5800002178188542,0.5651036670854581,0.4068129434097073,0.45293782800505156,0.3739784577625862,0.35558746080518727,0.39968107658955165,0.3638622772259662,0.6332291579940512,0.5,0.37734256546974587,0.4203959983775677,0.5131428485515049,0.36692970849213513,0.30016827933106477,0.34952333039852157,0.6275902839871479,0.4358475545611055,0.6115227656975728,0.4147189597929988,0.8491048159763759,0.5177528257086569,0.5954686797601347,0.4811979216416908,0.45034350221175845,0.6256281485168177,0.4654894184134854,0.5203277922168217,0.4879573848641356,0.4832310546958709,0.5003074445100277,0.46692911809915877,0.7007051129236908,0.8941622413082123,0.6076230642683428,0.509518376837591,0.6678643497945741,0.7026576523491084,0.6877611016157122,0.5294703779399614,0.5755952625353057,0.4782448953354414,0.5223385111198058,0.48651971175622033,0.7558865925243053,0.6226574345302541,0.5430534329078218,0.6358002830817591,0.48958714302238926,0.750247718517402,0.5585049890913597,0.3716655268851769,0.8060513830685541,0.474699392800835,0.5524152468523128,0.4418063801340561,0.3511088084003905,0.4002264625472052,0.43814448873386896,0.4350522622866196,0.37951368658069073,0.4072900693039366,0.5825747156089959,0.4224359855056635,0.47727435930899986,0.44490395195631377,0.42826830325385096,0.44017762178804903,0.4572540116022059,0.4328279539875824,0.42387568519133695,0.6576516800158689,0.8511088084003905,0.42878247818644916,0.4792850782119839,0.564569631360521,0.46646494392976917,0.4388903188844566,0.37604016518659333,0.6248109168867522,0.6596042194412866,0.6447076687078904,0.4864169450321396,0.5325418296274839,0.45358245938501845,0.4351914624276195,0.4792850782119839,0.44346627884839845,0.7128331596164835,0.5796040016224323,0.4569465670921781,0.5,0.5927468501739372,0.44653371011456744,0.3797722809534971,0.4291273320209539,0.7071942856095802,0.5154515561835378,0.6911267673200051,0.27891867671123965,0.7133045328946168,0.38195254262689776,0.4596683966783756,0.34905952996011885,0.25836195822645325,0.30747961237326793,0.3453976385599317,0.34230541211268234,0.2867668364067535,0.31454321912999933,0.48982786543505863,0.32968913533172634,0.3845275091350626,0.3521571017823765,0.3355214530799137,0.3474307716141118,0.36450716142826867,0.34008110381364515,0.3311288350173997,0.5649048298419317,0.7583619582264532,0.3360356280125119,0.38653822803804666,0.4718227811865837,0.373718093755832,0.3461434687105194,0.2832933150126561,0.5320640667128149,0.5668573692673493,0.5519608185339532,0.39367009485820237,0.4397949794535466,0.3608356092110812,0.3424446122536823,0.38653822803804666,0.3507194286744612,0.6200863094425463,0.48685715144849506,0.3641997169182409,0.40725314982606275,0.5,0.3537868599406302,0.28702543077955983,0.33638048184701663,0.614447435435643,0.4227047060096006,0.5983799171460679,0.42513181677060946,0.8595176729539866,0.5281656826862676,0.6058815367377455,0.49527267001948866,0.4045750982858231,0.45369275243263774,0.4916107786193015,0.48851855217205215,0.4329799764661233,0.4607563591893692,0.6360410054944284,0.47590227539109614,0.5307406491944324,0.49837024184174633,0.4817345931392835,0.4936439116734816,0.5107203014876385,0.486294243873015,0.4773419750767695,0.7111179699013015,0.904575098285823,0.4822487680718817,0.5327513680974165,0.6180359212459535,0.5199312338152018,0.4923566087698892,0.4295064550720259,0.6782772067721847,0.7130705093267191,0.698173958593323,0.5398832349175722,0.5860081195129164,0.5070487492704511,0.48865775231305214,0.5327513680974165,0.49693256873383107,0.7662994495019161,0.6330702915078649,0.5104128569776107,0.5534662898854326,0.6462131400593698,0.5,0.43323857083892964,0.48259362190638644,0.7606605754950128,0.5689178460689704,0.7445930572054377,0.4918932459316798,0.926279102115057,0.5949271118473379,0.6726429658988158,0.562034099180559,0.47133652744689347,0.5204541815937082,0.5583722077803719,0.5552799813331225,0.49974140562719366,0.5275177883504395,0.7028024346554987,0.5426637045521665,0.5975020783555028,0.5651316710028167,0.5484960223003539,0.560405340834552,0.5774817306487088,0.5530556730340853,0.5441034042378399,0.7778793990623719,0.9713365274468935,0.5490101972329521,0.5995127972584868,0.6847973504070239,0.5866926629762721,0.5591180379309595,0.49626788423309626,0.7450386359332551,0.7798319384877894,0.7649353877543933,0.6066446640786426,0.6527695486739867,0.5738101784315214,0.5554191814741225,0.5995127972584868,0.5636939978949014,0.8330608786629864,0.6998317206689352,0.620227719046503,0.7129745692204402,0.5667614291610703,0.5,0.5493550510674569,0.8274220046560832,0.6356792752300408,0.811354486366508,0.442538194864223,0.8769240510476002,0.5455720607798812,0.623287914831359,0.42198147637943667,0.4710991305262513,0.509017156712915,0.5059249302656658,0.45038635455973686,0.47816273728298275,0.653447383588042,0.4933086534847097,0.548147027288046,0.51577661993536,0.5110502897670952,0.528126679581252,0.49474835317038307,0.7285243479949151,0.9219814763794366,0.6354422993395671,0.5373376119088153,0.5097629868635027,0.44691283316563946,0.6956835848657983,0.7304768874203327,0.7155803366869365,0.5572896130111857,0.60341449760653,0.5244551273640646,0.5060641304066656,0.5501577461910301,0.5143389468274446,0.7837058275955296,0.6504766696014784,0.5708726679790461,0.6636195181529834,0.5174063780936136,0.4506449489325432,0.7780669535886263,0.5863242241625839,0.7619994352990512,0.1644712412755967,0.5988570974589739,0.2675051071912548,0.34522096124273266,0.2346120945244759,0.14391452279081032,0.19303217693762498,0.23095020312428877,0.2278579766770394,0.17231940097111054,0.2000957836943564,0.3753804299994157,0.21524169989608335,0.27008007369941966,0.23770966634673357,0.22107401764427076,0.23298333617846884,0.2500597259926257,0.22563366837800222,0.21668139958175672,0.45045739440628874,0.6439145227908103,0.22158819257686896,0.2720907926024037,0.35737534575094076,0.25927065832018903,0.2316960332748764,0.1688458795770131,0.417616631277172,0.45240993383170636,0.4375133830983102,0.2792226594225594,0.32534754401790367,0.24638817377543829,0.22799717681803935,0.2720907926024037,0.23627199323881828,0.5056388740069033,0.3724097160128521,0.24975228148259795,0.2928057143904198,0.38555256456435705,0.2393394245049872,0.17257799534391688,0.22193304641137368,0.5,0.30825727057395763,0.48393248171042486,0.35621397070163907,0.7905998268850163,0.4592478366172972,0.536963690668775,0.42635482395051827,0.3356572522168527,0.38477490636366735,0.42269293255033114,0.41960070610308176,0.3640621303971529,0.3918385131203988,0.567123159425458,0.40698442932212575,0.4618228031254621,0.42945239577277594,0.41281674707031313,0.4247260656045112,0.4418024554186681,0.4173763978040446,0.4084241290077991,0.6422001238323312,0.8356572522168527,0.4133309220029113,0.46383352202844613,0.5491180751769832,0.4510133877462314,0.4234387627009188,0.3605886090030555,0.6093593607032144,0.6441526632577487,0.6292561125243525,0.4709653888486018,0.517090273443946,0.4381309032014807,0.41973990624408175,0.46383352202844613,0.4280147226648607,0.6973816034329456,0.5641524454388944,0.44149501090864035,0.48454844381646217,0.5772952939903995,0.4310821539310296,0.36432072476995925,0.41367577583741605,0.6917427294260424,0.5,0.6756752111364672,0.18053875956517185,0.614924615748549,0.28357262548082995,0.3612884795323078,0.25067961281405104,0.15998204108038544,0.2090996952272001,0.24701772141386388,0.24392549496661453,0.18838691926068568,0.21616330198393152,0.39144794828899077,0.23130921818565847,0.2861475919889948,0.2537771846363087,0.23714153593384588,0.24905085446804398,0.2661272442822008,0.24170118666757734,0.23274891787133187,0.4665249126958639,0.6599820410803854,0.2376557108664441,0.28815831089197885,0.3734428640405159,0.2753381766097641,0.24776355156445154,0.18491339786658825,0.4336841495667471,0.46847745212128145,0.4535809013878853,0.2952901777121345,0.34141506230747876,0.2624556920650134,0.24406469510761447,0.28815831089197885,0.2523395115283934,0.5217063922964784,0.3884772343024272,0.30887323267999495,0.4016200828539322,0.25540694279456233,0.188645513633492,0.2380005647009488,0.5160675182895751,0.3243247888635327,0.5
